  -1
3.025550e+01  9.629227e-01
3.074490e+01  9.166353e-01
3.124210e+01  8.690453e-01
3.174750e+01  8.226238e-01
3.226090e+01  7.686604e-01
3.278270e+01  7.075581e-01
3.331300e+01  6.466250e-01
3.385180e+01  5.877197e-01
3.439930e+01  5.353571e-01
3.495570e+01  4.892385e-01
3.552110e+01  4.473274e-01
3.609560e+01  4.079022e-01
3.667940e+01  3.666546e-01
3.727270e+01  3.288543e-01
3.787550e+01  2.921862e-01
3.848820e+01  2.589423e-01
3.911070e+01  2.293120e-01
3.974320e+01  2.049472e-01
4.038610e+01  1.833607e-01
4.103930e+01  1.641504e-01
4.170310e+01  1.471824e-01
4.237760e+01  1.321501e-01
4.306300e+01  1.187388e-01
4.375950e+01  1.067656e-01
4.446730e+01  9.608705e-02
4.518650e+01  8.653746e-02
4.591740e+01  7.799131e-02
4.666000e+01  7.034729e-02
4.741470e+01  6.295709e-02
4.818160e+01  5.634298e-02
4.896090e+01  5.044088e-02
4.975280e+01  4.516965e-02
5.055760e+01  4.091949e-02
5.137530e+01  3.745613e-02
5.220620e+01  3.431364e-02
5.305060e+01  3.145167e-02
5.390870e+01  2.887914e-02
5.478060e+01  2.676183e-02
5.566670e+01  2.481394e-02
5.656700e+01  2.301804e-02
5.748200e+01  2.140187e-02
5.841170e+01  1.992352e-02
5.935640e+01  1.855309e-02
6.031650e+01  1.729151e-02
6.129210e+01  1.612451e-02
6.228340e+01  1.503800e-02
6.329080e+01  1.419775e-02
6.431450e+01  1.341269e-02
6.535470e+01  1.284212e-02
6.641180e+01  1.237764e-02
6.748590e+01  1.207493e-02
6.857750e+01  1.186026e-02
6.968670e+01  1.160368e-02
7.081380e+01  1.136151e-02
7.195910e+01  1.112653e-02
7.312300e+01  1.089173e-02
7.430570e+01  1.089763e-02
7.550760e+01  1.094130e-02
7.672890e+01  1.109296e-02
7.796990e+01  1.126928e-02
7.923100e+01  1.162937e-02
8.051250e+01  1.242327e-02
8.181470e+01  1.466202e-02
8.313800e+01  2.161581e-02
8.448270e+01  3.310732e-02
8.584910e+01  7.602375e-02
8.723770e+01  1.206388e-01
8.864870e+01  1.343492e-01
9.008250e+01  1.408917e-01
9.153950e+01  1.470849e-01
9.302010e+01  1.499359e-01
9.452460e+01  1.524279e-01
9.605350e+01  1.548328e-01
9.760710e+01  1.559436e-01
9.918580e+01  1.550506e-01
1.007900e+02  1.539618e-01
1.024200e+02  1.524379e-01
1.040770e+02  1.491231e-01
1.057600e+02  1.456663e-01
1.074710e+02  1.418058e-01
1.092090e+02  1.371318e-01
1.109750e+02  1.325345e-01
1.127700e+02  1.282720e-01
1.145940e+02  1.200135e-01
1.164480e+02  1.118630e-01
1.183310e+02  1.041210e-01
1.202450e+02  9.594778e-02
1.221900e+02  8.800500e-02
1.241660e+02  8.062154e-02
1.261750e+02  7.379848e-02
1.282150e+02  6.751568e-02
1.302890e+02  6.173988e-02
1.323970e+02  5.643974e-02
1.345380e+02  5.158305e-02
1.367140e+02  4.713631e-02
1.389250e+02  4.306808e-02
1.411720e+02  3.934796e-02
1.434560e+02  3.594780e-02
1.457760e+02  3.284182e-02
1.481340e+02  3.000469e-02
1.505300e+02  2.741395e-02
1.529640e+02  2.504910e-02
1.554390e+02  2.289008e-02
1.579530e+02  2.092183e-02
1.605070e+02  1.882575e-02
1.631030e+02  1.690844e-02
1.657420e+02  1.518548e-02
1.684220e+02  1.363879e-02
1.711460e+02  1.225028e-02
1.739150e+02  1.100375e-02
1.767270e+02  9.885088e-03
1.795860e+02  8.880701e-03
1.824910e+02  7.979094e-03
1.854420e+02  7.169677e-03
1.884420e+02  6.442741e-03
1.914890e+02  5.789796e-03
1.945870e+02  5.319000e-03
1.977340e+02  4.887700e-03
2.009320e+02  4.491915e-03
2.041820e+02  4.128575e-03
2.074850e+02  3.794938e-03
2.108400e+02  3.488559e-03
2.142510e+02  3.217155e-03
2.177160e+02  2.991695e-03
2.212370e+02  2.782282e-03
2.248160e+02  2.587672e-03
2.284520e+02  2.406816e-03
2.321470e+02  2.253756e-03
2.359020e+02  2.112525e-03
2.397170e+02  1.980254e-03
2.435950e+02  1.865648e-03
2.475350e+02  1.783888e-03
2.515380e+02  1.705834e-03
2.556070e+02  1.631244e-03
2.597410e+02  1.559975e-03
2.639420e+02  1.508180e-03
2.682110e+02  1.465837e-03
2.725490e+02  1.424742e-03
2.769570e+02  1.384837e-03
2.814370e+02  1.358283e-03
2.859890e+02  1.333962e-03
2.906150e+02  1.310114e-03
2.953150e+02  1.286713e-03
3.000920e+02  1.278357e-03
3.049450e+02  1.271767e-03
3.098780e+02  1.265222e-03
3.148900e+02  1.258740e-03
3.199830e+02  1.252300e-03
3.251580e+02  1.245874e-03
3.304180e+02  1.274540e-03
3.357620e+02  1.323832e-03
3.411920e+02  1.393024e-03
3.467110e+02  1.494533e-03
3.523190e+02  1.603487e-03
3.580170e+02  1.743201e-03
3.638080e+02  1.895990e-03
3.696920e+02  2.055693e-03
3.756720e+02  2.222846e-03
3.817480e+02  2.408052e-03
3.879220e+02  2.619870e-03
3.941970e+02  2.850480e-03
4.005730e+02  3.078391e-03
4.070520e+02  3.313175e-03
4.136350e+02  3.555250e-03
4.203260e+02  3.767003e-03
4.271240e+02  3.894178e-03
4.340320e+02  4.025613e-03
4.410520e+02  4.131271e-03
4.481860e+02  4.173523e-03
4.554350e+02  4.216123e-03
4.628020e+02  4.259200e-03
4.702870e+02  4.282166e-03
4.778940e+02  4.267872e-03
4.856230e+02  4.253540e-03
4.934780e+02  4.239235e-03
5.014590e+02  4.224978e-03
5.095700e+02  4.210760e-03
5.178120e+02  4.196647e-03
5.261870e+02  4.182702e-03
5.346980e+02  4.136495e-03
5.433460e+02  4.068137e-03
5.521340e+02  4.000826e-03
5.610650e+02  3.934600e-03
5.701390e+02  3.869478e-03
5.793610e+02  3.805465e-03
5.887320e+02  3.721944e-03
5.982540e+02  3.637571e-03
6.079300e+02  3.555086e-03
6.177630e+02  3.474475e-03
6.277550e+02  3.383272e-03
6.379080e+02  3.272304e-03
6.482260e+02  3.164899e-03
6.587110e+02  3.060963e-03
6.693650e+02  2.970059e-03
6.801910e+02  2.899292e-03
6.911930e+02  2.830240e-03
7.023720e+02  2.762863e-03
7.137330e+02  2.697108e-03
7.252770e+02  2.617023e-03
7.370080e+02  2.534848e-03
7.489280e+02  2.455239e-03
7.610420e+02  2.378122e-03
7.733510e+02  2.303392e-03
7.858590e+02  2.227594e-03
7.985700e+02  2.154289e-03
8.114860e+02  2.083400e-03
8.246110e+02  2.009189e-03
8.379490e+02  1.928987e-03
8.515020e+02  1.851307e-03
8.652740e+02  1.776061e-03
8.792690e+02  1.703268e-03
8.934910e+02  1.633452e-03
9.079430e+02  1.566483e-03
9.226280e+02  1.502238e-03
9.375510e+02  1.460465e-03
9.527150e+02  1.424854e-03
9.681240e+02  1.394410e-03
9.837830e+02  1.364623e-03
9.996950e+02  1.332856e-03
1.015860e+03  1.299089e-03
1.032290e+03  1.242406e-03
1.048990e+03  1.187767e-03
1.065960e+03  1.135300e-03
1.083200e+03  1.085121e-03
1.100720e+03  1.037153e-03
1.118520e+03  9.913089e-04
1.136610e+03  9.474490e-04
1.155000e+03  9.055120e-04
1.173680e+03  8.654334e-04
1.192660e+03  8.271118e-04
1.211950e+03  7.904752e-04
1.231550e+03  7.554505e-04
1.251470e+03  7.226248e-04
1.271720e+03  6.919175e-04
1.292290e+03  6.633564e-04
1.313190e+03  6.359457e-04
1.334430e+03  6.096622e-04
1.356010e+03  5.844672e-04
1.377940e+03  5.602870e-04
1.400230e+03  5.370952e-04
1.422880e+03  5.148602e-04
1.445890e+03  4.935277e-04
1.469280e+03  4.727637e-04
1.493040e+03  4.524264e-04
1.517190e+03  4.311540e-04
1.541730e+03  4.106365e-04
1.566670e+03  3.910846e-04
1.592010e+03  3.724448e-04
1.617760e+03  3.546887e-04
1.643920e+03  3.377761e-04
1.670510e+03  3.216578e-04
1.697530e+03  3.063046e-04
1.724990e+03  2.916792e-04
1.752890e+03  2.775216e-04
1.781240e+03  2.639739e-04
1.810050e+03  2.510266e-04
1.839320e+03  2.387078e-04
1.869070e+03  2.269893e-04
1.899300e+03  2.158441e-04
1.930020e+03  2.052370e-04
1.961240e+03  1.951476e-04
1.992960e+03  1.855505e-04
2.025200e+03  1.765241e-04
2.057950e+03  1.677309e-04
2.091240e+03  1.593427e-04
2.125060e+03  1.513543e-04
2.159430e+03  1.437384e-04
2.194360e+03  1.364904e-04
2.229850e+03  1.295815e-04
2.265920e+03  1.230032e-04
2.302570e+03  1.167437e-04
2.339810e+03  1.107862e-04
2.377660e+03  1.051116e-04
2.416110e+03  9.971505e-05
2.455190e+03  9.457911e-05
2.494900e+03  8.968970e-05
2.535260e+03  8.504076e-05
2.576260e+03  8.062025e-05
2.617930e+03  7.641800e-05
2.660270e+03  7.242608e-05
2.703300e+03  6.862652e-05
2.747030e+03  6.501609e-05
2.791460e+03  6.158600e-05
2.836610e+03  5.832694e-05
2.882490e+03  5.523010e-05
2.929110e+03  5.228798e-05
2.976480e+03  4.949465e-05
3.024630e+03  4.684167e-05
3.073550e+03  4.432275e-05
3.123260e+03  4.193050e-05
3.173780e+03  3.965896e-05
3.218900e+03  3.775740e-05
3.219100e+03  9.488427e-05
3.225110e+03  9.426908e-05
3.277270e+03  8.905545e-05
3.330280e+03  8.413667e-05
3.370100e+03  8.066139e-05
3.370300e+03  1.154584e-04
3.384150e+03  1.138083e-04
3.438880e+03  1.075427e-04
3.494500e+03  1.016269e-04
3.551020e+03  9.604469e-05
3.608460e+03  9.076891e-05
3.666820e+03  8.578483e-05
3.726130e+03  8.107906e-05
3.786400e+03  7.662879e-05
3.847640e+03  7.243007e-05
3.908900e+03  6.851882e-05
3.909100e+03  7.977871e-05
3.909870e+03  7.972435e-05
3.973110e+03  7.534544e-05
4.037380e+03  7.120774e-05
4.102680e+03  6.729869e-05
4.169030e+03  6.360488e-05
4.236460e+03  6.011665e-05
4.304980e+03  5.681792e-05
4.374620e+03  5.370272e-05
4.445370e+03  5.076007e-05
4.517270e+03  4.797975e-05
4.590330e+03  4.535016e-05
4.655900e+03  4.314563e-05
4.656100e+03  4.565796e-05
4.664580e+03  4.537311e-05
4.740030e+03  4.293615e-05
4.816690e+03  4.063288e-05
4.894600e+03  3.845610e-05
4.973770e+03  3.639488e-05
5.001900e+03  3.569668e-05
5.002100e+03  3.705746e-05
5.054210e+03  3.577896e-05
5.135960e+03  3.388587e-05
5.219030e+03  3.208752e-05
5.303440e+03  3.037961e-05
5.389220e+03  2.875780e-05
5.476390e+03  2.721892e-05
5.564970e+03  2.575844e-05
5.654980e+03  2.437311e-05
5.746440e+03  2.305924e-05
5.839390e+03  2.181348e-05
5.933830e+03  2.063240e-05
6.029810e+03  1.951289e-05
6.127330e+03  1.845204e-05
6.226440e+03  1.744712e-05
6.327150e+03  1.649521e-05
6.429480e+03  1.559382e-05
6.533480e+03  1.474009e-05
6.639150e+03  1.393182e-05
6.746540e+03  1.316681e-05
6.855650e+03  1.244288e-05
6.966540e+03  1.175801e-05
7.079220e+03  1.110975e-05
7.193720e+03  1.049655e-05
7.310070e+03  9.916518e-06
7.428310e+03  9.368178e-06
7.548450e+03  8.849333e-06
7.670540e+03  8.359036e-06
7.794610e+03  7.895358e-06
7.920680e+03  7.456931e-06
8.048790e+03  7.042700e-06
8.178980e+03  6.651037e-06
8.311260e+03  6.281168e-06
8.445690e+03  5.931626e-06
8.582290e+03  5.601206e-06
8.721110e+03  5.289069e-06
8.862160e+03  4.994128e-06
9.005500e+03  4.715712e-06
9.151160e+03  4.452451e-06
9.299170e+03  4.204106e-06
9.449580e+03  3.969370e-06
9.602420e+03  3.747795e-06
9.757730e+03  3.538553e-06
9.915550e+03  3.340769e-06
1.007590e+04  3.146185e-06
1.023890e+04  2.962885e-06
1.040450e+04  2.790290e-06
1.057280e+04  2.627774e-06
1.074380e+04  2.474793e-06
1.091760e+04  2.330782e-06
1.109420e+04  2.195258e-06
1.127360e+04  2.067746e-06
1.145590e+04  1.947775e-06
1.164120e+04  1.834892e-06
1.182950e+04  1.728701e-06
1.202080e+04  1.628833e-06
1.221530e+04  1.534877e-06
1.241280e+04  1.446557e-06
1.261360e+04  1.363478e-06
1.281760e+04  1.285374e-06
1.302500e+04  1.211916e-06
1.323560e+04  1.142878e-06
1.344970e+04  1.077960e-06
1.366720e+04  1.016938e-06
1.388830e+04  9.595587e-07
1.411290e+04  9.056285e-07
1.434120e+04  8.549202e-07
1.457310e+04  8.072627e-07
1.480890e+04  7.624440e-07
1.504840e+04  7.203213e-07
1.529180e+04  6.807170e-07
1.553910e+04  6.434860e-07
1.579040e+04  6.084784e-07
1.587090e+04  5.977862e-07
1.587110e+04  1.468818e-06
1.604580e+04  1.409926e-06
1.630540e+04  1.327841e-06
1.656910e+04  1.250552e-06
1.683710e+04  1.177757e-06
1.710940e+04  1.109205e-06
1.738610e+04  1.044644e-06
1.766740e+04  9.838268e-07
1.795310e+04  9.265672e-07
1.824350e+04  8.726323e-07
1.853860e+04  8.218378e-07
1.883840e+04  7.740060e-07
1.908310e+04  7.375547e-07
1.908330e+04  1.041018e-06
1.914310e+04  1.029811e-06
1.945270e+04  9.742211e-07
1.976740e+04  9.216208e-07
1.983990e+04  9.100204e-07
1.984010e+04  1.033543e-06
2.008710e+04  9.907165e-07
2.041200e+04  9.378122e-07
2.074210e+04  8.875572e-07
2.107760e+04  8.398344e-07
2.141850e+04  7.945334e-07
2.176500e+04  7.515369e-07
2.211700e+04  7.107547e-07
2.247470e+04  6.720739e-07
2.283820e+04  6.353963e-07
2.320760e+04  6.006272e-07
2.358300e+04  5.676755e-07
2.396440e+04  5.364583e-07
2.435200e+04  5.068857e-07
2.474590e+04  4.788786e-07
2.514620e+04  4.523595e-07
2.555290e+04  4.272587e-07
2.596620e+04  4.035011e-07
2.638610e+04  3.810226e-07
2.681290e+04  3.597530e-07
2.724660e+04  3.396341e-07
2.768730e+04  3.206072e-07
2.813510e+04  3.026156e-07
2.859020e+04  2.856053e-07
2.905260e+04  2.695263e-07
2.952250e+04  2.543290e-07
3.000000e+04  2.399680e-07
-1  -1
