  -1
3.025550e+01  2.219078e-02
3.074490e+01  2.160452e-02
3.124210e+01  2.104526e-02
3.174750e+01  2.051080e-02
3.226090e+01  2.000059e-02
3.278270e+01  1.948491e-02
3.331300e+01  1.887661e-02
3.385180e+01  1.829338e-02
3.439930e+01  1.773468e-02
3.495570e+01  1.719907e-02
3.552110e+01  1.668536e-02
3.609560e+01  1.619232e-02
3.667940e+01  1.571888e-02
3.727270e+01  1.526391e-02
3.787550e+01  1.482648e-02
3.848820e+01  1.440550e-02
3.911070e+01  1.400033e-02
3.974320e+01  1.361019e-02
4.038610e+01  1.323433e-02
4.103930e+01  1.285981e-02
4.170310e+01  1.244730e-02
4.237760e+01  1.205011e-02
4.306300e+01  1.166782e-02
4.375950e+01  1.129975e-02
4.446730e+01  1.094527e-02
4.518650e+01  1.060380e-02
4.591740e+01  1.027471e-02
4.666000e+01  9.957609e-03
4.741470e+01  9.652774e-03
4.818160e+01  9.216415e-03
4.896090e+01  8.739337e-03
4.975280e+01  8.287295e-03
5.055760e+01  7.859107e-03
5.137530e+01  7.453547e-03
5.220620e+01  7.069324e-03
5.305060e+01  6.705210e-03
5.390870e+01  6.386385e-03
5.478060e+01  6.099585e-03
5.566670e+01  5.825997e-03
5.656700e+01  5.564857e-03
5.748200e+01  5.315478e-03
5.841170e+01  5.077225e-03
5.935640e+01  4.849408e-03
6.031650e+01  4.668665e-03
6.129210e+01  4.508605e-03
6.228340e+01  4.353596e-03
6.329080e+01  4.202842e-03
6.431450e+01  4.185596e-03
6.535470e+01  4.178513e-03
6.641180e+01  4.169811e-03
6.748590e+01  4.158738e-03
6.857750e+01  4.129347e-03
6.968670e+01  4.091700e-03
7.081380e+01  4.041357e-03
7.195910e+01  3.953270e-03
7.260000e+01  3.789346e-03
7.280000e+01  4.281750e-02
7.312300e+01  4.432042e-02
7.430570e+01  4.648544e-02
7.550760e+01  4.802474e-02
7.672890e+01  4.943551e-02
7.796990e+01  5.080904e-02
7.923100e+01  5.218064e-02
8.051250e+01  5.357486e-02
8.181470e+01  5.481730e-02
8.313800e+01  5.606631e-02
8.448270e+01  5.734859e-02
8.584910e+01  5.870390e-02
8.723770e+01  5.939392e-02
8.864870e+01  5.921813e-02
9.008250e+01  5.900061e-02
9.153950e+01  5.876415e-02
9.302010e+01  5.851581e-02
9.452460e+01  5.825917e-02
9.605350e+01  5.799693e-02
9.760710e+01  5.773083e-02
9.918580e+01  5.746277e-02
1.007900e+02  5.719390e-02
1.024200e+02  5.692692e-02
1.040770e+02  5.661285e-02
1.057600e+02  5.617022e-02
1.074710e+02  5.572187e-02
1.092090e+02  5.527573e-02
1.109750e+02  5.483193e-02
1.127700e+02  5.439091e-02
1.145940e+02  5.395399e-02
1.164480e+02  5.352182e-02
1.183310e+02  5.309698e-02
1.202450e+02  5.268012e-02
1.221900e+02  5.227561e-02
1.241660e+02  5.189900e-02
1.261750e+02  5.069107e-02
1.282150e+02  4.924830e-02
1.302890e+02  4.782388e-02
1.323970e+02  4.642996e-02
1.345380e+02  4.506948e-02
1.367140e+02  4.374252e-02
1.389250e+02  4.245007e-02
1.411720e+02  4.119192e-02
1.434560e+02  3.996774e-02
1.457760e+02  3.877823e-02
1.481340e+02  3.762272e-02
1.505300e+02  3.650218e-02
1.529640e+02  3.527160e-02
1.554390e+02  3.407220e-02
1.579530e+02  3.291146e-02
1.605070e+02  3.178875e-02
1.631030e+02  3.070279e-02
1.657420e+02  2.965268e-02
1.684220e+02  2.863860e-02
1.711460e+02  2.765895e-02
1.739150e+02  2.671308e-02
1.767270e+02  2.580209e-02
1.795860e+02  2.479459e-02
1.824910e+02  2.354163e-02
1.854420e+02  2.234445e-02
1.884420e+02  2.120570e-02
1.914890e+02  2.012365e-02
1.945870e+02  1.909525e-02
1.977340e+02  1.811876e-02
2.009320e+02  1.719151e-02
2.041820e+02  1.630316e-02
2.074850e+02  1.546017e-02
2.108400e+02  1.466065e-02
2.142510e+02  1.390198e-02
2.177160e+02  1.318253e-02
2.212370e+02  1.250005e-02
2.248160e+02  1.187016e-02
2.284520e+02  1.131535e-02
2.321470e+02  1.078701e-02
2.359020e+02  1.028348e-02
2.397170e+02  9.803711e-03
2.435950e+02  9.346332e-03
2.475350e+02  8.910494e-03
2.515380e+02  8.495139e-03
2.556070e+02  8.099201e-03
2.597410e+02  7.721903e-03
2.639420e+02  7.362416e-03
2.682110e+02  7.007570e-03
2.725490e+02  6.619700e-03
2.769570e+02  6.253096e-03
2.814370e+02  5.906724e-03
2.859890e+02  5.579566e-03
2.906150e+02  5.270512e-03
2.953150e+02  4.978648e-03
3.000920e+02  4.702941e-03
3.049450e+02  4.442580e-03
3.098780e+02  4.196616e-03
3.148900e+02  3.964334e-03
3.199830e+02  3.744944e-03
3.251580e+02  3.537739e-03
3.304180e+02  3.342005e-03
3.357620e+02  3.157146e-03
3.411920e+02  2.982553e-03
3.467110e+02  2.817626e-03
3.523190e+02  2.661843e-03
3.580170e+02  2.514701e-03
3.638080e+02  2.382962e-03
3.696920e+02  2.260355e-03
3.756720e+02  2.144072e-03
3.817480e+02  2.033811e-03
3.879220e+02  1.929236e-03
3.941970e+02  1.830054e-03
4.005730e+02  1.735989e-03
4.070520e+02  1.646776e-03
4.136350e+02  1.562169e-03
4.203260e+02  1.481909e-03
4.271240e+02  1.405800e-03
4.340320e+02  1.333608e-03
4.410520e+02  1.262209e-03
4.481860e+02  1.193415e-03
4.554350e+02  1.128447e-03
4.628020e+02  1.067006e-03
4.702870e+02  1.008911e-03
4.778940e+02  9.539911e-04
4.856230e+02  9.020600e-04
4.934780e+02  8.528905e-04
5.014590e+02  8.061200e-04
5.095700e+02  7.614397e-04
5.178120e+02  7.190537e-04
5.261870e+02  6.790974e-04
5.346980e+02  6.414699e-04
5.433460e+02  6.059820e-04
5.521340e+02  5.724681e-04
5.610650e+02  5.403609e-04
5.701390e+02  5.098254e-04
5.793610e+02  4.807657e-04
5.887320e+02  4.533159e-04
5.982540e+02  4.274039e-04
6.079300e+02  4.029770e-04
6.177630e+02  3.799459e-04
6.277550e+02  3.582067e-04
6.379080e+02  3.374395e-04
6.482260e+02  3.174865e-04
6.587110e+02  2.984700e-04
6.693650e+02  2.806016e-04
6.801910e+02  2.645523e-04
6.911930e+02  2.499714e-04
7.023720e+02  2.363325e-04
7.137330e+02  2.230225e-04
7.252770e+02  2.101898e-04
7.370080e+02  1.980985e-04
7.489280e+02  1.867013e-04
7.610420e+02  1.759580e-04
7.733510e+02  1.658174e-04
7.858590e+02  1.562159e-04
7.985700e+02  1.471358e-04
8.114860e+02  1.385834e-04
8.246110e+02  1.305256e-04
8.379490e+02  1.229364e-04
8.515020e+02  1.157880e-04
8.652740e+02  1.090487e-04
8.792690e+02  1.026950e-04
8.934910e+02  9.671209e-05
9.079430e+02  9.107857e-05
9.226280e+02  8.577414e-05
9.375510e+02  8.076660e-05
9.527150e+02  7.605221e-05
9.681240e+02  7.161384e-05
9.837830e+02  6.743156e-05
9.996950e+02  6.350195e-05
1.015860e+03  5.981065e-05
1.032290e+03  5.640341e-05
1.048990e+03  5.314637e-05
1.065960e+03  5.003193e-05
1.083200e+03  4.709965e-05
1.100720e+03  4.433925e-05
1.118520e+03  4.174094e-05
1.136610e+03  3.929513e-05
1.155000e+03  3.699192e-05
1.173680e+03  3.482408e-05
1.192660e+03  3.278360e-05
1.211950e+03  3.086250e-05
1.231550e+03  2.905412e-05
1.251470e+03  2.735943e-05
1.271720e+03  2.577144e-05
1.292290e+03  2.428536e-05
1.313190e+03  2.288490e-05
1.334430e+03  2.156513e-05
1.356010e+03  2.032159e-05
1.377940e+03  1.914981e-05
1.400230e+03  1.804547e-05
1.422880e+03  1.700497e-05
1.445890e+03  1.602443e-05
1.469280e+03  1.509460e-05
1.493040e+03  1.421063e-05
1.517190e+03  1.334582e-05
1.541730e+03  1.252912e-05
1.559500e+03  1.197321e-05
1.559700e+03  1.422640e-04
1.566670e+03  1.401837e-04
1.592010e+03  1.328300e-04
1.617760e+03  1.258551e-04
1.643920e+03  1.192472e-04
1.670510e+03  1.129834e-04
1.697530e+03  1.070483e-04
1.724990e+03  1.014240e-04
1.752890e+03  9.597952e-05
1.781240e+03  9.078909e-05
1.810050e+03  8.585188e-05
1.839320e+03  8.118363e-05
1.869070e+03  7.676852e-05
1.899300e+03  7.259310e-05
1.930020e+03  6.864538e-05
1.961240e+03  6.491222e-05
1.992960e+03  6.138230e-05
2.025200e+03  5.808134e-05
2.057950e+03  5.487416e-05
2.091240e+03  5.183030e-05
2.125060e+03  4.894795e-05
2.159430e+03  4.622044e-05
2.194360e+03  4.363454e-05
2.229850e+03  4.118964e-05
2.265920e+03  3.887489e-05
2.302570e+03  3.668561e-05
2.339810e+03  3.461536e-05
2.377660e+03  3.265600e-05
2.416110e+03  3.080499e-05
2.455190e+03  2.905524e-05
2.494900e+03  2.739989e-05
2.535260e+03  2.583639e-05
2.576260e+03  2.435960e-05
2.617930e+03  2.296475e-05
2.660270e+03  2.164693e-05
2.703300e+03  2.040313e-05
2.747030e+03  1.922760e-05
2.791460e+03  1.811855e-05
2.836610e+03  1.707183e-05
2.882490e+03  1.608386e-05
2.929110e+03  1.515165e-05
2.976480e+03  1.427208e-05
3.024630e+03  1.344246e-05
3.073550e+03  1.265979e-05
3.123260e+03  1.192168e-05
3.173780e+03  1.122569e-05
3.225110e+03  1.056949e-05
3.277270e+03  9.950893e-06
3.330280e+03  9.367458e-06
3.384150e+03  8.817687e-06
3.438880e+03  8.299679e-06
3.494500e+03  7.811493e-06
3.551020e+03  7.351332e-06
3.608460e+03  6.917848e-06
3.666820e+03  6.509513e-06
3.726130e+03  6.124777e-06
3.786400e+03  5.762439e-06
3.847640e+03  5.421231e-06
3.909870e+03  5.099867e-06
3.973110e+03  4.797292e-06
4.037380e+03  4.512258e-06
4.102680e+03  4.243993e-06
4.169030e+03  3.991430e-06
4.236460e+03  3.753689e-06
4.304980e+03  3.529925e-06
4.374620e+03  3.319238e-06
4.445370e+03  3.121028e-06
4.517270e+03  2.934477e-06
4.590330e+03  2.758864e-06
4.664580e+03  2.593694e-06
4.740030e+03  2.438265e-06
4.816690e+03  2.292022e-06
4.894600e+03  2.154492e-06
4.973770e+03  2.025056e-06
5.054210e+03  1.903343e-06
5.135960e+03  1.788872e-06
5.219030e+03  1.681140e-06
5.303440e+03  1.579879e-06
5.389220e+03  1.484646e-06
5.476390e+03  1.395101e-06
5.564970e+03  1.310837e-06
5.654980e+03  1.231674e-06
5.746440e+03  1.157247e-06
5.839390e+03  1.087261e-06
5.933830e+03  1.021473e-06
6.029810e+03  9.595648e-07
6.127330e+03  9.014593e-07
6.226440e+03  8.467746e-07
6.327150e+03  7.953907e-07
6.429480e+03  7.470990e-07
6.533480e+03  7.017110e-07
6.639150e+03  6.590540e-07
6.746540e+03  6.189734e-07
6.855650e+03  5.813037e-07
6.966540e+03  5.459087e-07
7.079220e+03  5.126508e-07
7.193720e+03  4.814005e-07
7.310070e+03  4.520388e-07
7.428310e+03  4.244510e-07
7.548450e+03  3.985353e-07
7.670540e+03  3.741854e-07
7.794610e+03  3.513131e-07
7.920680e+03  3.298241e-07
8.048790e+03  3.096445e-07
8.178980e+03  2.906868e-07
8.311260e+03  2.728786e-07
8.445690e+03  2.561560e-07
8.582290e+03  2.404434e-07
8.721110e+03  2.256910e-07
8.862160e+03  2.118386e-07
9.005500e+03  1.988262e-07
9.151160e+03  1.866049e-07
9.299170e+03  1.751322e-07
9.449580e+03  1.643569e-07
9.602420e+03  1.542443e-07
9.757730e+03  1.447428e-07
9.915550e+03  1.358286e-07
1.007590e+04  1.274556e-07
1.023890e+04  1.195927e-07
1.040450e+04  1.122121e-07
1.057280e+04  1.052835e-07
1.074380e+04  9.877891e-08
1.091760e+04  9.267224e-08
1.109420e+04  8.694003e-08
1.127360e+04  8.156062e-08
1.145590e+04  7.651084e-08
1.164120e+04  7.177092e-08
1.182950e+04  6.732172e-08
1.202080e+04  6.314625e-08
1.221530e+04  5.922643e-08
1.241280e+04  5.554917e-08
1.261360e+04  5.209749e-08
1.281760e+04  4.885855e-08
1.302500e+04  4.581837e-08
1.323560e+04  4.296658e-08
1.344970e+04  4.029008e-08
1.366720e+04  3.777900e-08
1.388830e+04  3.542246e-08
1.411290e+04  3.321179e-08
1.434120e+04  3.113742e-08
1.457310e+04  2.919160e-08
1.480890e+04  2.736557e-08
1.504840e+04  2.565292e-08
1.529180e+04  2.404621e-08
1.553910e+04  2.253913e-08
1.579040e+04  2.112538e-08
1.604580e+04  1.979921e-08
1.630540e+04  1.855514e-08
1.656910e+04  1.738852e-08
1.683710e+04  1.629426e-08
1.710940e+04  1.526803e-08
1.738610e+04  1.430563e-08
1.766740e+04  1.340288e-08
1.795310e+04  1.255653e-08
1.824350e+04  1.176279e-08
1.853860e+04  1.101850e-08
1.883840e+04  1.032069e-08
1.914310e+04  9.666376e-09
1.945270e+04  9.052915e-09
1.976740e+04  8.477684e-09
2.008710e+04  7.936233e-09
2.041200e+04  7.431189e-09
2.074210e+04  6.958158e-09
2.107760e+04  6.515031e-09
2.141850e+04  6.099993e-09
2.176500e+04  5.711219e-09
2.211700e+04  5.347117e-09
2.247470e+04  5.006116e-09
2.283820e+04  4.686727e-09
2.320760e+04  4.387585e-09
2.358300e+04  4.107417e-09
2.396440e+04  3.845063e-09
2.435200e+04  3.599360e-09
2.474590e+04  3.369253e-09
2.514620e+04  3.153760e-09
2.555290e+04  2.951984e-09
2.596620e+04  2.763030e-09
2.638610e+04  2.586112e-09
2.681290e+04  2.420435e-09
2.724660e+04  2.265295e-09
2.768730e+04  2.120045e-09
2.813510e+04  1.984044e-09
2.859020e+04  1.856705e-09
2.905260e+04  1.737485e-09
2.952250e+04  1.625875e-09
3.000000e+04  1.521381e-09
-1  -1
