  -1
3.025550e+01  1.276916e-01
3.074490e+01  1.127905e-01
3.124210e+01  9.981332e-02
3.174750e+01  8.849567e-02
3.226090e+01  7.744309e-02
3.278270e+01  6.750087e-02
3.331300e+01  5.885848e-02
3.385180e+01  5.322899e-02
3.439930e+01  4.822640e-02
3.495570e+01  4.390352e-02
3.552110e+01  4.068616e-02
3.609560e+01  3.774022e-02
3.667940e+01  3.569407e-02
3.727270e+01  3.430663e-02
3.787550e+01  3.385197e-02
3.848820e+01  3.388543e-02
3.911070e+01  3.621367e-02
3.974320e+01  4.092297e-02
4.038610e+01  4.637830e-02
4.103930e+01  5.236559e-02
4.170310e+01  5.873342e-02
4.237760e+01  6.262644e-02
4.306300e+01  6.481662e-02
4.375950e+01  6.302295e-02
4.446730e+01  6.080149e-02
4.518650e+01  5.861308e-02
4.591740e+01  5.636429e-02
4.666000e+01  5.393229e-02
4.741470e+01  5.158304e-02
4.818160e+01  4.930828e-02
4.896090e+01  4.775230e-02
4.975280e+01  4.743708e-02
5.055760e+01  4.716337e-02
5.137530e+01  4.690578e-02
5.220620e+01  4.689716e-02
5.305060e+01  4.734292e-02
5.390870e+01  4.782128e-02
5.478060e+01  4.832491e-02
5.566670e+01  4.885073e-02
5.656700e+01  4.946528e-02
5.748200e+01  5.021064e-02
5.841170e+01  5.098786e-02
5.935640e+01  5.179657e-02
6.031650e+01  5.263845e-02
6.129210e+01  5.351937e-02
6.228340e+01  5.417605e-02
6.329080e+01  5.480916e-02
6.431450e+01  5.546258e-02
6.535470e+01  5.613910e-02
6.641180e+01  5.684319e-02
6.748590e+01  5.758680e-02
6.857750e+01  5.785909e-02
6.968670e+01  5.796764e-02
7.081380e+01  5.807670e-02
7.195910e+01  5.819134e-02
7.312300e+01  5.831493e-02
7.430570e+01  5.843984e-02
7.550760e+01  5.831106e-02
7.672890e+01  5.818005e-02
7.796990e+01  5.805170e-02
7.923100e+01  5.792751e-02
8.051250e+01  5.780824e-02
8.181470e+01  5.769463e-02
8.313800e+01  5.758726e-02
8.448270e+01  5.748713e-02
8.584910e+01  5.739771e-02
8.723770e+01  5.716704e-02
8.864870e+01  5.679968e-02
9.008250e+01  5.643202e-02
9.153950e+01  5.606847e-02
9.302010e+01  5.570976e-02
9.452460e+01  5.535691e-02
9.605350e+01  5.501096e-02
9.760710e+01  5.467570e-02
9.918580e+01  5.417298e-02
1.007900e+02  5.353062e-02
1.024200e+02  5.289050e-02
1.040770e+02  5.225635e-02
1.057600e+02  5.163024e-02
1.074710e+02  5.101136e-02
1.092090e+02  5.040168e-02
1.109750e+02  4.977640e-02
1.127700e+02  4.913760e-02
1.145940e+02  4.850726e-02
1.164480e+02  4.788522e-02
1.183310e+02  4.727322e-02
1.202450e+02  4.666982e-02
1.221900e+02  4.607708e-02
1.241660e+02  4.542197e-02
1.261750e+02  4.470827e-02
1.282150e+02  4.400432e-02
1.302890e+02  4.331064e-02
1.323970e+02  4.262728e-02
1.345380e+02  4.195595e-02
1.367140e+02  4.129557e-02
1.389250e+02  4.064640e-02
1.411720e+02  4.000815e-02
1.434560e+02  3.938188e-02
1.457760e+02  3.876979e-02
1.481340e+02  3.802926e-02
1.505300e+02  3.718917e-02
1.529640e+02  3.636499e-02
1.554390e+02  3.555657e-02
1.579530e+02  3.476551e-02
1.605070e+02  3.399189e-02
1.631030e+02  3.323458e-02
1.657420e+02  3.248620e-02
1.684220e+02  3.171130e-02
1.711460e+02  3.095352e-02
1.739150e+02  3.021303e-02
1.767270e+02  2.949061e-02
1.795860e+02  2.878487e-02
1.824910e+02  2.809615e-02
1.854420e+02  2.742472e-02
1.884420e+02  2.677113e-02
1.914890e+02  2.599385e-02
1.945870e+02  2.529982e-02
1.977340e+02  2.464870e-02
2.009320e+02  2.403483e-02
2.041820e+02  2.343748e-02
2.074850e+02  2.285584e-02
2.108400e+02  2.229165e-02
2.142510e+02  2.153595e-02
2.177160e+02  2.076206e-02
2.212370e+02  1.998114e-02
2.248160e+02  1.922829e-02
2.284520e+02  1.850309e-02
2.321470e+02  1.780447e-02
2.359020e+02  1.713185e-02
2.397170e+02  1.648464e-02
2.435950e+02  1.586157e-02
2.475350e+02  1.526176e-02
2.515380e+02  1.468459e-02
2.556070e+02  1.412893e-02
2.597410e+02  1.359463e-02
2.639420e+02  1.308053e-02
2.682110e+02  1.258583e-02
2.725490e+02  1.210989e-02
2.769570e+02  1.163542e-02
2.814370e+02  1.115899e-02
2.859890e+02  1.068920e-02
2.906150e+02  1.023735e-02
2.953150e+02  9.804858e-03
3.000920e+02  9.390273e-03
3.049450e+02  8.993371e-03
3.098780e+02  8.613262e-03
3.148900e+02  8.249124e-03
3.199830e+02  7.900388e-03
3.251580e+02  7.566432e-03
3.304180e+02  7.246865e-03
3.357620e+02  6.940836e-03
3.411920e+02  6.647641e-03
3.467110e+02  6.366797e-03
3.523190e+02  6.097899e-03
3.580170e+02  5.840510e-03
3.638080e+02  5.593851e-03
3.696920e+02  5.357669e-03
3.756720e+02  5.131576e-03
3.817480e+02  4.915061e-03
3.879220e+02  4.706137e-03
3.941970e+02  4.502753e-03
4.005730e+02  4.297968e-03
4.070520e+02  4.098626e-03
4.136350e+02  3.908400e-03
4.203260e+02  3.727073e-03
4.271240e+02  3.554223e-03
4.340320e+02  3.389534e-03
4.410520e+02  3.232325e-03
4.481860e+02  3.082100e-03
4.554350e+02  2.937612e-03
4.628020e+02  2.798879e-03
4.702870e+02  2.666177e-03
4.778940e+02  2.539669e-03
4.856230e+02  2.419253e-03
4.934780e+02  2.304582e-03
5.014590e+02  2.195409e-03
5.095700e+02  2.091395e-03
5.178120e+02  1.992174e-03
5.261870e+02  1.897163e-03
5.346980e+02  1.805783e-03
5.433460e+02  1.718385e-03
5.521340e+02  1.635236e-03
5.610650e+02  1.554732e-03
5.701390e+02  1.477649e-03
5.793610e+02  1.404845e-03
5.887320e+02  1.335797e-03
5.982540e+02  1.270248e-03
6.079300e+02  1.207917e-03
6.177630e+02  1.148651e-03
6.277550e+02  1.092223e-03
6.379080e+02  1.037683e-03
6.482260e+02  9.845961e-04
6.587110e+02  9.334278e-04
6.693650e+02  8.849189e-04
6.801910e+02  8.408758e-04
6.911930e+02  8.004643e-04
7.023720e+02  7.623491e-04
7.137330e+02  7.248864e-04
7.252770e+02  6.885012e-04
7.370080e+02  6.539564e-04
7.489280e+02  6.211437e-04
7.610420e+02  5.899673e-04
7.733510e+02  5.602559e-04
7.858590e+02  5.317292e-04
7.985700e+02  5.044058e-04
8.114860e+02  4.784898e-04
8.246110e+02  4.539034e-04
8.379490e+02  4.305796e-04
8.515020e+02  4.084138e-04
8.652740e+02  3.873528e-04
8.792690e+02  3.673466e-04
8.934910e+02  3.483689e-04
9.079430e+02  3.303765e-04
9.226280e+02  3.133194e-04
9.375510e+02  2.970140e-04
9.527150e+02  2.815333e-04
9.681240e+02  2.668391e-04
9.837830e+02  2.529079e-04
9.996950e+02  2.397104e-04
1.015860e+03  2.272110e-04
1.032290e+03  2.153965e-04
1.048990e+03  2.041456e-04
1.065960e+03  1.934319e-04
1.083200e+03  1.832875e-04
1.100720e+03  1.736727e-04
1.118520e+03  1.645609e-04
1.136610e+03  1.559315e-04
1.155000e+03  1.477522e-04
1.173680e+03  1.400037e-04
1.192660e+03  1.326551e-04
1.211950e+03  1.256941e-04
1.231550e+03  1.191022e-04
1.251470e+03  1.128628e-04
1.271720e+03  1.069546e-04
1.292290e+03  1.013625e-04
1.313190e+03  9.605004e-05
1.323500e+03  9.347140e-05
1.323700e+03  5.951918e-04
1.334430e+03  5.806567e-04
1.356010e+03  5.517200e-04
1.377940e+03  5.241426e-04
1.400230e+03  4.979160e-04
1.422880e+03  4.729904e-04
1.445890e+03  4.493158e-04
1.469280e+03  4.268288e-04
1.493040e+03  4.054826e-04
1.517190e+03  3.851942e-04
1.526900e+03  3.773719e-04
1.527100e+03  4.293837e-04
1.541730e+03  4.159012e-04
1.566670e+03  3.940851e-04
1.592010e+03  3.734056e-04
1.617760e+03  3.538094e-04
1.643920e+03  3.352446e-04
1.670510e+03  3.176487e-04
1.697530e+03  3.009751e-04
1.724990e+03  2.851777e-04
1.752890e+03  2.699344e-04
1.781240e+03  2.554158e-04
1.810050e+03  2.416106e-04
1.839320e+03  2.285519e-04
1.869070e+03  2.161993e-04
1.899300e+03  2.045174e-04
1.930020e+03  1.934600e-04
1.961240e+03  1.830024e-04
1.992960e+03  1.731143e-04
2.025200e+03  1.638500e-04
2.057950e+03  1.548907e-04
2.091240e+03  1.463906e-04
2.125060e+03  1.383416e-04
2.159430e+03  1.307236e-04
2.194360e+03  1.235039e-04
2.229850e+03  1.166751e-04
2.265920e+03  1.102107e-04
2.302570e+03  1.040930e-04
2.339810e+03  9.830296e-05
2.377660e+03  9.282983e-05
2.416110e+03  8.765195e-05
2.455190e+03  8.275443e-05
2.494900e+03  7.812386e-05
2.535260e+03  7.374379e-05
2.576260e+03  6.960508e-05
2.617930e+03  6.569259e-05
2.660270e+03  6.199540e-05
2.703300e+03  5.850508e-05
2.747030e+03  5.520385e-05
2.791460e+03  5.208655e-05
2.836610e+03  4.913887e-05
2.882490e+03  4.636004e-05
2.929110e+03  4.373196e-05
2.976480e+03  4.125175e-05
3.024630e+03  3.890716e-05
3.073550e+03  3.669782e-05
3.123260e+03  3.460894e-05
3.173780e+03  3.263806e-05
3.225110e+03  3.077790e-05
3.277270e+03  2.902228e-05
3.330280e+03  2.736503e-05
3.384150e+03  2.580119e-05
3.438880e+03  2.432594e-05
3.494500e+03  2.293384e-05
3.551020e+03  2.162042e-05
3.608460e+03  2.038109e-05
3.666820e+03  1.921234e-05
3.726130e+03  1.810992e-05
3.786400e+03  1.706973e-05
3.847640e+03  1.608893e-05
3.909870e+03  1.516388e-05
3.973110e+03  1.429137e-05
4.037380e+03  1.346866e-05
4.102680e+03  1.269290e-05
4.169030e+03  1.196156e-05
4.236460e+03  1.127189e-05
4.304980e+03  1.062153e-05
4.374620e+03  1.000840e-05
4.445370e+03  9.430481e-06
4.517270e+03  8.885663e-06
4.590330e+03  8.372105e-06
4.664580e+03  7.887964e-06
4.740030e+03  7.431430e-06
4.816690e+03  7.001346e-06
4.894600e+03  6.595973e-06
4.973770e+03  6.213846e-06
5.054210e+03  5.853828e-06
5.135960e+03  5.514451e-06
5.219030e+03  5.194619e-06
5.303440e+03  4.893086e-06
5.389220e+03  4.609084e-06
5.476390e+03  4.341505e-06
5.564970e+03  4.089287e-06
5.654980e+03  3.851554e-06
5.746440e+03  3.627652e-06
5.839390e+03  3.416683e-06
5.933830e+03  3.217908e-06
6.029810e+03  3.030539e-06
6.127330e+03  2.854243e-06
6.226440e+03  2.687966e-06
6.327150e+03  2.531347e-06
6.429480e+03  2.383821e-06
6.533480e+03  2.244730e-06
6.639150e+03  2.113769e-06
6.746540e+03  1.990412e-06
6.855650e+03  1.874194e-06
6.966540e+03  1.764789e-06
7.079220e+03  1.661606e-06
7.193720e+03  1.564482e-06
7.310070e+03  1.472965e-06
7.428310e+03  1.386782e-06
7.548450e+03  1.305604e-06
7.670540e+03  1.229128e-06
7.794610e+03  1.157109e-06
7.920680e+03  1.089276e-06
8.048790e+03  1.025376e-06
8.178980e+03  9.651940e-07
8.311260e+03  9.085322e-07
8.445690e+03  8.551592e-07
8.582290e+03  8.048721e-07
8.721110e+03  7.575278e-07
8.862160e+03  7.129422e-07
9.005500e+03  6.709569e-07
9.151160e+03  6.314121e-07
9.299170e+03  5.941733e-07
9.449580e+03  5.590977e-07
9.602420e+03  5.260779e-07
9.757730e+03  4.949799e-07
9.915550e+03  4.657052e-07
1.007590e+04  4.381332e-07
1.023890e+04  4.121661e-07
1.040450e+04  3.877190e-07
1.057280e+04  3.646982e-07
1.074380e+04  3.430246e-07
1.091760e+04  3.226164e-07
1.109420e+04  3.034025e-07
1.127360e+04  2.853156e-07
1.145590e+04  2.682877e-07
1.164120e+04  2.522545e-07
1.182950e+04  2.371599e-07
1.186660e+04  2.343212e-07
1.186680e+04  1.755622e-06
1.202080e+04  1.677947e-06
1.221530e+04  1.586058e-06
1.241280e+04  1.498962e-06
1.261360e+04  1.416366e-06
1.281760e+04  1.338103e-06
1.302500e+04  1.263926e-06
1.323560e+04  1.193699e-06
1.344970e+04  1.127181e-06
1.366720e+04  1.064211e-06
1.388830e+04  1.004598e-06
1.411290e+04  9.481980e-07
1.434120e+04  8.948310e-07
1.457310e+04  8.443606e-07
1.480890e+04  7.966150e-07
1.504840e+04  7.514812e-07
1.529180e+04  7.088166e-07
1.553910e+04  6.684923e-07
1.579040e+04  6.303874e-07
1.604580e+04  5.943823e-07
1.630540e+04  5.603666e-07
1.656910e+04  5.282463e-07
1.683710e+04  4.979096e-07
1.710940e+04  4.692679e-07
1.738610e+04  4.422307e-07
1.766740e+04  4.167019e-07
1.795310e+04  3.926154e-07
1.824350e+04  3.698831e-07
1.853860e+04  3.484352e-07
1.883840e+04  3.282047e-07
1.914310e+04  3.091194e-07
1.945270e+04  2.911195e-07
1.976740e+04  2.741423e-07
2.008710e+04  2.581351e-07
2.041200e+04  2.430432e-07
2.074210e+04  2.288180e-07
2.107760e+04  2.154063e-07
2.141850e+04  2.027676e-07
2.176500e+04  1.908529e-07
2.211700e+04  1.796293e-07
2.247470e+04  1.690523e-07
2.283820e+04  1.590882e-07
2.320760e+04  1.497001e-07
2.358300e+04  1.408568e-07
2.396440e+04  1.325286e-07
2.435200e+04  1.246841e-07
2.474590e+04  1.172970e-07
2.514620e+04  1.103402e-07
2.555290e+04  1.037911e-07
2.596620e+04  9.762460e-08
2.638610e+04  9.182033e-08
2.681290e+04  8.635488e-08
2.724660e+04  8.121074e-08
2.768730e+04  7.636903e-08
2.813510e+04  7.181236e-08
2.859020e+04  6.752384e-08
2.905260e+04  6.348858e-08
2.952250e+04  5.969138e-08
3.000000e+04  5.611861e-08
-1  -1
