  -1
3.025550e+01  8.618505e-02
3.074490e+01  7.948892e-02
3.124210e+01  7.336886e-02
3.174750e+01  6.769714e-02
3.226090e+01  6.249134e-02
3.278270e+01  5.783213e-02
3.331300e+01  5.357901e-02
3.385180e+01  4.971725e-02
3.439930e+01  4.759991e-02
3.495570e+01  4.562407e-02
3.552110e+01  4.388782e-02
3.609560e+01  4.276002e-02
3.667940e+01  4.168598e-02
3.727270e+01  4.063864e-02
3.787550e+01  4.060837e-02
3.848820e+01  4.062571e-02
3.911070e+01  4.066127e-02
3.974320e+01  4.093281e-02
4.038610e+01  4.139148e-02
4.103930e+01  4.186367e-02
4.170310e+01  4.252390e-02
4.237760e+01  4.351164e-02
4.306300e+01  4.452594e-02
4.375950e+01  4.555428e-02
4.446730e+01  4.811511e-02
4.518650e+01  5.087115e-02
4.591740e+01  5.381368e-02
4.666000e+01  5.719304e-02
4.741470e+01  6.115955e-02
4.818160e+01  6.545502e-02
4.896090e+01  7.011994e-02
4.975280e+01  7.465127e-02
5.055760e+01  7.929946e-02
5.137530e+01  8.427973e-02
5.220620e+01  8.963050e-02
5.305060e+01  9.541105e-02
5.390870e+01  1.019249e-01
5.478060e+01  1.091017e-01
5.566670e+01  1.172220e-01
5.656700e+01  1.218421e-01
5.748200e+01  1.258964e-01
5.841170e+01  1.300521e-01
5.935640e+01  1.344224e-01
6.031650e+01  1.382808e-01
6.129210e+01  1.415501e-01
6.228340e+01  1.449095e-01
6.329080e+01  1.484383e-01
6.431450e+01  1.521858e-01
6.535470e+01  1.539033e-01
6.641180e+01  1.555131e-01
6.748590e+01  1.571338e-01
6.857750e+01  1.587701e-01
6.968670e+01  1.585895e-01
7.081380e+01  1.582457e-01
7.195910e+01  1.578234e-01
7.312300e+01  1.573890e-01
7.430570e+01  1.567973e-01
7.550760e+01  1.557416e-01
7.672890e+01  1.546690e-01
7.796990e+01  1.536551e-01
7.923100e+01  1.528383e-01
8.051250e+01  1.498266e-01
8.181470e+01  1.450356e-01
8.313800e+01  1.401727e-01
8.448270e+01  1.353244e-01
8.584910e+01  1.305482e-01
8.723770e+01  1.258816e-01
8.864870e+01  1.213589e-01
9.008250e+01  1.170589e-01
9.153950e+01  1.112269e-01
9.302010e+01  1.051279e-01
9.452460e+01  9.926520e-02
9.605350e+01  9.366889e-02
9.760710e+01  8.834800e-02
9.918580e+01  8.330631e-02
1.007900e+02  7.847295e-02
1.024200e+02  7.329695e-02
1.040770e+02  6.842202e-02
1.057600e+02  6.385050e-02
1.074710e+02  5.957292e-02
1.092090e+02  5.558212e-02
1.109750e+02  5.163696e-02
1.127700e+02  4.708479e-02
1.145940e+02  4.290348e-02
1.164480e+02  3.907652e-02
1.183310e+02  3.558019e-02
1.202450e+02  3.237798e-02
1.221900e+02  3.023212e-02
1.241660e+02  2.826517e-02
1.261750e+02  2.643247e-02
1.282150e+02  2.472340e-02
1.302890e+02  2.312788e-02
1.323970e+02  2.163780e-02
1.345380e+02  2.024657e-02
1.367140e+02  1.894753e-02
1.389250e+02  1.773619e-02
1.411720e+02  1.627518e-02
1.434560e+02  1.492186e-02
1.457760e+02  1.368073e-02
1.481340e+02  1.254304e-02
1.505300e+02  1.150068e-02
1.529640e+02  1.054667e-02
1.554390e+02  9.440426e-03
1.579530e+02  8.405109e-03
1.605070e+02  7.482839e-03
1.631030e+02  6.661614e-03
1.657420e+02  5.973464e-03
1.684220e+02  5.417727e-03
1.711460e+02  4.914234e-03
1.739150e+02  4.457785e-03
1.767270e+02  4.041962e-03
1.795860e+02  3.663420e-03
1.824910e+02  3.320452e-03
1.854420e+02  3.045089e-03
1.884420e+02  2.876975e-03
1.914890e+02  2.718490e-03
1.945870e+02  2.568876e-03
1.977340e+02  2.430273e-03
2.009320e+02  2.330908e-03
2.041820e+02  2.235742e-03
2.074850e+02  2.144555e-03
2.108400e+02  2.071955e-03
2.142510e+02  2.018998e-03
2.177160e+02  1.967518e-03
2.212370e+02  1.917416e-03
2.248160e+02  1.878360e-03
2.284520e+02  1.864779e-03
2.321470e+02  1.851378e-03
2.359020e+02  1.838126e-03
2.397170e+02  1.826765e-03
2.435950e+02  1.829831e-03
2.475350e+02  1.832969e-03
2.515380e+02  1.836157e-03
2.556070e+02  1.839354e-03
2.597410e+02  1.842542e-03
2.639420e+02  1.887184e-03
2.682110e+02  1.989365e-03
2.725490e+02  2.097205e-03
2.769570e+02  2.210964e-03
2.814370e+02  2.334494e-03
2.859890e+02  2.465410e-03
2.906150e+02  2.603696e-03
2.953150e+02  2.797661e-03
3.000920e+02  3.012316e-03
3.049450e+02  3.243835e-03
3.098780e+02  3.414415e-03
3.148900e+02  3.524680e-03
3.199830e+02  3.638478e-03
3.251580e+02  3.748852e-03
3.304180e+02  3.824689e-03
3.357620e+02  3.902032e-03
3.411920e+02  3.981025e-03
3.467110e+02  4.059970e-03
3.523190e+02  4.134346e-03
3.580170e+02  4.210237e-03
3.638080e+02  4.275188e-03
3.696920e+02  4.287098e-03
3.756720e+02  4.298954e-03
3.817480e+02  4.310857e-03
3.879220e+02  4.322848e-03
3.941970e+02  4.320205e-03
4.005730e+02  4.280351e-03
4.070520e+02  4.240760e-03
4.136350e+02  4.201525e-03
4.203260e+02  4.162609e-03
4.271240e+02  4.124077e-03
4.340320e+02  4.081284e-03
4.410520e+02  4.022393e-03
4.481860e+02  3.964310e-03
4.554350e+02  3.907042e-03
4.628020e+02  3.850598e-03
4.702870e+02  3.794969e-03
4.778940e+02  3.740144e-03
4.856230e+02  3.686079e-03
4.934780e+02  3.632800e-03
5.014590e+02  3.580324e-03
5.095700e+02  3.528623e-03
5.178120e+02  3.477732e-03
5.261870e+02  3.400144e-03
5.346980e+02  3.310783e-03
5.433460e+02  3.223717e-03
5.521340e+02  3.138770e-03
5.610650e+02  3.055948e-03
5.701390e+02  2.975311e-03
5.793610e+02  2.896795e-03
5.887320e+02  2.818431e-03
5.982540e+02  2.732920e-03
6.079300e+02  2.652715e-03
6.177630e+02  2.574766e-03
6.277550e+02  2.498628e-03
6.379080e+02  2.419620e-03
6.482260e+02  2.336390e-03
6.587110e+02  2.251724e-03
6.693650e+02  2.170129e-03
6.801910e+02  2.090795e-03
6.911930e+02  2.013716e-03
7.023720e+02  1.938388e-03
7.137330e+02  1.863085e-03
7.252770e+02  1.788857e-03
7.370080e+02  1.717575e-03
7.489280e+02  1.649117e-03
7.610420e+02  1.583779e-03
7.733510e+02  1.525216e-03
7.858590e+02  1.481893e-03
7.985700e+02  1.450457e-03
8.114860e+02  1.419709e-03
8.246110e+02  1.389618e-03
8.379490e+02  1.360184e-03
8.515020e+02  1.322941e-03
8.652740e+02  1.276510e-03
8.792690e+02  1.222918e-03
8.934910e+02  1.171564e-03
9.079430e+02  1.122362e-03
9.226280e+02  1.075225e-03
9.375510e+02  1.029163e-03
9.527150e+02  9.848389e-04
9.681240e+02  9.422259e-04
9.837830e+02  9.014645e-04
9.996950e+02  8.624060e-04
1.015860e+03  8.249882e-04
1.032290e+03  7.886465e-04
1.048990e+03  7.546792e-04
1.065960e+03  7.230004e-04
1.083200e+03  6.926482e-04
1.100720e+03  6.635582e-04
1.118520e+03  6.356864e-04
1.136610e+03  6.089720e-04
1.155000e+03  5.833689e-04
1.173680e+03  5.588444e-04
1.192660e+03  5.353348e-04
1.211950e+03  5.128096e-04
1.231550e+03  4.912289e-04
1.251470e+03  4.700153e-04
1.271720e+03  4.491208e-04
1.292290e+03  4.284572e-04
1.313190e+03  4.087382e-04
1.334430e+03  3.899193e-04
1.356010e+03  3.719593e-04
1.377940e+03  3.548208e-04
1.400230e+03  3.384624e-04
1.422880e+03  3.228514e-04
1.445890e+03  3.079557e-04
1.469280e+03  2.936840e-04
1.493040e+03  2.799916e-04
1.517190e+03  2.666022e-04
1.541730e+03  2.538068e-04
1.566670e+03  2.416196e-04
1.592010e+03  2.300107e-04
1.617760e+03  2.189546e-04
1.643920e+03  2.084249e-04
1.670510e+03  1.983951e-04
1.697530e+03  1.888450e-04
1.724990e+03  1.797503e-04
1.752890e+03  1.709391e-04
1.781240e+03  1.625100e-04
1.810050e+03  1.544580e-04
1.839320e+03  1.468003e-04
1.869070e+03  1.395174e-04
1.899300e+03  1.325938e-04
1.930020e+03  1.260100e-04
1.961240e+03  1.197521e-04
1.992960e+03  1.138049e-04
2.025200e+03  1.082099e-04
2.057950e+03  1.027573e-04
2.091240e+03  9.755623e-05
2.125060e+03  9.260347e-05
2.159430e+03  8.788508e-05
2.194360e+03  8.339284e-05
2.229850e+03  7.911274e-05
2.265920e+03  7.503997e-05
2.302570e+03  7.116569e-05
2.339810e+03  6.747921e-05
2.377660e+03  6.397187e-05
2.416110e+03  6.063082e-05
2.455190e+03  5.745594e-05
2.494900e+03  5.443860e-05
2.535260e+03  5.156674e-05
2.576260e+03  4.883835e-05
2.617930e+03  4.624433e-05
2.660270e+03  4.378002e-05
2.703300e+03  4.143747e-05
2.747030e+03  3.921165e-05
2.786600e+03  3.732268e-05
2.786800e+03  9.759723e-05
2.791460e+03  9.702045e-05
2.836610e+03  9.155961e-05
2.882490e+03  8.641253e-05
2.908600e+03  8.364002e-05
2.908800e+03  1.214275e-04
2.929110e+03  1.185049e-04
2.976480e+03  1.120084e-04
3.024630e+03  1.058664e-04
3.073550e+03  1.000693e-04
3.123260e+03  9.459012e-05
3.173780e+03  8.941252e-05
3.225110e+03  8.452031e-05
3.277270e+03  7.990172e-05
3.330280e+03  7.553611e-05
3.384150e+03  7.141276e-05
3.425900e+03  6.841221e-05
3.426100e+03  7.936448e-05
3.438880e+03  7.834134e-05
3.494500e+03  7.407326e-05
3.551020e+03  7.003746e-05
3.608460e+03  6.622383e-05
3.666820e+03  6.262228e-05
3.726130e+03  5.921444e-05
3.786400e+03  5.599587e-05
3.847640e+03  5.295401e-05
3.909870e+03  5.007977e-05
3.973110e+03  4.736171e-05
4.007900e+03  4.594681e-05
4.008100e+03  4.857654e-05
4.037380e+03  4.736250e-05
4.102680e+03  4.479152e-05
4.169030e+03  4.236270e-05
4.236460e+03  4.006699e-05
4.304980e+03  3.789507e-05
4.316900e+03  3.753277e-05
4.317100e+03  3.902787e-05
4.374620e+03  3.733424e-05
4.445370e+03  3.537910e-05
4.517270e+03  3.351745e-05
4.590330e+03  3.175114e-05
4.664580e+03  3.006987e-05
4.740030e+03  2.847422e-05
4.816690e+03  2.695952e-05
4.894600e+03  2.552112e-05
4.973770e+03  2.415564e-05
5.054210e+03  2.286026e-05
5.135960e+03  2.163135e-05
5.219030e+03  2.046593e-05
5.303440e+03  1.936084e-05
5.389220e+03  1.831330e-05
5.476390e+03  1.732026e-05
5.564970e+03  1.637938e-05
5.654980e+03  1.548811e-05
5.746440e+03  1.464387e-05
5.839390e+03  1.384420e-05
5.933830e+03  1.308710e-05
6.029810e+03  1.237028e-05
6.127330e+03  1.169186e-05
6.226440e+03  1.104968e-05
6.327150e+03  1.044202e-05
6.429480e+03  9.867175e-06
6.533480e+03  9.323368e-06
6.639150e+03  8.809000e-06
6.746540e+03  8.322540e-06
6.855650e+03  7.862419e-06
6.966540e+03  7.427533e-06
7.079220e+03  7.016369e-06
7.193720e+03  6.627518e-06
7.310070e+03  6.260066e-06
7.428310e+03  5.912812e-06
7.548450e+03  5.584766e-06
7.670540e+03  5.274685e-06
7.794610e+03  4.981711e-06
7.920680e+03  4.704814e-06
8.048790e+03  4.443343e-06
8.178980e+03  4.196293e-06
8.311260e+03  3.962972e-06
8.445690e+03  3.742576e-06
8.582290e+03  3.534486e-06
8.721110e+03  3.337986e-06
8.862160e+03  3.152329e-06
9.005500e+03  2.977002e-06
9.151160e+03  2.811475e-06
9.299170e+03  2.655208e-06
9.449580e+03  2.507684e-06
9.602420e+03  2.368440e-06
9.757730e+03  2.236849e-06
9.915550e+03  2.112765e-06
1.007590e+04  1.990270e-06
1.023890e+04  1.874898e-06
1.040450e+04  1.766272e-06
1.057280e+04  1.663986e-06
1.074380e+04  1.567692e-06
1.091760e+04  1.477032e-06
1.109420e+04  1.391690e-06
1.127360e+04  1.311369e-06
1.145590e+04  1.235769e-06
1.164120e+04  1.164602e-06
1.182950e+04  1.097618e-06
1.202080e+04  1.034587e-06
1.221530e+04  9.752513e-07
1.241280e+04  9.194332e-07
1.261360e+04  8.668887e-07
1.281760e+04  8.174498e-07
1.302500e+04  7.709129e-07
1.323560e+04  7.271387e-07
1.344970e+04  6.859364e-07
1.366720e+04  6.471687e-07
1.388830e+04  6.106803e-07
1.411290e+04  5.763467e-07
1.421340e+04  5.617838e-07
1.421360e+04  1.441432e-06
1.434120e+04  1.394004e-06
1.457310e+04  1.312730e-06
1.480890e+04  1.236168e-06
1.504840e+04  1.164090e-06
1.529180e+04  1.096211e-06
1.553910e+04  1.032296e-06
1.579040e+04  9.721069e-07
1.604580e+04  9.154252e-07
1.630540e+04  8.620400e-07
1.656910e+04  8.117793e-07
1.678460e+04  7.734342e-07
1.678480e+04  1.087980e-06
1.683710e+04  1.076155e-06
1.710940e+04  1.017173e-06
1.738610e+04  9.614292e-07
1.749290e+04  9.409599e-07
1.749310e+04  1.074345e-06
1.766740e+04  1.038177e-06
1.795310e+04  9.822022e-07
1.824350e+04  9.290850e-07
1.853860e+04  8.786973e-07
1.883840e+04  8.309231e-07
1.914310e+04  7.856179e-07
1.945270e+04  7.426768e-07
1.976740e+04  7.019772e-07
2.008710e+04  6.634232e-07
2.041200e+04  6.269019e-07
2.074210e+04  5.923197e-07
2.107760e+04  5.595716e-07
2.141850e+04  5.285733e-07
2.176500e+04  4.992298e-07
2.211700e+04  4.714683e-07
2.247470e+04  4.452020e-07
2.283820e+04  4.203543e-07
2.320760e+04  3.968532e-07
2.358300e+04  3.746285e-07
2.396440e+04  3.536178e-07
2.435200e+04  3.337537e-07
2.474590e+04  3.149775e-07
2.514620e+04  2.972314e-07
2.555290e+04  2.804638e-07
2.596620e+04  2.646208e-07
2.638610e+04  2.496555e-07
2.681290e+04  2.355169e-07
2.724660e+04  2.221634e-07
2.768730e+04  2.095529e-07
2.813510e+04  1.976451e-07
2.859020e+04  1.864018e-07
2.905260e+04  1.757878e-07
2.952250e+04  1.657678e-07
3.000000e+04  1.563103e-07
-1  -1
