83.6  107.2  333.9  352.0  2291.0  2584.7  2743.0  3148.7  11919.0  -1
3.025550e+01  9.186809e-01
3.074490e+01  9.540494e-01
3.124210e+01  9.910896e-01
3.174750e+01  1.051299e+00
3.226090e+01  1.085403e+00
3.278270e+01  1.093261e+00
3.331300e+01  1.100268e+00
3.385180e+01  1.103839e+00
3.439930e+01  1.103181e+00
3.495570e+01  1.098283e+00
3.552110e+01  1.089090e+00
3.609560e+01  1.075574e+00
3.667940e+01  1.057193e+00
3.727270e+01  1.034843e+00
3.787550e+01  1.015503e+00
3.848820e+01  9.963651e-01
3.911070e+01  9.768098e-01
3.974320e+01  9.563981e-01
4.038610e+01  9.352360e-01
4.103930e+01  9.157355e-01
4.170310e+01  8.968151e-01
4.237760e+01  8.782386e-01
4.306300e+01  8.600909e-01
4.375950e+01  8.430207e-01
4.446730e+01  8.274331e-01
4.518650e+01  8.060116e-01
4.591740e+01  7.822513e-01
4.666000e+01  7.575665e-01
4.741470e+01  7.322730e-01
4.818160e+01  7.055559e-01
4.896090e+01  6.781250e-01
4.975280e+01  6.495225e-01
5.055760e+01  6.222180e-01
5.137530e+01  6.024840e-01
5.220620e+01  5.848450e-01
5.305060e+01  5.681539e-01
5.390870e+01  5.519205e-01
5.478060e+01  5.370188e-01
5.566670e+01  5.270864e-01
5.656700e+01  5.187577e-01
5.748200e+01  5.116824e-01
5.841170e+01  5.060679e-01
5.935640e+01  5.011397e-01
6.031650e+01  4.923109e-01
6.129210e+01  4.833500e-01
6.228340e+01  4.755447e-01
6.329080e+01  4.656868e-01
6.431450e+01  4.476722e-01
6.535470e+01  4.285089e-01
6.641180e+01  4.066486e-01
6.748590e+01  3.845582e-01
6.857750e+01  3.626937e-01
6.968670e+01  3.410137e-01
7.081380e+01  3.233504e-01
7.195910e+01  3.081174e-01
7.312300e+01  2.937468e-01
7.430570e+01  2.803971e-01
7.550760e+01  2.688469e-01
7.672890e+01  2.580841e-01
7.796990e+01  2.471606e-01
7.923100e+01  2.347313e-01
8.051250e+01  2.226604e-01
8.181470e+01  2.108983e-01
8.313800e+01  2.027360e-01
8.448270e+01  2.048401e-01
8.584910e+01  1.934400e-01
8.723770e+01  1.816849e-01
8.864870e+01  1.684226e-01
9.008250e+01  1.557920e-01
9.153950e+01  1.439882e-01
9.302010e+01  1.318817e-01
9.452460e+01  1.205786e-01
9.605350e+01  1.109296e-01
9.760710e+01  1.027666e-01
9.918580e+01  9.525293e-02
1.007900e+02  8.831667e-02
1.024200e+02  8.152308e-02
1.040770e+02  7.508420e-02
1.057600e+02  6.914534e-02
1.074710e+02  6.366588e-02
1.092090e+02  5.908591e-02
1.109750e+02  5.506043e-02
1.127700e+02  5.133110e-02
1.145940e+02  4.786746e-02
1.164480e+02  4.464664e-02
1.183310e+02  4.174437e-02
1.202450e+02  3.908166e-02
1.221900e+02  3.659852e-02
1.241660e+02  3.428177e-02
1.261750e+02  3.211911e-02
1.282150e+02  2.998333e-02
1.302890e+02  2.766617e-02
1.323970e+02  2.552188e-02
1.345380e+02  2.373653e-02
1.367140e+02  2.255166e-02
1.389250e+02  2.143441e-02
1.411720e+02  2.037716e-02
1.434560e+02  1.937378e-02
1.457760e+02  1.863579e-02
1.481340e+02  1.813100e-02
1.505300e+02  1.764582e-02
1.529640e+02  1.717702e-02
1.554390e+02  1.672207e-02
1.579530e+02  1.633284e-02
1.605070e+02  1.627135e-02
1.631030e+02  1.621472e-02
1.657420e+02  1.616126e-02
1.684220e+02  1.610999e-02
1.711460e+02  1.618781e-02
1.739150e+02  1.649621e-02
1.767270e+02  1.681629e-02
1.795860e+02  1.714584e-02
1.824910e+02  1.748505e-02
1.854420e+02  1.784064e-02
1.884420e+02  1.821079e-02
1.914890e+02  1.859188e-02
1.945870e+02  1.898357e-02
1.977340e+02  1.938689e-02
2.009320e+02  1.978717e-02
2.041820e+02  2.014403e-02
2.074850e+02  2.050970e-02
2.108400e+02  2.088551e-02
2.142510e+02  2.126068e-02
2.177160e+02  2.138461e-02
2.212370e+02  2.150817e-02
2.248160e+02  2.163301e-02
2.284520e+02  2.176044e-02
2.321470e+02  2.189096e-02
2.359020e+02  2.193075e-02
2.397170e+02  2.192678e-02
2.435950e+02  2.192258e-02
2.475350e+02  2.191975e-02
2.515380e+02  2.191945e-02
2.556070e+02  2.181943e-02
2.597410e+02  2.170933e-02
2.639420e+02  2.160020e-02
2.682110e+02  2.149252e-02
2.725490e+02  2.138701e-02
2.769570e+02  2.119360e-02
2.814370e+02  2.092312e-02
2.859890e+02  2.065485e-02
2.906150e+02  2.038975e-02
2.953150e+02  2.012825e-02
3.000920e+02  1.987010e-02
3.049450e+02  1.961573e-02
3.098780e+02  1.936522e-02
3.148900e+02  1.906838e-02
3.199830e+02  1.876178e-02
3.251580e+02  1.845983e-02
3.304180e+02  1.816269e-02
3.357620e+02  1.787063e-02
3.411920e+02  1.758354e-02
3.467110e+02  1.730135e-02
3.523190e+02  1.702263e-02
3.580170e+02  1.664623e-02
3.638080e+02  1.627738e-02
3.696920e+02  1.591624e-02
3.756720e+02  1.556293e-02
3.817480e+02  1.521747e-02
3.879220e+02  1.487967e-02
3.941970e+02  1.454938e-02
4.005730e+02  1.422681e-02
4.070520e+02  1.386819e-02
4.136350e+02  1.349730e-02
4.203260e+02  1.313576e-02
4.271240e+02  1.278387e-02
4.340320e+02  1.244131e-02
4.410520e+02  1.210785e-02
4.481860e+02  1.178345e-02
4.554350e+02  1.145506e-02
4.628020e+02  1.112363e-02
4.702870e+02  1.080175e-02
4.778940e+02  1.048909e-02
4.856230e+02  1.018544e-02
4.934780e+02  9.890569e-03
5.014590e+02  9.604258e-03
5.095700e+02  9.326207e-03
5.178120e+02  9.053156e-03
5.261870e+02  8.787114e-03
5.346980e+02  8.528853e-03
5.433460e+02  8.278220e-03
5.521340e+02  8.034972e-03
5.610650e+02  7.798880e-03
5.701390e+02  7.568755e-03
5.793610e+02  7.341003e-03
5.887320e+02  7.120138e-03
5.982540e+02  6.905928e-03
6.079300e+02  6.698188e-03
6.177630e+02  6.496717e-03
6.277550e+02  6.301344e-03
6.379080e+02  6.111907e-03
6.482260e+02  5.928234e-03
6.587110e+02  5.732756e-03
6.693650e+02  5.529012e-03
6.801910e+02  5.332458e-03
6.911930e+02  5.142832e-03
7.023720e+02  4.959977e-03
7.137330e+02  4.783597e-03
7.252770e+02  4.613503e-03
7.370080e+02  4.451314e-03
7.489280e+02  4.294916e-03
7.610420e+02  4.144021e-03
7.733510e+02  3.998444e-03
7.858590e+02  3.858005e-03
7.985700e+02  3.722501e-03
8.114860e+02  3.582537e-03
8.246110e+02  3.447817e-03
8.379490e+02  3.318169e-03
8.515020e+02  3.193417e-03
8.652740e+02  3.073364e-03
8.792690e+02  2.957303e-03
8.934910e+02  2.831352e-03
9.079430e+02  2.710743e-03
9.226280e+02  2.595276e-03
9.375510e+02  2.484726e-03
9.527150e+02  2.378896e-03
9.681240e+02  2.273872e-03
9.837830e+02  2.171615e-03
9.996950e+02  2.073961e-03
1.015860e+03  1.980713e-03
1.032290e+03  1.891674e-03
1.048990e+03  1.797929e-03
1.065960e+03  1.704385e-03
1.083200e+03  1.615715e-03
1.100720e+03  1.531654e-03
1.118520e+03  1.451976e-03
1.136610e+03  1.376442e-03
1.155000e+03  1.304789e-03
1.173680e+03  1.236878e-03
1.192660e+03  1.172510e-03
1.211950e+03  1.111489e-03
1.231550e+03  1.054585e-03
1.251470e+03  1.003700e-03
1.271720e+03  9.552629e-04
1.292290e+03  9.091778e-04
1.313190e+03  8.653281e-04
1.334430e+03  8.208953e-04
1.356010e+03  7.782684e-04
1.377940e+03  7.378628e-04
1.400230e+03  6.995452e-04
1.422880e+03  6.632227e-04
1.445890e+03  6.309988e-04
1.469280e+03  6.006167e-04
1.493040e+03  5.716249e-04
1.517190e+03  5.368755e-04
1.541730e+03  5.040892e-04
1.566670e+03  4.744870e-04
1.592010e+03  4.497888e-04
1.617760e+03  4.266332e-04
1.643920e+03  4.044708e-04
1.670510e+03  3.813374e-04
1.697530e+03  3.606560e-04
1.724990e+03  3.426203e-04
1.752890e+03  3.240777e-04
1.781240e+03  3.085608e-04
1.810050e+03  2.949568e-04
1.839320e+03  2.790565e-04
1.869070e+03  2.650598e-04
1.899300e+03  2.531509e-04
1.930020e+03  2.398095e-04
1.961240e+03  2.260852e-04
1.992960e+03  2.143302e-04
2.025200e+03  2.035407e-04
2.057950e+03  1.926693e-04
2.091240e+03  1.820429e-04
2.125060e+03  1.717585e-04
2.159430e+03  1.621530e-04
2.194360e+03  1.526650e-04
2.229850e+03  1.818558e-04
2.265920e+03  3.202588e-04
2.302570e+03  3.276930e-04
2.339810e+03  4.210134e-04
2.377660e+03  4.311397e-04
2.416110e+03  4.232975e-04
2.455190e+03  4.069348e-04
2.494900e+03  3.929587e-04
2.535260e+03  3.774979e-04
2.576260e+03  3.598029e-04
2.617930e+03  3.437384e-04
2.660270e+03  3.341121e-04
2.703300e+03  3.189376e-04
2.747030e+03  3.335173e-04
2.791460e+03  3.330447e-04
2.836610e+03  3.178738e-04
2.882490e+03  3.045709e-04
2.929110e+03  2.909515e-04
2.976480e+03  2.761859e-04
3.024630e+03  2.626116e-04
3.073550e+03  2.500024e-04
3.123260e+03  2.374671e-04
3.173780e+03  2.321802e-04
3.225110e+03  2.262126e-04
3.277270e+03  2.147416e-04
3.330280e+03  2.041126e-04
3.384150e+03  1.938831e-04
3.438880e+03  1.866201e-04
3.494500e+03  1.797845e-04
3.551020e+03  1.693397e-04
3.608460e+03  1.602203e-04
3.666820e+03  1.517886e-04
3.726130e+03  1.438636e-04
3.786400e+03  1.364350e-04
3.847640e+03  1.291340e-04
3.909870e+03  1.222088e-04
3.973110e+03  1.156838e-04
4.037380e+03  1.095128e-04
4.102680e+03  1.035133e-04
4.169030e+03  9.798338e-05
4.236460e+03  9.190952e-05
4.304980e+03  8.773283e-05
4.374620e+03  8.295000e-05
4.445370e+03  7.859702e-05
4.517270e+03  7.433480e-05
4.590330e+03  7.033772e-05
4.664580e+03  6.652178e-05
4.740030e+03  6.292026e-05
4.816690e+03  5.952124e-05
4.894600e+03  5.635923e-05
4.973770e+03  5.334421e-05
5.054210e+03  5.060610e-05
5.135960e+03  4.795551e-05
5.219030e+03  4.531047e-05
5.303440e+03  4.328249e-05
5.389220e+03  4.073459e-05
5.476390e+03  3.849603e-05
5.564970e+03  3.638270e-05
5.654980e+03  3.440066e-05
5.746440e+03  3.253915e-05
5.839390e+03  3.084245e-05
5.933830e+03  2.901768e-05
6.029810e+03  2.752956e-05
6.127330e+03  2.597677e-05
6.226440e+03  2.451488e-05
6.327150e+03  2.314202e-05
6.429480e+03  2.184508e-05
6.533480e+03  2.061909e-05
6.639150e+03  1.946102e-05
6.746540e+03  1.836674e-05
6.855650e+03  1.733353e-05
6.966540e+03  1.635739e-05
7.079220e+03  1.543556e-05
7.193720e+03  1.456468e-05
7.310070e+03  1.374276e-05
7.428310e+03  1.296704e-05
7.548450e+03  1.223467e-05
7.670540e+03  1.154291e-05
7.794610e+03  1.089022e-05
7.920680e+03  1.027440e-05
8.048790e+03  9.693312e-06
8.178980e+03  9.144930e-06
8.311260e+03  8.627468e-06
8.445690e+03  8.139060e-06
8.582290e+03  7.678331e-06
8.721110e+03  7.243737e-06
8.862160e+03  6.833924e-06
9.005500e+03  6.447466e-06
9.151160e+03  6.082887e-06
9.299170e+03  5.739016e-06
9.449580e+03  5.414602e-06
9.602420e+03  5.108594e-06
9.757730e+03  4.820022e-06
9.915550e+03  4.547886e-06
1.007590e+04  4.291381e-06
1.023890e+04  4.049470e-06
1.040450e+04  3.821383e-06
1.057280e+04  3.606307e-06
1.074380e+04  3.403521e-06
1.091760e+04  3.212297e-06
1.109420e+04  3.032004e-06
1.127360e+04  2.862037e-06
1.145590e+04  2.701778e-06
1.164120e+04  2.550649e-06
1.182950e+04  2.408152e-06
1.191860e+04  2.344254e-06
1.191880e+04  5.846620e-06
1.202080e+04  5.664148e-06
1.221530e+04  5.335829e-06
1.241280e+04  5.026650e-06
1.261360e+04  4.735300e-06
1.281760e+04  4.460881e-06
1.302500e+04  4.202291e-06
1.323560e+04  3.958793e-06
1.344970e+04  3.729353e-06
1.366720e+04  3.513236e-06
1.373350e+04  3.450541e-06
1.373370e+04  4.812750e-06
1.388830e+04  4.619232e-06
1.411290e+04  4.355309e-06
1.434120e+04  4.106412e-06
1.435270e+04  4.094338e-06
1.435290e+04  4.705961e-06
1.457310e+04  4.463832e-06
1.480890e+04  4.222073e-06
1.504840e+04  3.992848e-06
1.529180e+04  3.775442e-06
1.553910e+04  3.569353e-06
1.579040e+04  3.373983e-06
1.604580e+04  3.188863e-06
1.630540e+04  3.013441e-06
1.656910e+04  2.847327e-06
1.683710e+04  2.690007e-06
1.710940e+04  2.541071e-06
1.738610e+04  2.400093e-06
1.766740e+04  2.266633e-06
1.795310e+04  2.140390e-06
1.824350e+04  2.020939e-06
1.853860e+04  1.907949e-06
1.883840e+04  1.801106e-06
1.914310e+04  1.700069e-06
1.945270e+04  1.604549e-06
1.976740e+04  1.514239e-06
2.008710e+04  1.428898e-06
2.041200e+04  1.348244e-06
2.074210e+04  1.272043e-06
2.107760e+04  1.200042e-06
2.141850e+04  1.132032e-06
2.176500e+04  1.067785e-06
2.211700e+04  1.007120e-06
2.247470e+04  9.498346e-07
2.283820e+04  8.957421e-07
2.320760e+04  8.446749e-07
2.358300e+04  7.964633e-07
2.396440e+04  7.509635e-07
2.435200e+04  7.080173e-07
2.474590e+04  6.674874e-07
2.514620e+04  6.292410e-07
2.555290e+04  5.931582e-07
2.596620e+04  5.591133e-07
2.638610e+04  5.269998e-07
2.681290e+04  4.967024e-07
2.724660e+04  4.681254e-07
2.768730e+04  4.411737e-07
2.813510e+04  4.157553e-07
2.859020e+04  3.917845e-07
2.905260e+04  3.691827e-07
2.952250e+04  3.478701e-07
3.000000e+04  3.277769e-07
-1  -1
