  -1
3.025550e+01  4.202487e-01
3.074490e+01  3.925528e-01
3.124210e+01  3.670887e-01
3.174750e+01  3.435862e-01
3.226090e+01  3.218803e-01
3.278270e+01  3.017987e-01
3.331300e+01  2.832022e-01
3.385180e+01  2.659675e-01
3.439930e+01  2.499785e-01
3.495570e+01  2.351454e-01
3.552110e+01  2.210957e-01
3.609560e+01  2.079828e-01
3.667940e+01  1.957636e-01
3.727270e+01  1.843727e-01
3.787550e+01  1.737501e-01
3.848820e+01  1.638330e-01
3.911070e+01  1.545724e-01
3.974320e+01  1.459231e-01
4.038610e+01  1.377508e-01
4.103930e+01  1.300457e-01
4.170310e+01  1.228261e-01
4.237760e+01  1.160619e-01
4.306300e+01  1.097210e-01
4.375950e+01  1.037736e-01
4.446730e+01  9.819274e-02
4.518650e+01  9.293475e-02
4.591740e+01  8.794104e-02
4.666000e+01  8.324705e-02
4.741470e+01  7.883305e-02
4.818160e+01  7.468104e-02
4.896090e+01  7.077355e-02
4.975280e+01  6.709590e-02
5.055760e+01  6.356231e-02
5.137530e+01  6.020268e-02
5.220620e+01  5.703652e-02
5.305060e+01  5.405253e-02
5.390870e+01  5.123871e-02
5.478060e+01  4.858576e-02
5.566670e+01  4.608280e-02
5.656700e+01  4.372127e-02
5.748200e+01  4.149169e-02
5.841170e+01  3.938613e-02
5.935640e+01  3.738448e-02
6.031650e+01  3.547310e-02
6.129210e+01  3.365789e-02
6.228340e+01  3.192175e-02
6.329080e+01  3.028108e-02
6.431450e+01  2.873083e-02
6.535470e+01  2.726541e-02
6.641180e+01  2.587965e-02
6.748590e+01  2.456918e-02
6.857750e+01  2.332953e-02
6.968670e+01  2.214526e-02
7.081380e+01  2.101810e-02
7.195910e+01  1.993732e-02
7.312300e+01  1.891232e-02
7.430570e+01  1.794277e-02
7.550760e+01  1.702572e-02
7.672890e+01  1.615775e-02
7.796990e+01  1.533617e-02
7.923100e+01  1.455213e-02
8.051250e+01  1.380992e-02
8.181470e+01  1.310009e-02
8.313800e+01  1.242406e-02
8.448270e+01  1.178393e-02
8.584910e+01  1.117818e-02
8.723770e+01  1.060487e-02
8.864870e+01  1.006078e-02
9.008250e+01  9.544090e-03
9.153950e+01  9.052782e-03
9.302010e+01  8.584143e-03
9.452460e+01  8.140585e-03
9.605350e+01  7.720705e-03
9.760710e+01  7.323245e-03
9.918580e+01  6.947044e-03
1.007900e+02  6.581209e-03
1.024200e+02  6.226240e-03
1.040770e+02  5.892067e-03
1.057600e+02  5.575991e-03
1.074710e+02  5.280682e-03
1.092090e+02  5.010371e-03
1.109750e+02  4.760845e-03
1.127700e+02  4.526253e-03
1.145940e+02  4.299810e-03
1.164480e+02  4.075304e-03
1.183310e+02  3.860223e-03
1.202450e+02  3.656665e-03
1.221900e+02  3.464016e-03
1.241660e+02  3.281693e-03
1.261750e+02  3.109084e-03
1.282150e+02  2.945764e-03
1.302890e+02  2.791078e-03
1.323970e+02  2.644459e-03
1.345380e+02  2.504064e-03
1.367140e+02  2.370591e-03
1.389250e+02  2.244287e-03
1.411720e+02  2.124781e-03
1.434560e+02  2.011670e-03
1.457760e+02  1.904642e-03
1.481340e+02  1.806658e-03
1.505300e+02  1.715251e-03
1.529640e+02  1.621999e-03
1.554390e+02  1.530296e-03
1.579530e+02  1.441394e-03
1.605070e+02  1.357643e-03
1.631030e+02  1.278689e-03
1.657420e+02  1.204221e-03
1.684220e+02  1.134006e-03
1.711460e+02  1.069545e-03
1.739150e+02  1.010915e-03
1.767270e+02  9.580146e-04
1.795860e+02  9.074427e-04
1.824910e+02  8.581123e-04
1.854420e+02  8.067668e-04
1.879000e+02  7.477610e-04
1.881000e+02  2.082688e-02
1.884420e+02  2.101819e-02
1.914890e+02  2.041583e-02
1.945870e+02  1.954030e-02
1.977340e+02  1.866538e-02
2.009320e+02  1.781835e-02
2.041820e+02  1.699797e-02
2.074850e+02  1.620792e-02
2.108400e+02  1.544997e-02
2.142510e+02  1.467931e-02
2.177160e+02  1.393495e-02
2.212370e+02  1.321932e-02
2.248160e+02  1.253859e-02
2.284520e+02  1.189176e-02
2.321470e+02  1.127719e-02
2.359020e+02  1.069367e-02
2.397170e+02  1.013984e-02
2.435950e+02  9.614140e-03
2.475350e+02  9.115298e-03
2.515380e+02  8.642132e-03
2.556070e+02  8.193219e-03
2.597410e+02  7.767438e-03
2.639420e+02  7.363626e-03
2.682110e+02  6.980731e-03
2.725490e+02  6.617726e-03
2.769570e+02  6.269384e-03
2.814370e+02  5.934246e-03
2.859890e+02  5.613881e-03
2.906150e+02  5.310364e-03
2.953150e+02  5.023265e-03
3.000920e+02  4.751629e-03
3.049450e+02  4.494700e-03
3.098780e+02  4.251604e-03
3.148900e+02  4.021733e-03
3.199830e+02  3.804296e-03
3.251580e+02  3.598606e-03
3.304180e+02  3.404088e-03
3.357620e+02  3.220113e-03
3.411920e+02  3.046028e-03
3.467110e+02  2.881430e-03
3.523190e+02  2.725745e-03
3.580170e+02  2.578460e-03
3.638080e+02  2.439129e-03
3.696920e+02  2.307359e-03
3.756720e+02  2.182697e-03
3.817480e+02  2.064817e-03
3.879220e+02  1.953513e-03
3.941970e+02  1.848599e-03
4.005730e+02  1.746459e-03
4.070520e+02  1.648879e-03
4.136350e+02  1.556676e-03
4.203260e+02  1.469674e-03
4.271240e+02  1.387563e-03
4.340320e+02  1.310023e-03
4.410520e+02  1.236818e-03
4.481860e+02  1.167598e-03
4.554350e+02  1.101686e-03
4.628020e+02  1.039083e-03
4.702870e+02  9.798475e-04
4.778940e+02  9.240095e-04
4.856230e+02  8.713604e-04
4.934780e+02  8.217115e-04
5.014590e+02  7.748985e-04
5.095700e+02  7.307533e-04
5.178120e+02  6.890658e-04
5.261870e+02  6.495769e-04
5.346980e+02  6.120115e-04
5.433460e+02  5.764623e-04
5.521340e+02  5.429750e-04
5.610650e+02  5.120238e-04
5.701390e+02  4.830432e-04
5.793610e+02  4.552791e-04
5.887320e+02  4.289933e-04
5.982540e+02  4.041551e-04
6.079300e+02  3.807553e-04
6.177630e+02  3.587123e-04
6.277550e+02  3.379163e-04
6.379080e+02  3.179592e-04
6.482260e+02  2.986622e-04
6.587110e+02  2.802139e-04
6.693650e+02  2.629089e-04
6.801910e+02  2.474551e-04
6.911930e+02  2.334841e-04
7.023720e+02  2.204427e-04
7.137330e+02  2.076875e-04
7.252770e+02  1.953820e-04
7.370080e+02  1.838043e-04
7.489280e+02  1.729150e-04
7.610420e+02  1.626703e-04
7.733510e+02  1.530213e-04
7.858590e+02  1.439111e-04
7.985700e+02  1.353165e-04
8.114860e+02  1.272336e-04
8.246110e+02  1.196344e-04
8.379490e+02  1.124891e-04
8.515020e+02  1.057399e-04
8.652740e+02  9.936278e-05
8.792690e+02  9.334216e-05
8.934910e+02  8.768294e-05
9.079430e+02  8.236806e-05
9.226280e+02  7.737706e-05
9.375510e+02  7.273293e-05
9.527150e+02  6.837717e-05
9.681240e+02  6.428963e-05
9.837830e+02  6.044694e-05
9.996950e+02  5.682888e-05
1.015860e+03  5.342302e-05
1.032290e+03  5.016411e-05
1.048990e+03  4.709699e-05
1.065960e+03  4.421100e-05
1.083200e+03  4.150349e-05
1.100720e+03  3.896157e-05
1.118520e+03  3.657499e-05
1.136610e+03  3.433481e-05
1.155000e+03  3.223117e-05
1.173680e+03  3.025672e-05
1.192660e+03  2.840360e-05
1.211950e+03  2.666387e-05
1.231550e+03  2.503101e-05
1.251470e+03  2.349623e-05
1.271720e+03  2.205391e-05
1.292290e+03  2.069864e-05
1.313190e+03  1.942662e-05
1.334430e+03  1.823278e-05
1.356010e+03  1.711241e-05
1.377940e+03  1.606093e-05
1.400230e+03  1.507403e-05
1.422880e+03  1.414789e-05
1.445890e+03  1.327844e-05
1.469280e+03  1.246159e-05
1.493040e+03  1.169415e-05
1.517190e+03  1.096902e-05
1.541730e+03  1.028834e-05
1.566670e+03  9.649879e-06
1.592010e+03  9.051123e-06
1.617760e+03  8.489439e-06
1.643920e+03  7.962666e-06
1.670510e+03  7.468507e-06
1.697530e+03  7.004994e-06
1.724990e+03  6.570186e-06
1.752890e+03  6.160695e-06
1.781240e+03  5.776199e-06
1.810050e+03  5.415347e-06
1.839320e+03  5.076934e-06
1.869070e+03  4.759597e-06
1.899300e+03  4.462086e-06
1.930020e+03  4.183283e-06
1.961240e+03  3.921900e-06
1.992960e+03  3.676843e-06
2.025200e+03  3.450286e-06
2.057950e+03  3.233949e-06
2.091240e+03  3.030998e-06
2.125060e+03  2.840716e-06
2.159430e+03  2.662331e-06
2.194360e+03  2.494774e-06
2.229850e+03  2.337877e-06
2.265920e+03  2.190706e-06
2.302570e+03  2.052593e-06
2.339810e+03  1.923225e-06
2.377660e+03  1.801873e-06
2.416110e+03  1.688115e-06
2.455190e+03  1.581472e-06
2.494900e+03  1.481499e-06
2.535260e+03  1.387760e-06
2.576260e+03  1.299911e-06
2.617930e+03  1.217562e-06
2.660270e+03  1.140382e-06
2.703300e+03  1.068039e-06
2.747030e+03  1.000241e-06
2.791460e+03  9.366995e-07
2.836610e+03  8.771765e-07
2.882490e+03  8.213838e-07
2.929110e+03  7.691029e-07
2.976480e+03  7.201168e-07
3.024630e+03  6.742200e-07
3.073550e+03  6.312179e-07
3.123260e+03  5.909383e-07
3.173780e+03  5.531995e-07
3.225110e+03  5.178470e-07
3.277270e+03  4.847399e-07
3.330280e+03  4.537164e-07
3.384150e+03  4.246629e-07
3.438880e+03  3.974615e-07
3.494500e+03  3.719776e-07
3.551020e+03  3.481161e-07
3.608460e+03  3.257625e-07
3.666820e+03  3.048376e-07
3.726130e+03  2.852426e-07
3.786400e+03  2.668884e-07
3.847640e+03  2.497085e-07
3.909870e+03  2.336297e-07
3.973110e+03  2.185700e-07
4.037380e+03  2.045410e-07
4.102680e+03  1.913412e-07
4.169030e+03  1.789972e-07
4.236460e+03  1.674438e-07
4.304980e+03  1.566328e-07
4.374620e+03  1.465125e-07
4.445370e+03  1.370455e-07
4.517270e+03  1.281885e-07
4.590330e+03  1.198995e-07
4.664580e+03  1.121421e-07
4.740030e+03  1.048824e-07
4.816690e+03  9.809375e-08
4.894600e+03  9.173848e-08
4.973770e+03  8.579362e-08
5.054210e+03  8.023232e-08
5.135960e+03  7.502845e-08
5.219030e+03  7.016043e-08
5.303440e+03  6.560567e-08
5.389220e+03  6.134495e-08
5.476390e+03  5.735865e-08
5.564970e+03  5.362994e-08
5.654980e+03  5.014182e-08
5.746440e+03  4.687882e-08
5.839390e+03  4.382657e-08
5.933830e+03  4.097201e-08
6.029810e+03  3.830172e-08
6.127330e+03  3.580401e-08
6.226440e+03  3.346791e-08
6.327150e+03  3.128293e-08
6.429480e+03  2.923975e-08
6.533480e+03  2.732840e-08
6.639150e+03  2.554151e-08
6.746540e+03  2.387039e-08
6.855650e+03  2.230762e-08
6.966540e+03  2.084576e-08
7.079220e+03  1.947944e-08
7.193720e+03  1.820173e-08
7.310070e+03  1.700715e-08
7.428310e+03  1.589015e-08
7.548450e+03  1.484560e-08
7.670540e+03  1.386948e-08
7.794610e+03  1.295687e-08
7.920680e+03  1.210380e-08
8.048790e+03  1.130627e-08
8.178980e+03  1.056041e-08
8.311260e+03  9.863719e-09
8.445690e+03  9.212419e-09
8.582290e+03  8.603483e-09
8.721110e+03  8.034742e-09
8.862160e+03  7.503144e-09
9.005500e+03  7.006225e-09
9.151160e+03  6.541858e-09
9.299170e+03  6.108156e-09
9.449580e+03  5.702562e-09
9.602420e+03  5.323866e-09
9.757730e+03  4.969841e-09
9.915550e+03  4.639561e-09
1.007590e+04  4.330745e-09
1.023890e+04  4.042214e-09
1.040450e+04  3.772729e-09
1.057280e+04  3.520996e-09
1.074380e+04  3.285914e-09
1.091760e+04  3.066326e-09
1.109420e+04  2.861266e-09
1.127360e+04  2.669791e-09
1.145590e+04  2.491006e-09
1.164120e+04  2.324051e-09
1.182950e+04  2.168150e-09
1.202080e+04  2.022629e-09
1.221530e+04  1.886742e-09
1.241280e+04  1.759925e-09
1.261360e+04  1.641523e-09
1.281760e+04  1.531022e-09
1.302500e+04  1.427855e-09
1.323560e+04  1.331618e-09
1.344970e+04  1.241785e-09
1.366720e+04  1.157965e-09
1.388830e+04  1.079743e-09
1.411290e+04  1.006771e-09
1.434120e+04  9.386768e-10
1.457310e+04  8.751689e-10
1.480890e+04  8.159034e-10
1.504840e+04  7.606367e-10
1.529180e+04  7.090859e-10
1.553910e+04  6.610101e-10
1.579040e+04  6.161745e-10
1.604580e+04  5.743627e-10
1.630540e+04  5.353697e-10
1.656910e+04  4.990195e-10
1.683710e+04  4.651273e-10
1.710940e+04  4.335326e-10
1.738610e+04  4.040809e-10
1.766740e+04  3.766222e-10
1.795310e+04  3.510354e-10
1.824350e+04  3.271849e-10
1.853860e+04  3.049589e-10
1.883840e+04  2.842487e-10
1.914310e+04  2.649500e-10
1.945270e+04  2.469689e-10
1.976740e+04  2.302145e-10
2.008710e+04  2.145226e-10
2.041200e+04  1.999876e-10
2.074210e+04  1.864465e-10
2.107760e+04  1.738283e-10
2.141850e+04  1.620715e-10
2.176500e+04  1.511145e-10
2.211700e+04  1.409055e-10
2.247470e+04  1.313915e-10
2.283820e+04  1.225244e-10
2.320760e+04  1.142601e-10
2.358300e+04  1.065566e-10
2.396440e+04  9.937744e-11
2.435200e+04  9.268465e-11
2.474590e+04  8.644587e-11
2.514620e+04  8.062963e-11
2.555290e+04  7.520786e-11
2.596620e+04  7.015276e-11
2.638610e+04  6.544021e-11
2.681290e+04  6.104581e-11
2.724660e+04  5.694823e-11
2.768730e+04  5.312765e-11
2.813510e+04  4.956504e-11
2.859020e+04  4.624243e-11
2.905260e+04  4.314411e-11
2.952250e+04  4.025428e-11
3.000000e+04  3.755927e-11
-1  -1
