  -1
3.025540e+01  1.082105e-01
3.074480e+01  9.765055e-02
3.124210e+01  8.825398e-02
3.174740e+01  7.987159e-02
3.226090e+01  7.237597e-02
3.278270e+01  6.566017e-02
3.331290e+01  5.963368e-02
3.385170e+01  5.418810e-02
3.439920e+01  4.977063e-02
3.495560e+01  4.614538e-02
3.552100e+01  4.284740e-02
3.609550e+01  3.981950e-02
3.667930e+01  3.703656e-02
3.727260e+01  3.447451e-02
3.787540e+01  3.211210e-02
3.848800e+01  2.992985e-02
3.890000e+01  2.856980e-02
3.920000e+01  2.785082e-02
3.950000e+01  2.728877e-02
3.990000e+01  2.634571e-02
4.000000e+01  2.612015e-02
4.027600e+01  2.548644e-02
4.055600e+01  2.498737e-02
4.069700e+01  2.466405e-02
4.112700e+01  2.387885e-02
4.156600e+01  2.292175e-02
4.216700e+01  2.186010e-02
4.247300e+01  2.128007e-02
4.294200e+01  2.058593e-02
4.326000e+01  2.002892e-02
4.374600e+01  1.931140e-02
4.407600e+01  1.888611e-02
4.441100e+01  1.840158e-02
4.458100e+01  1.813345e-02
4.492400e+01  1.770223e-02
4.527200e+01  1.717552e-02
4.544800e+01  1.697331e-02
4.598500e+01  1.627128e-02
4.672880e+01  1.545266e-02
4.748460e+01  1.468914e-02
4.767400e+01  1.450690e-02
4.826500e+01  1.400778e-02
4.887100e+01  1.363166e-02
4.907600e+01  1.351587e-02
4.928300e+01  1.325140e-02
4.989300e+01  1.282636e-02
5.070000e+01  1.245463e-02
5.152000e+01  1.210108e-02
5.190100e+01  1.194379e-02
5.240100e+01  1.170573e-02
5.324850e+01  1.126927e-02
5.340100e+01  1.119371e-02
5.390000e+01  1.086909e-02
5.440100e+01  1.058339e-02
5.490100e+01  1.036223e-02
5.540000e+01  1.008389e-02
5.590100e+01  9.840460e-03
5.680520e+01  9.313532e-03
5.690100e+01  9.259805e-03
5.740100e+01  9.003884e-03
5.790100e+01  8.805169e-03
5.840000e+01  8.546926e-03
5.934460e+01  8.141893e-03
6.030440e+01  7.813098e-03
6.090100e+01  7.620812e-03
6.140100e+01  7.448841e-03
6.239410e+01  7.205570e-03
6.240100e+01  7.203940e-03
6.340000e+01  6.923557e-03
6.390200e+01  6.831584e-03
6.440000e+01  6.702715e-03
6.540100e+01  6.499606e-03
6.590100e+01  6.372039e-03
6.696690e+01  6.161079e-03
6.805000e+01  5.940662e-03
6.915070e+01  5.717556e-03
6.940100e+01  5.668570e-03
7.023400e+01  5.467650e-03
7.137000e+01  5.276505e-03
7.252430e+01  5.092561e-03
7.256700e+01  5.085925e-03
7.290000e+01  5.021377e-03
7.356800e+01  4.935848e-03
7.475790e+01  4.764351e-03
7.490000e+01  4.744471e-03
7.523500e+01  4.708079e-03
7.556700e+01  4.663201e-03
7.656800e+01  4.556394e-03
7.723500e+01  4.480167e-03
7.756700e+01  4.452641e-03
7.790100e+01  4.412442e-03
7.856700e+01  4.352794e-03
7.890000e+01  4.313526e-03
8.017610e+01  4.199321e-03
8.090000e+01  4.136782e-03
8.123400e+01  4.104328e-03
8.156800e+01  4.080468e-03
8.288730e+01  3.960838e-03
8.356800e+01  3.901292e-03
8.490100e+01  3.771973e-03
8.627420e+01  3.646267e-03
8.766960e+01  3.517578e-03
8.908760e+01  3.391544e-03
9.052850e+01  3.269231e-03
9.199280e+01  3.151023e-03
9.348070e+01  3.036876e-03
9.499260e+01  2.930780e-03
9.652910e+01  2.828316e-03
9.756700e+01  2.761732e-03
9.856800e+01  2.712498e-03
9.877700e+01  2.695118e-03
9.952600e+01  2.643436e-03
9.990100e+01  2.622038e-03
1.002700e+02  2.597739e-03
1.006600e+02  2.580438e-03
1.020300e+02  2.496308e-03
1.024000e+02  2.478448e-03
1.037700e+02  2.406376e-03
1.040300e+02  2.395591e-03
1.055300e+02  2.304202e-03
1.065300e+02  2.256911e-03
1.069000e+02  2.246180e-03
1.077700e+02  2.227753e-03
1.080300e+02  2.236514e-03
1.082800e+02  2.231147e-03
1.084000e+02  2.217844e-03
1.085300e+02  2.214522e-03
1.086500e+02  2.239321e-03
1.087700e+02  2.231419e-03
1.090300e+02  2.240408e-03
1.091500e+02  2.251241e-03
1.092700e+02  2.247915e-03
1.094000e+02  2.270263e-03
1.095300e+02  2.264031e-03
1.097700e+02  2.281950e-03
1.099000e+02  2.303522e-03
1.100300e+02  2.305161e-03
1.101600e+02  2.330517e-03
1.102700e+02  2.346862e-03
1.105300e+02  2.370652e-03
1.106600e+02  2.408248e-03
1.107700e+02  2.446375e-03
1.109000e+02  2.445509e-03
1.110300e+02  2.499728e-03
1.111500e+02  2.525872e-03
1.112800e+02  2.523943e-03
1.114000e+02  2.600746e-03
1.115300e+02  2.720846e-03
1.116000e+02  2.889772e-03
1.118000e+02  4.828182e-03
1.120000e+02  1.315803e-02
1.122500e+02  1.743540e-02
1.125000e+02  1.972007e-02
1.127500e+02  2.525143e-02
1.130000e+02  3.768040e-02
1.132500e+02  4.989097e-02
1.135000e+02  5.231430e-02
1.137500e+02  4.881492e-02
1.140000e+02  4.535246e-02
1.142500e+02  4.138369e-02
1.145000e+02  3.925175e-02
1.147500e+02  3.846772e-02
1.150000e+02  3.786176e-02
1.155000e+02  3.884434e-02
1.157500e+02  3.976281e-02
1.160000e+02  4.023635e-02
1.162500e+02  4.033274e-02
1.165000e+02  4.078996e-02
1.167500e+02  4.131028e-02
1.170000e+02  4.303408e-02
1.172500e+02  4.472082e-02
1.175000e+02  4.766242e-02
1.177500e+02  5.304163e-02
1.180000e+02  5.558102e-02
1.182500e+02  5.693241e-02
1.185000e+02  5.676893e-02
1.187500e+02  5.634927e-02
1.190000e+02  5.577107e-02
1.192500e+02  5.539959e-02
1.195000e+02  5.558924e-02
1.205000e+02  5.804572e-02
1.210000e+02  5.719569e-02
1.215000e+02  6.147589e-02
1.220000e+02  6.277538e-02
1.225000e+02  6.222506e-02
1.230000e+02  6.108097e-02
1.235000e+02  6.118150e-02
1.240000e+02  6.445271e-02
1.250000e+02  6.953655e-02
1.255000e+02  7.326291e-02
1.260000e+02  7.381404e-02
1.265000e+02  7.350466e-02
1.270000e+02  7.090628e-02
1.275000e+02  6.662807e-02
1.280000e+02  5.956292e-02
1.285000e+02  5.495987e-02
1.290000e+02  4.969145e-02
1.295000e+02  4.549479e-02
1.300000e+02  4.100173e-02
1.305000e+02  3.815276e-02
1.310000e+02  3.429099e-02
1.315000e+02  3.279567e-02
1.320000e+02  3.112575e-02
1.330000e+02  2.949128e-02
1.335000e+02  2.930775e-02
1.340000e+02  2.906383e-02
1.345000e+02  2.890761e-02
1.355000e+02  2.836063e-02
1.360000e+02  2.819622e-02
1.365000e+02  2.793760e-02
1.375000e+02  2.713214e-02
1.380000e+02  2.668850e-02
1.385000e+02  2.645477e-02
1.390000e+02  2.604950e-02
1.400000e+02  2.552362e-02
1.410000e+02  2.550771e-02
1.415000e+02  2.555404e-02
1.420000e+02  2.536757e-02
1.425000e+02  2.528748e-02
1.430000e+02  2.512701e-02
1.435000e+02  2.503304e-02
1.440000e+02  2.475952e-02
1.445000e+02  2.459274e-02
1.450000e+02  2.430841e-02
1.455000e+02  2.414356e-02
1.460000e+02  2.390945e-02
1.465000e+02  2.373675e-02
1.480000e+02  2.353229e-02
1.485000e+02  2.350509e-02
1.490000e+02  2.337934e-02
1.500000e+02  2.332920e-02
1.510000e+02  2.297666e-02
1.520000e+02  2.268289e-02
1.530000e+02  2.262158e-02
1.535000e+02  2.249394e-02
1.550000e+02  2.237811e-02
1.555000e+02  2.243402e-02
1.565000e+02  2.244095e-02
1.570000e+02  2.244986e-02
1.575000e+02  2.250792e-02
1.580000e+02  2.244529e-02
1.590000e+02  2.219961e-02
1.600000e+02  2.198074e-02
1.605000e+02  2.181749e-02
1.615000e+02  2.134967e-02
1.620000e+02  2.115990e-02
1.630000e+02  2.043272e-02
1.645000e+02  1.915402e-02
1.655000e+02  1.836765e-02
1.660000e+02  1.803204e-02
1.670000e+02  1.727877e-02
1.675000e+02  1.694736e-02
1.680000e+02  1.658078e-02
1.695000e+02  1.576150e-02
1.700000e+02  1.554800e-02
1.705000e+02  1.539482e-02
1.710000e+02  1.520499e-02
1.715000e+02  1.507120e-02
1.729900e+02  1.454029e-02
1.739900e+02  1.413713e-02
1.745000e+02  1.405339e-02
1.755100e+02  1.370732e-02
1.760000e+02  1.350835e-02
1.765000e+02  1.334431e-02
1.775100e+02  1.293937e-02
1.780000e+02  1.265639e-02
1.785000e+02  1.253526e-02
1.800000e+02  1.207559e-02
1.810000e+02  1.191156e-02
1.815100e+02  1.186225e-02
1.820000e+02  1.170042e-02
1.835000e+02  1.144729e-02
1.844900e+02  1.127086e-02
1.874740e+02  1.079613e-02
1.875000e+02  1.079211e-02
1.880000e+02  1.067384e-02
1.885000e+02  1.063807e-02
1.890000e+02  1.057213e-02
1.900000e+02  1.048514e-02
1.905000e+02  1.040901e-02
1.910000e+02  1.035652e-02
1.920000e+02  1.019362e-02
1.935100e+02  9.999623e-03
1.940000e+02  9.916063e-03
1.945000e+02  9.777119e-03
1.950000e+02  9.712757e-03
1.955000e+02  9.672219e-03
1.965000e+02  9.530419e-03
1.975000e+02  9.367903e-03
1.990100e+02  9.230208e-03
2.000000e+02  9.084627e-03
2.015000e+02  8.912435e-03
2.030000e+02  8.768612e-03
2.045000e+02  8.626663e-03
2.070000e+02  8.317363e-03
2.075000e+02  8.226936e-03
2.080100e+02  8.179470e-03
2.085000e+02  8.101987e-03
2.105000e+02  7.871484e-03
2.120000e+02  7.667075e-03
2.125000e+02  7.627465e-03
2.130000e+02  7.563676e-03
2.135000e+02  7.474390e-03
2.145000e+02  7.358474e-03
2.150000e+02  7.335131e-03
2.155000e+02  7.259490e-03
2.170000e+02  7.091594e-03
2.180000e+02  6.965044e-03
2.190000e+02  6.863676e-03
2.200000e+02  6.750533e-03
2.205000e+02  6.702441e-03
2.210000e+02  6.689193e-03
2.215000e+02  6.626462e-03
2.220000e+02  6.581713e-03
2.225000e+02  6.522107e-03
2.230000e+02  6.475469e-03
2.235000e+02  6.410405e-03
2.240000e+02  6.368207e-03
2.245000e+02  6.356492e-03
2.260000e+02  6.215413e-03
2.264900e+02  6.160427e-03
2.275000e+02  6.077177e-03
2.280000e+02  6.003291e-03
2.285000e+02  5.893893e-03
2.290000e+02  5.857145e-03
2.295000e+02  5.799511e-03
2.305000e+02  5.698827e-03
2.310000e+02  5.660850e-03
2.315000e+02  5.591158e-03
2.320000e+02  5.509868e-03
2.345000e+02  5.262367e-03
2.350000e+02  5.192877e-03
2.355000e+02  5.163318e-03
2.365000e+02  5.121334e-03
2.375000e+02  5.018704e-03
2.380000e+02  4.989315e-03
2.385000e+02  4.942771e-03
2.395000e+02  4.890595e-03
2.400000e+02  4.854280e-03
2.405000e+02  4.806010e-03
2.410000e+02  4.773835e-03
2.415000e+02  4.702474e-03
2.420000e+02  4.674824e-03
2.425000e+02  4.676068e-03
2.435000e+02  4.619033e-03
2.440000e+02  4.547058e-03
2.445000e+02  4.526854e-03
2.450000e+02  4.492620e-03
2.460000e+02  4.459642e-03
2.465000e+02  4.439280e-03
2.475000e+02  4.387877e-03
2.485000e+02  4.351096e-03
2.489900e+02  4.382312e-03
2.495000e+02  4.363389e-03
2.500000e+02  4.297623e-03
2.515400e+02  4.218724e-03
2.556080e+02  3.975906e-03
2.597430e+02  3.747574e-03
2.639440e+02  3.532350e-03
2.682130e+02  3.329514e-03
2.725510e+02  3.138353e-03
2.769590e+02  2.958188e-03
2.814390e+02  2.788382e-03
2.859910e+02  2.628369e-03
2.906170e+02  2.477556e-03
2.953170e+02  2.335420e-03
3.000940e+02  2.201455e-03
3.049470e+02  2.075208e-03
3.098800e+02  1.956215e-03
3.148920e+02  1.844054e-03
3.199850e+02  1.739719e-03
3.251600e+02  1.641294e-03
3.304200e+02  1.548455e-03
3.357640e+02  1.460884e-03
3.411950e+02  1.378275e-03
3.467130e+02  1.300355e-03
3.523210e+02  1.226848e-03
3.580200e+02  1.157502e-03
3.638100e+02  1.092094e-03
3.696950e+02  1.030383e-03
3.756740e+02  9.721723e-04
3.817500e+02  9.172584e-04
3.879250e+02  8.654479e-04
3.941990e+02  8.150884e-04
4.005750e+02  7.676615e-04
4.070540e+02  7.220199e-04
4.136380e+02  6.790972e-04
4.203280e+02  6.387320e-04
4.271260e+02  6.007681e-04
4.340350e+02  5.650627e-04
4.410550e+02  5.314851e-04
4.481890e+02  4.999029e-04
4.554380e+02  4.702026e-04
4.628040e+02  4.422693e-04
4.702900e+02  4.159954e-04
4.778960e+02  3.912871e-04
4.856260e+02  3.680470e-04
4.934800e+02  3.461895e-04
5.014620e+02  3.256309e-04
5.095730e+02  3.062939e-04
5.178150e+02  2.881076e-04
5.261900e+02  2.710028e-04
5.347010e+02  2.549136e-04
5.433490e+02  2.397811e-04
5.521370e+02  2.255482e-04
5.610680e+02  2.121604e-04
5.701420e+02  1.993465e-04
5.793640e+02  1.873065e-04
5.887350e+02  1.759947e-04
5.982570e+02  1.653667e-04
6.079330e+02  1.553810e-04
6.177660e+02  1.459987e-04
6.277580e+02  1.371831e-04
6.379120e+02  1.289001e-04
6.482290e+02  1.207885e-04
6.587140e+02  1.131870e-04
6.693680e+02  1.060648e-04
6.801950e+02  9.965189e-05
6.911960e+02  9.387369e-05
7.023760e+02  8.842990e-05
7.137360e+02  8.305922e-05
7.252800e+02  7.801430e-05
7.370110e+02  7.321408e-05
7.489320e+02  6.870900e-05
7.610450e+02  6.448137e-05
7.733540e+02  6.051419e-05
7.858630e+02  5.679092e-05
7.985730e+02  5.329698e-05
8.114900e+02  5.001819e-05
8.246150e+02  4.694110e-05
8.379520e+02  4.405317e-05
8.515050e+02  4.134334e-05
8.652780e+02  3.880002e-05
8.792730e+02  3.641339e-05
8.934950e+02  3.418269e-05
9.079460e+02  3.208905e-05
9.226310e+02  3.012330e-05
9.375540e+02  2.827830e-05
9.527190e+02  2.652793e-05
9.681280e+02  2.488609e-05
9.837870e+02  2.334602e-05
9.996990e+02  2.190101e-05
1.015870e+03  2.054562e-05
1.032300e+03  1.927416e-05
1.049000e+03  1.808116e-05
1.065960e+03  1.696238e-05
1.083200e+03  1.591279e-05
1.100720e+03  1.492806e-05
1.118530e+03  1.400411e-05
1.136620e+03  1.313750e-05
1.155000e+03  1.232464e-05
1.173680e+03  1.156199e-05
1.192670e+03  1.084644e-05
1.211960e+03  1.017528e-05
1.231560e+03  9.545693e-06
1.251480e+03  8.955030e-06
1.271720e+03  8.400947e-06
1.292290e+03  7.881114e-06
1.313190e+03  7.393498e-06
1.334430e+03  6.936016e-06
1.356010e+03  6.506894e-06
1.377950e+03  6.103944e-06
1.400230e+03  5.726061e-06
1.422880e+03  5.371511e-06
1.445900e+03  5.038885e-06
1.469280e+03  4.726948e-06
1.493050e+03  4.434252e-06
1.517200e+03  4.159698e-06
1.541730e+03  3.898238e-06
1.566670e+03  3.653150e-06
1.592010e+03  3.423479e-06
1.617760e+03  3.208261e-06
1.643930e+03  3.006553e-06
1.670520e+03  2.817540e-06
1.697530e+03  2.640444e-06
1.724990e+03  2.474440e-06
1.752890e+03  2.318885e-06
1.781240e+03  2.173114e-06
1.810050e+03  2.036503e-06
1.839330e+03  1.908471e-06
1.869080e+03  1.788498e-06
1.899310e+03  1.676067e-06
1.930030e+03  1.570705e-06
1.961250e+03  1.471961e-06
1.992970e+03  1.379431e-06
2.025200e+03  1.292723e-06
2.057960e+03  1.210247e-06
2.091240e+03  1.133043e-06
2.125070e+03  1.060752e-06
2.159440e+03  9.930771e-07
2.194370e+03  9.297195e-07
2.229860e+03  8.704088e-07
2.265930e+03  8.148783e-07
2.302570e+03  7.628961e-07
2.339820e+03  7.142230e-07
2.377660e+03  6.686604e-07
2.416120e+03  6.260003e-07
2.455200e+03  5.860641e-07
2.494910e+03  5.486758e-07
2.535260e+03  5.136749e-07
2.576270e+03  4.809046e-07
2.617940e+03  4.502250e-07
2.660280e+03  4.215031e-07
2.703310e+03  3.946132e-07
2.747030e+03  3.694388e-07
2.791460e+03  3.458710e-07
2.836610e+03  3.238062e-07
2.882490e+03  3.031490e-07
2.929110e+03  2.838114e-07
2.976490e+03  2.657053e-07
3.024630e+03  2.487550e-07
3.073550e+03  2.326678e-07
3.123260e+03  2.176229e-07
3.173780e+03  2.035473e-07
3.225110e+03  1.903854e-07
3.277280e+03  1.780727e-07
3.330290e+03  1.665571e-07
3.384150e+03  1.557868e-07
3.438890e+03  1.457113e-07
3.494510e+03  1.362882e-07
3.551030e+03  1.274748e-07
3.608460e+03  1.192316e-07
3.666830e+03  1.115207e-07
3.726130e+03  1.043094e-07
3.786400e+03  9.756346e-08
3.847640e+03  9.125442e-08
3.909880e+03  8.535288e-08
3.973120e+03  7.983327e-08
4.037380e+03  7.467078e-08
4.102680e+03  6.984203e-08
4.169040e+03  6.528698e-08
4.236470e+03  6.102922e-08
4.304990e+03  5.704917e-08
4.374620e+03  5.332865e-08
4.445370e+03  4.985099e-08
4.517270e+03  4.659993e-08
4.590340e+03  4.356060e-08
4.664580e+03  4.071982e-08
4.740030e+03  3.806421e-08
4.816700e+03  3.558182e-08
4.894600e+03  3.326140e-08
4.973770e+03  3.109206e-08
5.054210e+03  2.906449e-08
5.135960e+03  2.716899e-08
5.219030e+03  2.539720e-08
5.303450e+03  2.372995e-08
5.389230e+03  2.217229e-08
5.476390e+03  2.071682e-08
5.564970e+03  1.935688e-08
5.654980e+03  1.808622e-08
5.746440e+03  1.689902e-08
5.839390e+03  1.578968e-08
5.933830e+03  1.475321e-08
6.029810e+03  1.378471e-08
6.127330e+03  1.287991e-08
6.226440e+03  1.203441e-08
6.327150e+03  1.124440e-08
6.429480e+03  1.050253e-08
6.533480e+03  9.809549e-09
6.639150e+03  9.162335e-09
6.746530e+03  8.557847e-09
6.855650e+03  7.993190e-09
6.966540e+03  7.465791e-09
7.079210e+03  6.973238e-09
7.193710e+03  6.513121e-09
7.310070e+03  6.083381e-09
7.428300e+03  5.682023e-09
7.548450e+03  5.307139e-09
7.670540e+03  4.956984e-09
7.794600e+03  4.629909e-09
7.920680e+03  4.324422e-09
8.048790e+03  4.039116e-09
8.178970e+03  3.772610e-09
8.311260e+03  3.523712e-09
8.445680e+03  3.289906e-09
8.582290e+03  3.071596e-09
8.721100e+03  2.867784e-09
8.862160e+03  2.677487e-09
9.005490e+03  2.499820e-09
9.151150e+03  2.333951e-09
9.299160e+03  2.179081e-09
9.449570e+03  2.034484e-09
9.602410e+03  1.899489e-09
9.757720e+03  1.773453e-09
9.915540e+03  1.655778e-09
1.007590e+04  1.545914e-09
1.023890e+04  1.443324e-09
1.040450e+04  1.347556e-09
1.057280e+04  1.258135e-09
1.074380e+04  1.174654e-09
1.091760e+04  1.096706e-09
1.109410e+04  1.023951e-09
1.127360e+04  9.559930e-10
1.145590e+04  8.925664e-10
1.164120e+04  8.333393e-10
1.182950e+04  7.780418e-10
1.202080e+04  7.264201e-10
1.221530e+04  6.782112e-10
1.241280e+04  6.332146e-10
1.261360e+04  5.909328e-10
1.281760e+04  5.514790e-10
1.302490e+04  5.146583e-10
1.323560e+04  4.802940e-10
1.344970e+04  4.482220e-10
1.366720e+04  4.182978e-10
1.388830e+04  3.903661e-10
1.411290e+04  3.643037e-10
1.434120e+04  3.399782e-10
1.457310e+04  3.172813e-10
1.480880e+04  2.960961e-10
1.504830e+04  2.763276e-10
1.529170e+04  2.578770e-10
1.553910e+04  2.406570e-10
1.579040e+04  2.245900e-10
1.604580e+04  2.095938e-10
1.630530e+04  1.956001e-10
1.656910e+04  1.824712e-10
1.683700e+04  1.702274e-10
1.710940e+04  1.588020e-10
1.738610e+04  1.481450e-10
1.766730e+04  1.382025e-10
1.795310e+04  1.289265e-10
1.824340e+04  1.202752e-10
1.853850e+04  1.122029e-10
1.883840e+04  1.046723e-10
1.914300e+04  9.764875e-11
1.945270e+04  9.109409e-11
1.976730e+04  8.498080e-11
2.008700e+04  7.927787e-11
2.041190e+04  7.395723e-11
2.074210e+04  6.899382e-11
2.107750e+04  6.436377e-11
2.141850e+04  6.004355e-11
2.176490e+04  5.601424e-11
2.211690e+04  5.225507e-11
2.247460e+04  4.874822e-11
2.283810e+04  4.547695e-11
2.320750e+04  4.242461e-11
2.358290e+04  3.957719e-11
2.396430e+04  3.692120e-11
2.435190e+04  3.444335e-11
2.474580e+04  3.213181e-11
2.514610e+04  2.997521e-11
2.555280e+04  2.796364e-11
2.596610e+04  2.608680e-11
2.638600e+04  2.433628e-11
2.681280e+04  2.270301e-11
2.724650e+04  2.117933e-11
2.768720e+04  1.975793e-11
2.813500e+04  1.843193e-11
2.859010e+04  1.719487e-11
2.905250e+04  1.604094e-11
2.952240e+04  1.496441e-11
2.999990e+04  1.396011e-11
3.000000e+04  1.395990e-11
-1  -1
