  -1
3.025550e+01  2.811824e-01
3.074490e+01  2.559278e-01
3.124210e+01  2.331117e-01
3.174750e+01  2.115663e-01
3.226090e+01  1.889387e-01
3.278270e+01  1.684926e-01
3.331300e+01  1.501927e-01
3.385180e+01  1.338822e-01
3.439930e+01  1.193694e-01
3.495570e+01  1.064670e-01
3.552110e+01  9.500279e-02
3.609560e+01  8.481580e-02
3.667940e+01  7.576289e-02
3.727270e+01  6.771443e-02
3.787550e+01  6.055739e-02
3.848820e+01  5.418885e-02
3.911070e+01  4.847467e-02
3.974320e+01  4.325780e-02
4.038610e+01  3.861949e-02
4.103930e+01  3.449611e-02
4.170310e+01  3.082775e-02
4.237760e+01  2.756248e-02
4.306300e+01  2.472031e-02
4.375950e+01  2.224133e-02
4.446730e+01  2.002070e-02
4.518650e+01  1.802979e-02
4.591740e+01  1.624312e-02
4.666000e+01  1.470187e-02
4.741470e+01  1.331669e-02
4.818160e+01  1.206637e-02
4.896090e+01  1.093694e-02
4.975280e+01  9.940935e-03
5.055760e+01  9.166380e-03
5.137530e+01  8.455246e-03
5.220620e+01  7.801534e-03
5.305060e+01  7.219674e-03
5.390870e+01  6.807710e-03
5.478060e+01  6.421195e-03
5.566670e+01  6.082739e-03
5.656700e+01  5.790426e-03
5.748200e+01  5.545240e-03
5.841170e+01  5.364362e-03
5.935640e+01  5.190466e-03
6.031650e+01  5.022897e-03
6.129210e+01  4.860824e-03
6.228340e+01  4.704375e-03
6.329080e+01  4.589159e-03
6.431450e+01  4.514820e-03
6.535470e+01  4.441530e-03
6.641180e+01  4.359460e-03
6.748590e+01  4.920674e-03
6.857750e+01  7.646825e-03
6.968670e+01  1.077525e-02
7.081380e+01  1.222275e-02
7.195910e+01  1.217387e-02
7.312300e+01  1.212716e-02
7.430570e+01  9.808515e-03
7.550760e+01  9.661177e-03
7.672890e+01  9.579414e-03
7.796990e+01  9.498771e-03
7.923100e+01  9.613342e-03
8.051250e+01  9.805957e-03
8.181470e+01  1.000406e-02
8.313800e+01  1.020712e-02
8.448270e+01  1.042640e-02
8.584910e+01  1.070647e-02
8.723770e+01  1.099532e-02
8.864870e+01  1.129302e-02
9.008250e+01  1.159984e-02
9.153950e+01  1.191597e-02
9.302010e+01  1.224169e-02
9.452460e+01  1.257735e-02
9.605350e+01  1.292316e-02
9.760710e+01  1.328622e-02
9.918580e+01  1.366794e-02
1.007900e+02  1.406202e-02
1.024200e+02  1.446888e-02
1.040770e+02  1.488905e-02
1.057600e+02  1.532370e-02
1.074710e+02  1.577440e-02
1.092090e+02  1.600530e-02
1.109750e+02  1.613251e-02
1.127700e+02  1.625952e-02
1.145940e+02  1.638768e-02
1.164480e+02  1.651706e-02
1.183310e+02  1.664831e-02
1.202450e+02  1.678123e-02
1.221900e+02  1.691657e-02
1.241660e+02  1.697214e-02
1.261750e+02  1.699823e-02
1.282150e+02  1.702461e-02
1.302890e+02  1.705109e-02
1.323970e+02  1.707793e-02
1.345380e+02  1.710576e-02
1.367140e+02  1.713445e-02
1.389250e+02  1.716509e-02
1.411720e+02  1.704584e-02
1.434560e+02  1.688537e-02
1.457760e+02  1.672552e-02
1.481340e+02  1.656694e-02
1.505300e+02  1.640958e-02
1.529640e+02  1.625411e-02
1.554390e+02  1.610002e-02
1.579530e+02  1.591089e-02
1.605070e+02  1.572139e-02
1.631030e+02  1.553377e-02
1.657420e+02  1.534816e-02
1.684220e+02  1.516506e-02
1.711460e+02  1.498392e-02
1.739150e+02  1.482179e-02
1.767270e+02  1.466958e-02
1.795860e+02  1.451901e-02
1.824910e+02  1.437041e-02
1.854420e+02  1.422391e-02
1.884420e+02  1.407930e-02
1.914890e+02  1.393287e-02
1.945870e+02  1.362223e-02
1.977340e+02  1.331759e-02
2.009320e+02  1.301913e-02
2.041820e+02  1.272697e-02
2.074850e+02  1.244117e-02
2.108400e+02  1.216202e-02
2.142510e+02  1.187202e-02
2.177160e+02  1.152751e-02
2.212370e+02  1.119229e-02
2.248160e+02  1.086648e-02
2.284520e+02  1.055004e-02
2.321470e+02  1.024264e-02
2.359020e+02  9.944066e-03
2.397170e+02  9.654176e-03
2.435950e+02  9.372589e-03
2.475350e+02  9.098066e-03
2.515380e+02  8.818548e-03
2.556070e+02  8.547438e-03
2.597410e+02  8.284617e-03
2.639420e+02  8.029947e-03
2.682110e+02  7.783168e-03
2.725490e+02  7.543928e-03
2.769570e+02  7.288677e-03
2.814370e+02  7.013164e-03
2.859890e+02  6.730311e-03
2.906150e+02  6.456413e-03
2.953150e+02  6.193642e-03
3.000920e+02  5.941337e-03
3.049450e+02  5.699266e-03
3.098780e+02  5.466997e-03
3.148900e+02  5.244262e-03
3.199830e+02  5.030593e-03
3.251580e+02  4.825513e-03
3.304180e+02  4.628850e-03
3.357620e+02  4.440214e-03
3.411920e+02  4.259238e-03
3.467110e+02  4.085686e-03
3.523190e+02  3.919214e-03
3.580170e+02  3.759496e-03
3.638080e+02  3.606229e-03
3.696920e+02  3.459259e-03
3.756720e+02  3.318375e-03
3.817480e+02  3.183108e-03
3.879220e+02  3.052671e-03
3.941970e+02  2.926071e-03
4.005730e+02  2.796163e-03
4.070520e+02  2.668797e-03
4.136350e+02  2.547333e-03
4.203260e+02  2.431260e-03
4.271240e+02  2.320488e-03
4.340320e+02  2.214767e-03
4.410520e+02  2.113874e-03
4.481860e+02  2.017399e-03
4.554350e+02  1.924423e-03
4.628020e+02  1.835024e-03
4.702870e+02  1.749430e-03
4.778940e+02  1.667817e-03
4.856230e+02  1.590074e-03
4.934780e+02  1.515957e-03
5.014590e+02  1.445276e-03
5.095700e+02  1.377942e-03
5.178120e+02  1.313648e-03
5.261870e+02  1.252040e-03
5.346980e+02  1.192905e-03
5.433460e+02  1.136376e-03
5.521340e+02  1.082556e-03
5.610650e+02  1.030321e-03
5.701390e+02  9.802075e-04
5.793610e+02  9.327538e-04
5.887320e+02  8.876792e-04
5.982540e+02  8.448341e-04
6.079300e+02  8.040614e-04
6.177630e+02  7.652587e-04
6.277550e+02  7.282791e-04
6.379080e+02  6.924765e-04
6.482260e+02  6.575640e-04
6.587110e+02  6.238659e-04
6.693650e+02  5.919035e-04
6.801910e+02  5.628317e-04
6.911930e+02  5.361124e-04
7.023720e+02  5.108632e-04
7.137330e+02  4.858712e-04
7.252770e+02  4.614903e-04
7.370080e+02  4.383370e-04
7.489280e+02  4.163464e-04
7.610420e+02  3.954530e-04
7.733510e+02  3.755542e-04
7.858590e+02  3.564676e-04
7.985700e+02  3.382016e-04
8.114860e+02  3.208680e-04
8.246110e+02  3.044245e-04
8.379490e+02  2.888239e-04
8.515020e+02  2.740398e-04
8.652740e+02  2.600262e-04
8.792690e+02  2.467399e-04
8.934910e+02  2.341289e-04
9.079430e+02  2.221642e-04
9.226280e+02  2.108139e-04
9.375510e+02  1.999968e-04
9.527150e+02  1.897240e-04
9.681240e+02  1.799695e-04
9.837830e+02  1.707194e-04
9.996950e+02  1.619292e-04
1.015860e+03  1.535770e-04
1.032290e+03  1.455303e-04
1.048990e+03  1.378783e-04
1.065960e+03  1.306035e-04
1.083200e+03  1.237121e-04
1.100720e+03  1.171845e-04
1.118520e+03  1.110028e-04
1.136610e+03  1.051490e-04
1.155000e+03  9.960162e-05
1.173680e+03  9.434694e-05
1.192660e+03  8.937189e-05
1.211950e+03  8.465802e-05
1.231550e+03  8.019169e-05
1.251470e+03  7.595265e-05
1.271720e+03  7.192851e-05
1.292290e+03  6.810845e-05
1.313190e+03  6.449331e-05
1.334430e+03  6.106909e-05
1.356010e+03  5.782545e-05
1.377940e+03  5.475632e-05
1.400230e+03  5.184949e-05
1.422880e+03  4.909670e-05
1.445890e+03  4.648975e-05
1.469280e+03  4.404209e-05
1.493040e+03  4.175532e-05
1.517190e+03  3.971700e-05
1.541730e+03  3.779315e-05
1.549800e+03  3.717469e-05
1.550000e+03  2.207016e-04
1.566670e+03  2.131931e-04
1.592010e+03  2.022840e-04
1.617760e+03  1.919244e-04
1.643920e+03  1.820951e-04
1.670510e+03  1.727644e-04
1.697530e+03  1.639125e-04
1.724990e+03  1.555138e-04
1.752890e+03  1.475423e-04
1.781240e+03  1.399754e-04
1.781900e+03  1.398024e-04
1.782100e+03  1.609672e-04
1.810050e+03  1.526590e-04
1.839320e+03  1.445355e-04
1.869070e+03  1.368417e-04
1.899300e+03  1.295562e-04
1.930020e+03  1.226586e-04
1.961240e+03  1.161285e-04
1.992960e+03  1.099462e-04
2.025200e+03  1.041541e-04
2.057950e+03  9.853660e-05
2.091240e+03  9.320394e-05
2.125060e+03  8.814576e-05
2.159430e+03  8.335212e-05
2.194360e+03  7.880339e-05
2.229850e+03  7.449441e-05
2.265920e+03  7.041276e-05
2.302570e+03  6.654545e-05
2.339810e+03  6.288197e-05
2.377660e+03  5.941183e-05
2.416110e+03  5.612766e-05
2.455190e+03  5.301779e-05
2.494900e+03  5.007583e-05
2.535260e+03  4.729294e-05
2.576260e+03  4.465800e-05
2.617930e+03  4.216605e-05
2.660270e+03  3.981102e-05
2.703300e+03  3.758301e-05
2.747030e+03  3.547501e-05
2.791460e+03  3.348427e-05
2.836610e+03  3.160064e-05
2.882490e+03  2.982305e-05
2.929110e+03  2.814117e-05
2.976480e+03  2.655193e-05
3.024630e+03  2.505168e-05
3.073550e+03  2.363373e-05
3.123260e+03  2.229461e-05
3.173780e+03  2.102988e-05
3.225110e+03  1.983708e-05
3.277270e+03  1.870908e-05
3.330280e+03  1.764434e-05
3.384150e+03  1.663939e-05
3.438880e+03  1.569087e-05
3.494500e+03  1.479533e-05
3.551020e+03  1.395034e-05
3.608460e+03  1.315282e-05
3.666820e+03  1.240024e-05
3.726130e+03  1.169031e-05
3.786400e+03  1.102030e-05
3.847640e+03  1.038827e-05
3.909870e+03  9.792087e-06
3.973110e+03  9.229676e-06
4.037380e+03  8.699182e-06
4.102680e+03  8.198907e-06
4.169030e+03  7.727119e-06
4.236460e+03  7.282151e-06
4.304980e+03  6.862641e-06
4.374620e+03  6.466856e-06
4.445370e+03  6.093851e-06
4.517270e+03  5.742184e-06
4.590330e+03  5.410522e-06
4.664580e+03  5.097983e-06
4.740030e+03  4.803285e-06
4.816690e+03  4.525462e-06
4.894600e+03  4.263574e-06
4.973770e+03  4.016769e-06
5.054210e+03  3.784223e-06
5.135960e+03  3.564978e-06
5.219030e+03  3.358285e-06
5.303440e+03  3.163530e-06
5.389220e+03  2.980054e-06
5.476390e+03  2.807129e-06
5.564970e+03  2.644217e-06
5.654980e+03  2.490654e-06
5.746440e+03  2.345984e-06
5.839390e+03  2.209652e-06
5.933830e+03  2.081176e-06
6.029810e+03  1.960101e-06
6.127330e+03  1.846134e-06
6.226440e+03  1.738708e-06
6.327150e+03  1.637507e-06
6.429480e+03  1.542122e-06
6.533480e+03  1.452368e-06
6.639150e+03  1.367713e-06
6.746540e+03  1.288021e-06
6.855650e+03  1.212957e-06
6.966540e+03  1.142213e-06
7.079220e+03  1.075583e-06
7.193720e+03  1.012856e-06
7.310070e+03  9.537046e-07
7.428310e+03  8.980469e-07
7.548450e+03  8.456222e-07
7.670540e+03  7.962066e-07
7.794610e+03  7.496977e-07
7.920680e+03  7.058813e-07
8.048790e+03  6.646101e-07
8.178980e+03  6.257397e-07
8.311260e+03  5.891380e-07
8.445690e+03  5.546635e-07
8.582290e+03  5.221932e-07
8.721110e+03  4.916202e-07
8.862160e+03  4.628223e-07
9.005500e+03  4.357041e-07
9.151160e+03  4.101621e-07
9.299170e+03  3.861144e-07
9.449580e+03  3.634665e-07
9.602420e+03  3.421353e-07
9.757730e+03  3.220496e-07
9.915550e+03  3.031377e-07
1.007590e+04  2.853282e-07
1.023890e+04  2.685546e-07
1.040450e+04  2.527617e-07
1.057280e+04  2.378893e-07
1.074380e+04  2.238863e-07
1.091760e+04  2.106991e-07
1.109420e+04  1.982825e-07
1.127360e+04  1.865929e-07
1.145590e+04  1.755864e-07
1.164120e+04  1.652212e-07
1.182950e+04  1.554618e-07
1.202080e+04  1.462741e-07
1.221530e+04  1.376208e-07
1.241280e+04  1.294769e-07
1.261360e+04  1.218071e-07
1.281760e+04  1.145869e-07
1.302500e+04  1.077877e-07
1.323560e+04  1.013888e-07
1.344970e+04  9.536333e-08
1.347360e+04  9.471868e-08
1.347380e+04  6.897486e-07
1.366720e+04  6.558978e-07
1.388830e+04  6.197693e-07
1.411290e+04  5.855388e-07
1.434120e+04  5.531055e-07
1.457310e+04  5.223923e-07
1.480890e+04  4.932996e-07
1.504840e+04  4.657642e-07
1.529180e+04  4.397019e-07
1.553910e+04  4.150406e-07
1.579040e+04  3.917103e-07
1.604580e+04  3.696419e-07
1.630540e+04  3.487676e-07
1.656910e+04  3.290362e-07
1.683710e+04  3.103815e-07
1.710940e+04  2.927519e-07
1.738610e+04  2.760916e-07
1.766740e+04  2.603467e-07
1.795310e+04  2.454771e-07
1.824350e+04  2.314301e-07
1.853860e+04  2.181642e-07
1.883840e+04  2.056403e-07
1.914310e+04  1.938154e-07
1.945270e+04  1.826535e-07
1.976740e+04  1.721170e-07
2.008710e+04  1.621747e-07
2.041200e+04  1.527925e-07
2.074210e+04  1.439422e-07
2.107760e+04  1.355925e-07
2.141850e+04  1.277167e-07
2.176500e+04  1.202877e-07
2.211700e+04  1.132832e-07
2.247470e+04  1.066781e-07
2.283820e+04  1.004511e-07
2.320760e+04  9.457995e-08
2.358300e+04  8.904577e-08
2.396440e+04  8.382999e-08
2.435200e+04  7.891421e-08
2.474590e+04  7.428178e-08
2.514620e+04  6.991641e-08
2.555290e+04  6.580422e-08
2.596620e+04  6.192953e-08
2.638610e+04  5.827996e-08
2.681290e+04  5.484195e-08
2.724660e+04  5.160361e-08
2.768730e+04  4.855365e-08
2.813510e+04  4.568182e-08
2.859020e+04  4.297729e-08
2.905260e+04  4.043084e-08
2.952250e+04  3.803319e-08
3.000000e+04  3.577591e-08
-1  -1
