7.0  284.2  -1
3.025550e+01  1.093866e+00
3.074490e+01  1.029395e+00
3.124210e+01  9.664772e-01
3.174750e+01  9.056503e-01
3.226090e+01  8.473266e-01
3.278270e+01  7.917204e-01
3.331300e+01  7.389674e-01
3.385180e+01  6.891463e-01
3.439930e+01  6.422226e-01
3.495570e+01  5.981037e-01
3.552110e+01  5.574252e-01
3.609560e+01  5.198006e-01
3.667940e+01  4.847818e-01
3.727270e+01  4.521939e-01
3.787550e+01  4.218928e-01
3.848820e+01  3.937337e-01
3.911070e+01  3.677133e-01
3.974320e+01  3.428054e-01
4.038610e+01  3.186914e-01
4.103930e+01  2.962111e-01
4.170310e+01  2.753213e-01
4.237760e+01  2.559367e-01
4.306300e+01  2.379558e-01
4.375950e+01  2.212788e-01
4.446730e+01  2.057807e-01
4.518650e+01  1.914883e-01
4.591740e+01  1.793998e-01
4.666000e+01  1.682557e-01
4.741470e+01  1.579090e-01
4.818160e+01  1.482819e-01
4.896090e+01  1.393116e-01
4.975280e+01  1.309437e-01
5.055760e+01  1.231304e-01
5.137530e+01  1.158296e-01
5.220620e+01  1.090005e-01
5.305060e+01  1.026017e-01
5.390870e+01  9.690230e-02
5.478060e+01  9.182290e-02
5.566670e+01  8.705889e-02
5.656700e+01  8.258049e-02
5.748200e+01  7.836496e-02
5.841170e+01  7.439526e-02
5.935640e+01  7.065407e-02
6.031650e+01  6.712908e-02
6.129210e+01  6.367561e-02
6.228340e+01  6.008570e-02
6.329080e+01  5.670003e-02
6.431450e+01  5.351327e-02
6.535470e+01  5.051520e-02
6.641180e+01  4.769457e-02
6.748590e+01  4.504073e-02
6.857750e+01  4.254285e-02
6.968670e+01  4.019179e-02
7.081380e+01  3.797786e-02
7.195910e+01  3.589308e-02
7.312300e+01  3.392920e-02
7.430570e+01  3.207864e-02
7.550760e+01  3.033447e-02
7.672890e+01  2.869026e-02
7.796990e+01  2.713981e-02
7.923100e+01  2.567750e-02
8.051250e+01  2.429789e-02
8.181470e+01  2.299610e-02
8.313800e+01  2.176735e-02
8.448270e+01  2.060737e-02
8.584910e+01  1.951204e-02
8.723770e+01  1.847749e-02
8.864870e+01  1.750019e-02
9.008250e+01  1.657681e-02
9.153950e+01  1.570415e-02
9.302010e+01  1.487928e-02
9.452460e+01  1.409946e-02
9.605350e+01  1.336206e-02
9.760710e+01  1.266465e-02
9.918580e+01  1.200498e-02
1.007900e+02  1.138089e-02
1.024200e+02  1.079039e-02
1.040770e+02  1.023142e-02
1.057600e+02  9.702499e-03
1.074710e+02  9.201645e-03
1.092090e+02  8.727562e-03
1.109750e+02  8.278651e-03
1.127700e+02  7.853415e-03
1.145940e+02  7.450647e-03
1.164480e+02  7.069044e-03
1.183310e+02  6.707632e-03
1.202450e+02  6.365108e-03
1.221900e+02  6.040501e-03
1.241660e+02  5.732911e-03
1.261750e+02  5.441258e-03
1.282150e+02  5.164902e-03
1.302890e+02  4.902839e-03
1.323970e+02  4.654343e-03
1.345380e+02  4.407870e-03
1.367140e+02  4.174626e-03
1.389250e+02  3.953934e-03
1.411720e+02  3.745082e-03
1.434560e+02  3.547418e-03
1.457760e+02  3.360392e-03
1.481340e+02  3.183359e-03
1.505300e+02  3.015806e-03
1.529640e+02  2.857216e-03
1.554390e+02  2.707033e-03
1.579530e+02  2.564888e-03
1.605070e+02  2.430325e-03
1.631030e+02  2.302893e-03
1.657420e+02  2.182200e-03
1.684220e+02  2.067952e-03
1.711460e+02  1.959740e-03
1.739150e+02  1.857229e-03
1.767270e+02  1.760183e-03
1.795860e+02  1.668226e-03
1.824910e+02  1.581134e-03
1.854420e+02  1.498656e-03
1.884420e+02  1.409933e-03
1.914890e+02  1.326318e-03
1.945870e+02  1.247663e-03
1.977340e+02  1.173717e-03
2.009320e+02  1.104171e-03
2.041820e+02  1.038766e-03
2.074850e+02  9.772511e-04
2.108400e+02  9.194076e-04
2.142510e+02  8.649865e-04
2.177160e+02  8.138091e-04
2.212370e+02  7.662857e-04
2.248160e+02  7.227604e-04
2.284520e+02  6.817225e-04
2.321470e+02  6.430151e-04
2.359020e+02  6.065085e-04
2.397170e+02  5.720792e-04
2.435950e+02  5.395962e-04
2.475350e+02  5.076558e-04
2.515380e+02  4.730353e-04
2.556070e+02  4.407554e-04
2.597410e+02  4.106581e-04
2.639420e+02  3.825851e-04
2.682110e+02  3.563853e-04
2.725490e+02  3.318986e-04
2.769570e+02  3.089375e-04
2.814370e+02  2.870878e-04
2.841000e+02  2.722973e-04
2.843000e+02  7.792555e-03
2.859890e+02  7.726774e-03
2.906150e+02  7.372187e-03
2.953150e+02  7.014276e-03
3.000920e+02  6.668475e-03
3.049450e+02  6.337343e-03
3.098780e+02  6.021232e-03
3.148900e+02  5.720014e-03
3.199830e+02  5.433258e-03
3.251580e+02  5.160482e-03
3.304180e+02  4.901064e-03
3.357620e+02  4.654467e-03
3.411920e+02  4.420117e-03
3.467110e+02  4.197412e-03
3.523190e+02  3.985835e-03
3.580170e+02  3.784867e-03
3.638080e+02  3.593946e-03
3.696920e+02  3.412628e-03
3.756720e+02  3.240419e-03
3.817480e+02  3.069080e-03
3.879220e+02  2.902141e-03
3.941970e+02  2.744221e-03
4.005730e+02  2.594888e-03
4.070520e+02  2.453665e-03
4.136350e+02  2.320137e-03
4.203260e+02  2.193848e-03
4.271240e+02  2.074441e-03
4.340320e+02  1.961533e-03
4.410520e+02  1.854771e-03
4.481860e+02  1.753814e-03
4.554350e+02  1.658355e-03
4.628020e+02  1.568094e-03
4.702870e+02  1.482753e-03
4.778940e+02  1.402059e-03
4.856230e+02  1.325710e-03
4.934780e+02  1.252553e-03
5.014590e+02  1.183442e-03
5.095700e+02  1.118138e-03
5.178120e+02  1.056446e-03
5.261870e+02  9.981592e-04
5.346980e+02  9.430861e-04
5.433460e+02  8.910613e-04
5.521340e+02  8.419065e-04
5.610650e+02  7.954635e-04
5.701390e+02  7.515863e-04
5.793610e+02  7.101323e-04
5.887320e+02  6.709682e-04
5.982540e+02  6.339651e-04
6.079300e+02  5.990033e-04
6.177630e+02  5.659737e-04
6.277550e+02  5.347632e-04
6.379080e+02  5.052800e-04
6.482260e+02  4.774191e-04
6.587110e+02  4.510990e-04
6.693650e+02  4.262282e-04
6.801910e+02  4.031283e-04
6.911930e+02  3.816551e-04
7.023720e+02  3.614494e-04
7.137330e+02  3.412036e-04
7.252770e+02  3.213713e-04
7.370080e+02  3.026946e-04
7.489280e+02  2.851053e-04
7.610420e+02  2.685366e-04
7.733510e+02  2.529293e-04
7.858590e+02  2.382247e-04
7.985700e+02  2.243711e-04
8.114860e+02  2.113220e-04
8.246110e+02  1.990339e-04
8.379490e+02  1.874622e-04
8.515020e+02  1.765409e-04
8.652740e+02  1.662311e-04
8.792690e+02  1.565029e-04
8.934910e+02  1.473457e-04
9.079430e+02  1.387248e-04
9.226280e+02  1.306096e-04
9.375510e+02  1.229419e-04
9.527150e+02  1.157203e-04
9.681240e+02  1.089198e-04
9.837830e+02  1.025161e-04
9.996950e+02  9.649064e-05
1.015860e+03  9.082186e-05
1.032290e+03  8.549407e-05
1.048990e+03  8.044163e-05
1.065960e+03  7.565033e-05
1.083200e+03  7.114800e-05
1.100720e+03  6.691175e-05
1.118520e+03  6.292579e-05
1.136610e+03  5.917985e-05
1.155000e+03  5.565607e-05
1.173680e+03  5.234258e-05
1.192660e+03  4.922762e-05
1.211950e+03  4.629730e-05
1.231550e+03  4.354108e-05
1.251470e+03  4.093815e-05
1.271720e+03  3.847919e-05
1.292290e+03  3.615522e-05
1.313190e+03  3.397274e-05
1.334430e+03  3.192169e-05
1.356010e+03  2.999435e-05
1.377940e+03  2.818362e-05
1.400230e+03  2.648188e-05
1.422880e+03  2.488276e-05
1.445890e+03  2.338055e-05
1.469280e+03  2.196802e-05
1.493040e+03  2.063976e-05
1.517190e+03  1.938679e-05
1.541730e+03  1.820926e-05
1.566670e+03  1.710305e-05
1.592010e+03  1.606414e-05
1.617760e+03  1.508836e-05
1.643920e+03  1.417200e-05
1.670510e+03  1.331119e-05
1.697530e+03  1.250268e-05
1.724990e+03  1.174340e-05
1.752890e+03  1.102685e-05
1.781240e+03  1.035295e-05
1.810050e+03  9.719429e-06
1.839320e+03  9.124802e-06
1.869070e+03  8.566522e-06
1.899300e+03  8.042437e-06
1.930020e+03  7.550386e-06
1.961240e+03  7.088419e-06
1.992960e+03  6.654732e-06
2.025200e+03  6.249640e-06
2.057950e+03  5.866087e-06
2.091240e+03  5.505797e-06
2.125060e+03  5.167515e-06
2.159430e+03  4.849764e-06
2.194360e+03  4.551370e-06
2.229850e+03  4.271140e-06
2.265920e+03  4.008024e-06
2.302570e+03  3.760954e-06
2.339810e+03  3.529034e-06
2.377660e+03  3.311086e-06
2.416110e+03  3.106650e-06
2.455190e+03  2.914684e-06
2.494900e+03  2.734390e-06
2.535260e+03  2.565190e-06
2.576260e+03  2.406406e-06
2.617930e+03  2.257235e-06
2.660270e+03  2.117376e-06
2.703300e+03  1.985933e-06
2.747030e+03  1.862605e-06
2.791460e+03  1.746889e-06
2.836610e+03  1.638371e-06
2.882490e+03  1.536331e-06
2.929110e+03  1.440736e-06
2.976480e+03  1.350975e-06
3.024630e+03  1.266735e-06
3.073550e+03  1.187692e-06
3.123260e+03  1.113529e-06
3.173780e+03  1.043937e-06
3.225110e+03  9.786558e-07
3.277270e+03  9.174017e-07
3.330280e+03  8.599301e-07
3.384150e+03  8.060202e-07
3.438880e+03  7.554503e-07
3.494500e+03  7.080098e-07
3.551020e+03  6.635083e-07
3.608460e+03  6.217592e-07
3.666820e+03  5.826118e-07
3.726130e+03  5.458937e-07
3.786400e+03  5.114568e-07
3.847640e+03  4.791534e-07
3.909870e+03  4.488720e-07
3.973110e+03  4.204727e-07
4.037380e+03  3.939827e-07
4.102680e+03  3.690142e-07
4.169030e+03  3.456062e-07
4.236460e+03  3.236755e-07
4.304980e+03  3.031145e-07
4.374620e+03  2.838481e-07
4.445370e+03  2.658010e-07
4.517270e+03  2.488843e-07
4.590330e+03  2.330327e-07
4.664580e+03  2.181751e-07
4.740030e+03  2.042593e-07
4.816690e+03  1.912234e-07
4.894600e+03  1.790096e-07
4.973770e+03  1.675678e-07
5.054210e+03  1.568512e-07
5.135960e+03  1.468105e-07
5.219030e+03  1.374096e-07
5.303440e+03  1.286012e-07
5.389220e+03  1.203496e-07
5.476390e+03  1.126202e-07
5.564970e+03  1.053828e-07
5.654980e+03  9.861106e-08
5.746440e+03  9.226578e-08
5.839390e+03  8.632209e-08
5.933830e+03  8.075634e-08
6.029810e+03  7.554817e-08
6.127330e+03  7.067419e-08
6.226440e+03  6.610698e-08
6.327150e+03  6.183267e-08
6.429480e+03  5.783211e-08
6.533480e+03  5.408681e-08
6.639150e+03  5.058166e-08
6.746540e+03  4.730061e-08
6.855650e+03  4.423062e-08
6.966540e+03  4.135701e-08
7.079220e+03  3.866726e-08
7.193720e+03  3.615086e-08
7.310070e+03  3.379612e-08
7.428310e+03  3.159340e-08
7.548450e+03  2.953198e-08
7.670540e+03  2.760357e-08
7.794610e+03  2.579978e-08
7.920680e+03  2.411208e-08
8.048790e+03  2.253339e-08
8.178980e+03  2.105685e-08
8.311260e+03  1.967609e-08
8.445690e+03  1.838443e-08
8.582290e+03  1.717671e-08
8.721110e+03  1.604741e-08
8.862160e+03  1.499121e-08
9.005500e+03  1.400357e-08
9.151160e+03  1.308035e-08
9.299170e+03  1.221718e-08
9.449580e+03  1.141043e-08
9.602420e+03  1.065624e-08
9.757730e+03  9.950903e-09
9.915550e+03  9.292005e-09
1.007590e+04  8.676164e-09
1.023890e+04  8.100552e-09
1.040450e+04  7.562704e-09
1.057280e+04  7.060093e-09
1.074380e+04  6.590503e-09
1.091760e+04  6.151736e-09
1.109420e+04  5.741846e-09
1.127360e+04  5.358981e-09
1.145590e+04  5.001362e-09
1.164120e+04  4.667282e-09
1.182950e+04  4.355248e-09
1.202080e+04  4.063888e-09
1.221530e+04  3.791728e-09
1.241280e+04  3.537688e-09
1.261360e+04  3.300423e-09
1.281760e+04  3.078935e-09
1.302500e+04  2.872117e-09
1.323560e+04  2.679125e-09
1.344970e+04  2.498935e-09
1.366720e+04  2.330782e-09
1.388830e+04  2.173822e-09
1.411290e+04  2.027360e-09
1.434120e+04  1.890677e-09
1.457310e+04  1.763163e-09
1.480890e+04  1.644162e-09
1.504840e+04  1.533167e-09
1.529180e+04  1.429618e-09
1.553910e+04  1.333034e-09
1.579040e+04  1.242947e-09
1.604580e+04  1.158928e-09
1.630540e+04  1.080564e-09
1.656910e+04  1.007502e-09
1.683710e+04  9.393672e-10
1.710940e+04  8.758547e-10
1.738610e+04  8.166347e-10
1.766740e+04  7.614254e-10
1.795310e+04  7.099677e-10
1.824350e+04  6.620045e-10
1.853860e+04  6.173008e-10
1.883840e+04  5.756436e-10
1.914310e+04  5.368204e-10
1.945270e+04  5.006485e-10
1.976740e+04  4.669414e-10
2.008710e+04  4.383662e-10
2.041200e+04  4.081794e-10
2.074210e+04  3.800933e-10
2.107760e+04  3.539572e-10
2.141850e+04  3.296368e-10
2.176500e+04  3.070007e-10
2.211700e+04  2.859371e-10
2.247470e+04  2.663325e-10
2.283820e+04  2.480842e-10
2.320760e+04  2.310980e-10
2.358300e+04  2.152849e-10
2.396440e+04  2.005656e-10
2.435200e+04  1.868612e-10
2.474590e+04  1.741019e-10
2.514620e+04  1.622211e-10
2.555290e+04  1.511595e-10
2.596620e+04  1.408585e-10
2.638610e+04  1.312667e-10
2.681290e+04  1.223329e-10
2.724660e+04  1.140122e-10
2.768730e+04  1.062627e-10
2.813510e+04  9.904455e-11
2.859020e+04  9.232047e-11
2.905260e+04  8.605711e-11
2.952250e+04  8.022192e-11
3.000000e+04  7.478590e-11
-1  -1
