  -1
3.025550e+01  1.336291e-01
3.074490e+01  2.103737e-01
3.124210e+01  2.640890e-01
3.174750e+01  3.078635e-01
3.226090e+01  3.451340e-01
3.278270e+01  3.865303e-01
3.331300e+01  4.171550e-01
3.385180e+01  4.447275e-01
3.439930e+01  4.725643e-01
3.495570e+01  5.008264e-01
3.552110e+01  5.227259e-01
3.609560e+01  5.449429e-01
3.667940e+01  5.675589e-01
3.727270e+01  5.802490e-01
3.787550e+01  5.888382e-01
3.848820e+01  5.913442e-01
3.911070e+01  5.968537e-01
3.974320e+01  5.631495e-01
4.038610e+01  5.152978e-01
4.103930e+01  4.636328e-01
4.170310e+01  4.124719e-01
4.237760e+01  3.641290e-01
4.306300e+01  3.199027e-01
4.375950e+01  2.772588e-01
4.446730e+01  2.383214e-01
4.518650e+01  2.042548e-01
4.591740e+01  1.747762e-01
4.666000e+01  1.494360e-01
4.741470e+01  1.277417e-01
4.818160e+01  1.092183e-01
4.896090e+01  9.342928e-02
4.975280e+01  8.000732e-02
5.055760e+01  6.729516e-02
5.137530e+01  5.498871e-02
5.220620e+01  4.490768e-02
5.305060e+01  3.669120e-02
5.390870e+01  2.999431e-02
5.478060e+01  2.440344e-02
5.566670e+01  1.986874e-02
5.656700e+01  1.618893e-02
5.748200e+01  1.319959e-02
5.841170e+01  1.100905e-02
5.935640e+01  9.308536e-03
6.031650e+01  7.875942e-03
6.129210e+01  6.821412e-03
6.228340e+01  6.198353e-03
6.329080e+01  5.722482e-03
6.431450e+01  5.467129e-03
6.535470e+01  5.344287e-03
6.641180e+01  5.257994e-03
6.748590e+01  5.403057e-03
6.857750e+01  5.554659e-03
6.968670e+01  5.798183e-03
7.081380e+01  6.064198e-03
7.195910e+01  6.322118e-03
7.312300e+01  6.471124e-03
7.430570e+01  6.625070e-03
7.550760e+01  6.784250e-03
7.672890e+01  6.907985e-03
7.796990e+01  6.985053e-03
7.923100e+01  7.063947e-03
8.051250e+01  7.144903e-03
8.181470e+01  7.227849e-03
8.313800e+01  7.313001e-03
8.448270e+01  7.364140e-03
8.584910e+01  7.378496e-03
8.723770e+01  7.393454e-03
8.864870e+01  7.409216e-03
9.008250e+01  7.425784e-03
9.153950e+01  7.443166e-03
9.302010e+01  7.461450e-03
9.452460e+01  7.460640e-03
9.605350e+01  7.360323e-03
9.760710e+01  7.261466e-03
9.918580e+01  7.164242e-03
1.007900e+02  7.068652e-03
1.024200e+02  6.974748e-03
1.040770e+02  6.882423e-03
1.057600e+02  6.769201e-03
1.074710e+02  6.641004e-03
1.092090e+02  6.515454e-03
1.109750e+02  6.392553e-03
1.127700e+02  6.272174e-03
1.145940e+02  6.154359e-03
1.164480e+02  6.034292e-03
1.183310e+02  5.861988e-03
1.202450e+02  5.694467e-03
1.221900e+02  5.531812e-03
1.241660e+02  5.373918e-03
1.261750e+02  5.227794e-03
1.282150e+02  5.100233e-03
1.302890e+02  4.975866e-03
1.323970e+02  4.854631e-03
1.345380e+02  4.736569e-03
1.367140e+02  4.621446e-03
1.389250e+02  4.509258e-03
1.411720e+02  4.399899e-03
1.434560e+02  4.293283e-03
1.457760e+02  4.175695e-03
1.481340e+02  4.039018e-03
1.505300e+02  3.906828e-03
1.529640e+02  3.779027e-03
1.554390e+02  3.655386e-03
1.579530e+02  3.535886e-03
1.605070e+02  3.420370e-03
1.631030e+02  3.308653e-03
1.657420e+02  3.200621e-03
1.684220e+02  3.088970e-03
1.711460e+02  2.951993e-03
1.739150e+02  2.821030e-03
1.767270e+02  2.695942e-03
1.795860e+02  2.576361e-03
1.824910e+02  2.462104e-03
1.854420e+02  2.353630e-03
1.884420e+02  2.250828e-03
1.914890e+02  2.152575e-03
1.945870e+02  2.058584e-03
1.977340e+02  1.968732e-03
2.009320e+02  1.882823e-03
2.041820e+02  1.800667e-03
2.074850e+02  1.722102e-03
2.108400e+02  1.652078e-03
2.142510e+02  1.587046e-03
2.177160e+02  1.524605e-03
2.212370e+02  1.464632e-03
2.248160e+02  1.407017e-03
2.284520e+02  1.351697e-03
2.321470e+02  1.298564e-03
2.359020e+02  1.241990e-03
2.397170e+02  1.187669e-03
2.435950e+02  1.135716e-03
2.475350e+02  1.086048e-03
2.515380e+02  1.038569e-03
2.556070e+02  9.885063e-04
2.597410e+02  9.394826e-04
2.639420e+02  8.928883e-04
2.682110e+02  8.486092e-04
2.725490e+02  8.065213e-04
2.769570e+02  7.711595e-04
2.814370e+02  7.376168e-04
2.859890e+02  7.055371e-04
2.906150e+02  6.748484e-04
2.953150e+02  6.454918e-04
3.000920e+02  6.173977e-04
3.049450e+02  5.905234e-04
3.098780e+02  5.648039e-04
3.148900e+02  5.402824e-04
3.199830e+02  5.177918e-04
3.251580e+02  4.962089e-04
3.304180e+02  4.754751e-04
3.357620e+02  4.555271e-04
3.411920e+02  4.361970e-04
3.461000e+02  4.174157e-04
3.463000e+02  3.928269e-03
3.467110e+02  3.925903e-03
3.523190e+02  3.766884e-03
3.580170e+02  3.602874e-03
3.638080e+02  3.444327e-03
3.696920e+02  3.292066e-03
3.756720e+02  3.146116e-03
3.817480e+02  3.006412e-03
3.879220e+02  2.873464e-03
3.941970e+02  2.747835e-03
4.005730e+02  2.649017e-03
4.070520e+02  2.561965e-03
4.136350e+02  2.477786e-03
4.203260e+02  2.396348e-03
4.271240e+02  2.317579e-03
4.340320e+02  2.241384e-03
4.410520e+02  2.167651e-03
4.481860e+02  2.093275e-03
4.554350e+02  2.006452e-03
4.628020e+02  1.913115e-03
4.702870e+02  1.818909e-03
4.778940e+02  1.729309e-03
4.856230e+02  1.644148e-03
4.934780e+02  1.563169e-03
5.014590e+02  1.486151e-03
5.095700e+02  1.412914e-03
5.178120e+02  1.343239e-03
5.261870e+02  1.276836e-03
5.346980e+02  1.213408e-03
5.433460e+02  1.153010e-03
5.521340e+02  1.095608e-03
5.610650e+02  1.040077e-03
5.701390e+02  9.869549e-04
5.793610e+02  9.368617e-04
5.887320e+02  8.894176e-04
5.982540e+02  8.444432e-04
6.079300e+02  8.017596e-04
6.177630e+02  7.612357e-04
6.277550e+02  7.227104e-04
6.379080e+02  6.855183e-04
6.482260e+02  6.493648e-04
6.587110e+02  6.145696e-04
6.693650e+02  5.816301e-04
6.801910e+02  5.517867e-04
6.911930e+02  5.244500e-04
7.023720e+02  4.986459e-04
7.137330e+02  4.729334e-04
7.252770e+02  4.477735e-04
7.370080e+02  4.239519e-04
7.489280e+02  4.014100e-04
7.610420e+02  3.800672e-04
7.733510e+02  3.597962e-04
7.858590e+02  3.404249e-04
7.985700e+02  3.219530e-04
8.114860e+02  3.044849e-04
8.246110e+02  2.879653e-04
8.379490e+02  2.723415e-04
8.515020e+02  2.575861e-04
8.652740e+02  2.436504e-04
8.792690e+02  2.304865e-04
8.934910e+02  2.180346e-04
9.079430e+02  2.062550e-04
9.226280e+02  1.951115e-04
9.375510e+02  1.845568e-04
9.527150e+02  1.745703e-04
9.681240e+02  1.651216e-04
9.837830e+02  1.561824e-04
9.996950e+02  1.477166e-04
1.015860e+03  1.397000e-04
1.032290e+03  1.320129e-04
1.048990e+03  1.247223e-04
1.065960e+03  1.178092e-04
1.083200e+03  1.112808e-04
1.100720e+03  1.051138e-04
1.118520e+03  9.928857e-05
1.136610e+03  9.378667e-05
1.155000e+03  8.858913e-05
1.173680e+03  8.368174e-05
1.192660e+03  7.904516e-05
1.211950e+03  7.466474e-05
1.231550e+03  7.052700e-05
1.251470e+03  6.661942e-05
1.271720e+03  6.292816e-05
1.292290e+03  5.944216e-05
1.313190e+03  5.614967e-05
1.334430e+03  5.303934e-05
1.356010e+03  5.010159e-05
1.377940e+03  4.732643e-05
1.400230e+03  4.470432e-05
1.422880e+03  4.222738e-05
1.445890e+03  3.988838e-05
1.469280e+03  3.766936e-05
1.493040e+03  3.556068e-05
1.517190e+03  3.351417e-05
1.541730e+03  3.157842e-05
1.566670e+03  2.975459e-05
1.592010e+03  2.803541e-05
1.617760e+03  2.641603e-05
1.643920e+03  2.489152e-05
1.670510e+03  2.345393e-05
1.697530e+03  2.209906e-05
1.724990e+03  2.082187e-05
1.752890e+03  1.961544e-05
1.781240e+03  1.847806e-05
1.810050e+03  1.740598e-05
1.839320e+03  1.639603e-05
1.869070e+03  1.544445e-05
1.899300e+03  1.454813e-05
1.930020e+03  1.370380e-05
1.961240e+03  1.290853e-05
1.992960e+03  1.215936e-05
2.025200e+03  1.145662e-05
2.057950e+03  1.079135e-05
2.091240e+03  1.016458e-05
2.125060e+03  9.574337e-06
2.159430e+03  9.018305e-06
2.194360e+03  8.494555e-06
2.229850e+03  8.001327e-06
2.265920e+03  7.536812e-06
2.302570e+03  7.099439e-06
2.339810e+03  6.687473e-06
2.377660e+03  6.299521e-06
2.416110e+03  5.934255e-06
2.455190e+03  5.590270e-06
2.494900e+03  5.266283e-06
2.535260e+03  4.961274e-06
2.576260e+03  4.674073e-06
2.617930e+03  4.403640e-06
2.660270e+03  4.148931e-06
2.703300e+03  3.909187e-06
2.747030e+03  3.683400e-06
2.791460e+03  3.470758e-06
2.836610e+03  3.270633e-06
2.882490e+03  3.082096e-06
2.929110e+03  2.904629e-06
2.976480e+03  2.737476e-06
3.024630e+03  2.580095e-06
3.073550e+03  2.431925e-06
3.123260e+03  2.292442e-06
3.173780e+03  2.161036e-06
3.225110e+03  2.037286e-06
3.277270e+03  1.920818e-06
3.330280e+03  1.811078e-06
3.384150e+03  1.707757e-06
3.438880e+03  1.610445e-06
3.494500e+03  1.518777e-06
3.551020e+03  1.432518e-06
3.608460e+03  1.351194e-06
3.666820e+03  1.274648e-06
3.726130e+03  1.202552e-06
3.786400e+03  1.134580e-06
3.847640e+03  1.070601e-06
3.909870e+03  1.010359e-06
3.973110e+03  9.535656e-07
4.037380e+03  8.999829e-07
4.038400e+03  8.991545e-07
4.038600e+03  8.157483e-06
4.102680e+03  7.716116e-06
4.169030e+03  7.290657e-06
4.236460e+03  6.887814e-06
4.304980e+03  6.506193e-06
4.374620e+03  6.144842e-06
4.445370e+03  5.802795e-06
4.517270e+03  5.479026e-06
4.590330e+03  5.172714e-06
4.664580e+03  4.882851e-06
4.740030e+03  4.608683e-06
4.816690e+03  4.349431e-06
4.894600e+03  4.104260e-06
4.973770e+03  3.872456e-06
5.054210e+03  3.653404e-06
5.135960e+03  3.446346e-06
5.219030e+03  3.250717e-06
5.303440e+03  3.065839e-06
5.389220e+03  2.891204e-06
5.476390e+03  2.726274e-06
5.564970e+03  2.570496e-06
5.654980e+03  2.423417e-06
5.746440e+03  2.284557e-06
5.839390e+03  2.153484e-06
5.933830e+03  2.029734e-06
6.029810e+03  1.912933e-06
6.127330e+03  1.802734e-06
6.226440e+03  1.698731e-06
6.327150e+03  1.600616e-06
6.429480e+03  1.508096e-06
6.533480e+03  1.420764e-06
6.639150e+03  1.338419e-06
6.746540e+03  1.260750e-06
6.855650e+03  1.187511e-06
6.966540e+03  1.118477e-06
7.079220e+03  1.053356e-06
7.193720e+03  9.919847e-07
7.310070e+03  9.341127e-07
7.428310e+03  8.795915e-07
7.548450e+03  8.281882e-07
7.670540e+03  7.797368e-07
7.794610e+03  7.340949e-07
7.920680e+03  6.910867e-07
8.048790e+03  6.505434e-07
8.178980e+03  6.123506e-07
8.311260e+03  5.763931e-07
8.445690e+03  5.425087e-07
8.582290e+03  5.105739e-07
8.721110e+03  4.804897e-07
8.862160e+03  4.521660e-07
9.005500e+03  4.255195e-07
9.151160e+03  4.003888e-07
9.299170e+03  3.767297e-07
9.449580e+03  3.544715e-07
9.602420e+03  3.334941e-07
9.757730e+03  3.137368e-07
9.915550e+03  2.951599e-07
1.007590e+04  2.776603e-07
1.023890e+04  2.611838e-07
1.040450e+04  2.456757e-07
1.057280e+04  2.310770e-07
1.074380e+04  2.173375e-07
1.091760e+04  2.044045e-07
1.109420e+04  1.922333e-07
1.127360e+04  1.807805e-07
1.145590e+04  1.700029e-07
1.164120e+04  1.598594e-07
1.182950e+04  1.503142e-07
1.202080e+04  1.413341e-07
1.221530e+04  1.328823e-07
1.241280e+04  1.249334e-07
1.261360e+04  1.174526e-07
1.281760e+04  1.104160e-07
1.302500e+04  1.037944e-07
1.323560e+04  9.756779e-08
1.344970e+04  9.170932e-08
1.366720e+04  8.619934e-08
1.388830e+04  8.101568e-08
1.411290e+04  7.614106e-08
1.434120e+04  7.155545e-08
1.457310e+04  6.724354e-08
1.480890e+04  6.318723e-08
1.504840e+04  5.937334e-08
1.529180e+04  5.578670e-08
1.553910e+04  5.241417e-08
1.579040e+04  4.924292e-08
1.604580e+04  4.626077e-08
1.630540e+04  4.345638e-08
1.656910e+04  4.082012e-08
1.683710e+04  3.834140e-08
1.710940e+04  3.601126e-08
1.738610e+04  3.382056e-08
1.766740e+04  3.176076e-08
1.795310e+04  2.982485e-08
1.824350e+04  2.800486e-08
1.853860e+04  2.629417e-08
1.883840e+04  2.468643e-08
1.914310e+04  2.317508e-08
1.945270e+04  2.175474e-08
1.976740e+04  2.041971e-08
2.008710e+04  1.917049e-08
2.041200e+04  1.799162e-08
2.074210e+04  1.688453e-08
2.107760e+04  1.584464e-08
2.141850e+04  1.486813e-08
2.176500e+04  1.395093e-08
2.211700e+04  1.308984e-08
2.247470e+04  1.228135e-08
2.283820e+04  1.152212e-08
2.320760e+04  1.080937e-08
2.358300e+04  1.014018e-08
2.396440e+04  9.512032e-09
2.435200e+04  8.922304e-09
2.474590e+04  8.368812e-09
2.514620e+04  7.849185e-09
2.555290e+04  7.361601e-09
2.596620e+04  6.903927e-09
2.638610e+04  6.474456e-09
2.681290e+04  6.071382e-09
2.724660e+04  5.693151e-09
2.768730e+04  5.338248e-09
2.813510e+04  5.005246e-09
2.859020e+04  4.692805e-09
2.905260e+04  4.399691e-09
2.952250e+04  4.124678e-09
3.000000e+04  3.866679e-09
-1  -1
