  -1
3.025550e+01  4.971576e-01
3.074490e+01  4.956596e-01
3.124210e+01  4.949492e-01
3.174750e+01  4.935465e-01
3.226090e+01  4.900860e-01
3.278270e+01  4.862772e-01
3.331300e+01  4.823496e-01
3.385180e+01  4.784066e-01
3.439930e+01  4.745076e-01
3.495570e+01  4.707042e-01
3.552110e+01  4.670711e-01
3.609560e+01  4.638199e-01
3.667940e+01  4.595516e-01
3.727270e+01  4.547474e-01
3.787550e+01  4.497955e-01
3.848820e+01  4.448045e-01
3.911070e+01  4.398156e-01
3.974320e+01  4.348523e-01
4.038610e+01  4.299260e-01
4.103930e+01  4.250627e-01
4.170310e+01  4.202309e-01
4.237760e+01  4.154433e-01
4.306300e+01  4.107251e-01
4.375950e+01  4.060968e-01
4.446730e+01  4.015692e-01
4.518650e+01  3.971590e-01
4.591740e+01  3.928910e-01
4.666000e+01  3.888753e-01
4.741470e+01  3.850154e-01
4.818160e+01  3.795102e-01
4.896090e+01  3.737216e-01
4.975280e+01  3.678573e-01
5.055760e+01  3.619818e-01
5.137530e+01  3.561287e-01
5.220620e+01  3.503217e-01
5.305060e+01  3.445761e-01
5.390870e+01  3.389210e-01
5.478060e+01  3.333059e-01
5.566670e+01  3.274511e-01
5.656700e+01  3.216363e-01
5.748200e+01  3.158895e-01
5.841170e+01  3.102350e-01
5.935640e+01  3.046847e-01
6.031650e+01  2.992511e-01
6.129210e+01  2.939542e-01
6.228340e+01  2.888396e-01
6.329080e+01  2.840265e-01
6.431450e+01  2.781146e-01
6.535470e+01  2.711185e-01
6.641180e+01  2.640837e-01
6.748590e+01  2.571097e-01
6.857750e+01  2.502439e-01
6.968670e+01  2.435260e-01
7.081380e+01  2.367253e-01
7.195910e+01  2.298298e-01
7.312300e+01  2.230689e-01
7.430570e+01  2.164680e-01
7.550760e+01  2.100393e-01
7.672890e+01  2.037963e-01
7.796990e+01  1.977750e-01
7.923100e+01  1.913756e-01
8.051250e+01  1.851030e-01
8.181470e+01  1.790064e-01
8.313800e+01  1.731065e-01
8.448270e+01  1.674109e-01
8.584910e+01  1.619480e-01
8.723770e+01  1.563374e-01
8.864870e+01  1.499238e-01
9.008250e+01  1.436956e-01
9.153950e+01  1.377275e-01
9.302010e+01  1.320999e-01
9.452460e+01  1.251147e-01
9.605350e+01  1.180235e-01
9.760710e+01  1.112866e-01
9.918580e+01  1.049504e-01
1.007900e+02  9.866430e-02
1.024200e+02  8.939021e-02
1.040770e+02  8.081053e-02
1.057600e+02  7.296845e-02
1.074710e+02  6.584735e-02
1.092090e+02  5.940345e-02
1.109750e+02  5.358612e-02
1.127700e+02  4.835638e-02
1.145940e+02  4.263174e-02
1.164480e+02  3.707345e-02
1.183310e+02  3.222448e-02
1.202450e+02  2.800457e-02
1.221900e+02  2.433615e-02
1.241660e+02  2.114798e-02
1.261750e+02  1.864662e-02
1.282150e+02  1.695102e-02
1.302890e+02  1.541841e-02
1.323970e+02  1.403000e-02
1.345380e+02  1.277141e-02
1.367140e+02  1.163187e-02
1.389250e+02  1.008006e-02
1.411720e+02  8.692611e-03
1.434560e+02  7.616551e-03
1.457760e+02  6.899758e-03
1.481340e+02  6.275227e-03
1.505300e+02  5.911394e-03
1.529640e+02  5.570305e-03
1.554390e+02  5.284197e-03
1.579530e+02  5.093126e-03
1.605070e+02  4.909881e-03
1.631030e+02  4.798006e-03
1.657420e+02  4.866165e-03
1.684220e+02  4.946297e-03
1.711460e+02  5.047827e-03
1.739150e+02  5.152387e-03
1.767270e+02  5.260323e-03
1.795860e+02  5.284681e-03
1.824910e+02  5.277319e-03
1.854420e+02  5.270418e-03
1.884420e+02  5.263881e-03
1.914890e+02  5.257873e-03
1.945870e+02  5.252201e-03
1.977340e+02  5.246995e-03
2.009320e+02  5.242214e-03
2.041820e+02  5.237900e-03
2.074850e+02  5.192502e-03
2.108400e+02  5.146258e-03
2.142510e+02  5.100553e-03
2.177160e+02  5.055577e-03
2.212370e+02  5.011232e-03
2.248160e+02  4.967476e-03
2.284520e+02  4.924409e-03
2.321470e+02  4.882058e-03
2.359020e+02  4.792387e-03
2.397170e+02  4.692590e-03
2.435950e+02  4.594880e-03
2.475350e+02  4.499337e-03
2.515380e+02  4.405911e-03
2.556070e+02  4.314501e-03
2.597410e+02  4.225144e-03
2.639420e+02  4.137760e-03
2.682110e+02  4.039347e-03
2.725490e+02  3.910888e-03
2.769570e+02  3.786478e-03
2.814370e+02  3.666049e-03
2.859890e+02  3.549502e-03
2.906150e+02  3.436692e-03
2.953150e+02  3.327528e-03
3.000920e+02  3.221859e-03
3.049450e+02  3.119607e-03
3.098780e+02  3.020490e-03
3.148900e+02  2.916523e-03
3.199830e+02  2.816154e-03
3.251580e+02  2.719259e-03
3.304180e+02  2.625691e-03
3.357620e+02  2.535377e-03
3.411920e+02  2.448181e-03
3.467110e+02  2.366179e-03
3.523190e+02  2.288355e-03
3.580170e+02  2.213106e-03
3.638080e+02  2.140317e-03
3.696920e+02  2.069902e-03
3.756720e+02  2.005879e-03
3.817480e+02  1.976126e-03
3.879220e+02  1.946820e-03
3.941970e+02  1.917908e-03
4.005730e+02  1.889371e-03
4.051000e+02  1.869930e-03
4.053000e+02  1.689924e-03
4.070520e+02  1.751536e-03
4.136350e+02  2.003250e-03
4.203260e+02  2.291553e-03
4.271240e+02  2.621583e-03
4.340320e+02  2.999361e-03
4.410520e+02  3.431833e-03
4.481860e+02  3.927000e-03
4.554350e+02  4.489489e-03
4.628020e+02  5.128992e-03
4.702870e+02  5.861050e-03
4.778940e+02  6.631898e-03
4.856230e+02  7.062368e-03
4.934780e+02  7.085122e-03
5.014590e+02  6.888822e-03
5.095700e+02  6.696172e-03
5.178120e+02  6.508574e-03
5.261870e+02  6.225691e-03
5.346980e+02  5.945801e-03
5.433460e+02  5.677951e-03
5.521340e+02  5.421740e-03
5.610650e+02  5.213091e-03
5.701390e+02  5.066381e-03
5.793610e+02  4.923928e-03
5.887320e+02  4.785471e-03
5.982540e+02  4.650920e-03
6.079300e+02  4.520127e-03
6.177630e+02  4.387077e-03
6.277550e+02  4.252859e-03
6.379080e+02  4.122711e-03
6.482260e+02  3.996513e-03
6.587110e+02  3.874173e-03
6.693650e+02  3.755559e-03
6.801910e+02  3.640601e-03
6.911930e+02  3.522538e-03
7.023720e+02  3.402693e-03
7.137330e+02  3.286899e-03
7.252770e+02  3.175036e-03
7.370080e+02  3.066979e-03
7.489280e+02  2.962635e-03
7.610420e+02  2.849586e-03
7.733510e+02  2.739070e-03
7.858590e+02  2.632831e-03
7.985700e+02  2.530708e-03
8.114860e+02  2.432557e-03
8.246110e+02  2.323876e-03
8.379490e+02  2.210180e-03
8.515020e+02  2.102749e-03
8.652740e+02  2.001447e-03
8.792690e+02  1.905823e-03
8.934910e+02  1.814757e-03
9.079430e+02  1.728028e-03
9.226280e+02  1.645443e-03
9.375510e+02  1.565309e-03
9.527150e+02  1.488713e-03
9.681240e+02  1.415557e-03
9.837830e+02  1.345996e-03
9.996950e+02  1.279565e-03
1.015860e+03  1.216128e-03
1.032290e+03  1.153317e-03
1.048990e+03  1.093459e-03
1.065960e+03  1.036439e-03
1.083200e+03  9.823962e-04
1.100720e+03  9.311798e-04
1.118520e+03  8.826431e-04
1.136610e+03  8.366262e-04
1.155000e+03  7.929991e-04
1.173680e+03  7.516559e-04
1.192660e+03  7.124771e-04
1.211950e+03  6.753327e-04
1.231550e+03  6.401291e-04
1.251470e+03  6.067781e-04
1.271720e+03  5.751841e-04
1.292290e+03  5.452738e-04
1.313190e+03  5.169103e-04
1.334430e+03  4.900217e-04
1.356010e+03  4.645365e-04
1.377940e+03  4.403793e-04
1.400230e+03  4.174758e-04
1.422880e+03  3.957653e-04
1.445890e+03  3.751892e-04
1.469280e+03  3.557409e-04
1.493040e+03  3.373961e-04
1.517190e+03  3.203823e-04
1.541730e+03  3.042778e-04
1.566670e+03  2.889831e-04
1.592010e+03  2.744618e-04
1.617760e+03  2.606681e-04
1.643920e+03  2.475671e-04
1.670510e+03  2.351286e-04
1.697530e+03  2.233118e-04
1.724990e+03  2.120866e-04
1.752890e+03  2.011459e-04
1.781240e+03  1.906776e-04
1.810050e+03  1.806867e-04
1.839320e+03  1.712166e-04
1.869070e+03  1.622429e-04
1.899300e+03  1.537445e-04
1.930020e+03  1.456906e-04
1.961240e+03  1.380578e-04
1.992960e+03  1.308237e-04
2.025200e+03  1.240736e-04
2.057950e+03  1.174229e-04
2.091240e+03  1.110954e-04
2.125060e+03  1.050838e-04
2.159430e+03  9.936440e-05
2.194360e+03  9.393168e-05
2.229850e+03  8.876612e-05
2.265920e+03  8.385988e-05
2.302570e+03  7.919412e-05
2.339810e+03  7.476404e-05
2.377660e+03  7.055935e-05
2.416110e+03  6.656621e-05
2.455190e+03  6.277601e-05
2.494900e+03  5.917928e-05
2.535260e+03  5.576397e-05
2.576260e+03  5.252517e-05
2.617930e+03  4.945360e-05
2.660270e+03  4.654149e-05
2.703300e+03  4.377832e-05
2.747030e+03  4.115922e-05
2.791460e+03  3.867833e-05
2.836610e+03  3.632828e-05
2.882490e+03  3.410099e-05
2.929110e+03  3.199151e-05
2.976480e+03  2.999516e-05
3.024630e+03  2.810562e-05
3.073550e+03  2.631721e-05
3.123260e+03  2.462407e-05
3.173780e+03  2.302362e-05
3.225110e+03  2.151125e-05
3.277270e+03  2.008128e-05
3.330280e+03  1.872830e-05
3.384150e+03  1.745088e-05
3.438880e+03  1.624545e-05
3.494500e+03  1.510716e-05
3.537400e+03  1.429370e-05
3.537600e+03  5.636716e-05
3.551020e+03  5.563310e-05
3.608460e+03  5.260454e-05
3.666820e+03  4.974168e-05
3.726130e+03  4.703304e-05
3.726900e+03  4.699804e-05
3.727100e+03  6.449276e-05
3.786400e+03  6.092834e-05
3.847640e+03  5.750420e-05
3.909870e+03  5.426963e-05
3.973110e+03  5.121786e-05
4.017900e+03  4.918715e-05
4.018100e+03  5.724775e-05
4.037380e+03  5.630537e-05
4.102680e+03  5.325426e-05
4.169030e+03  5.036209e-05
4.236460e+03  4.761920e-05
4.304980e+03  4.502311e-05
4.374620e+03  4.255863e-05
4.445370e+03  4.022397e-05
4.517270e+03  3.801364e-05
4.590330e+03  3.591892e-05
4.664580e+03  3.393523e-05
4.740030e+03  3.205724e-05
4.816690e+03  3.027958e-05
4.894600e+03  2.859706e-05
4.973770e+03  2.700457e-05
5.054210e+03  2.549852e-05
5.135960e+03  2.407402e-05
5.219030e+03  2.272643e-05
5.303440e+03  2.145267e-05
5.389220e+03  2.024788e-05
5.476390e+03  1.910918e-05
5.564970e+03  1.803304e-05
5.654980e+03  1.701564e-05
5.746440e+03  1.605457e-05
5.839390e+03  1.514638e-05
5.933830e+03  1.428865e-05
6.029810e+03  1.347864e-05
6.127330e+03  1.271317e-05
6.226440e+03  1.199045e-05
6.327150e+03  1.130788e-05
6.429480e+03  1.066398e-05
6.533480e+03  1.005547e-05
6.639150e+03  9.481430e-06
6.746540e+03  8.939555e-06
6.855650e+03  8.428232e-06
6.966540e+03  7.945455e-06
7.079220e+03  7.490080e-06
7.193720e+03  7.060574e-06
7.310070e+03  6.655347e-06
7.428310e+03  6.272702e-06
7.548450e+03  5.912039e-06
7.670540e+03  5.571745e-06
7.794610e+03  5.251070e-06
7.920680e+03  4.948342e-06
8.048790e+03  4.662860e-06
8.178980e+03  4.393820e-06
8.311260e+03  4.139960e-06
8.445690e+03  3.900904e-06
8.582290e+03  3.675366e-06
8.721110e+03  3.462719e-06
8.862160e+03  3.262177e-06
9.005500e+03  3.073332e-06
9.151160e+03  2.895297e-06
9.299170e+03  2.727345e-06
9.449580e+03  2.569042e-06
9.602420e+03  2.420119e-06
9.757730e+03  2.279626e-06
9.915550e+03  2.146991e-06
1.007590e+04  2.022237e-06
1.023890e+04  1.904663e-06
1.040450e+04  1.793899e-06
1.057280e+04  1.689522e-06
1.074380e+04  1.591190e-06
1.091760e+04  1.498537e-06
1.109420e+04  1.411254e-06
1.127360e+04  1.329038e-06
1.145590e+04  1.251592e-06
1.164120e+04  1.178619e-06
1.182950e+04  1.109884e-06
1.202080e+04  1.045145e-06
1.221530e+04  9.841465e-07
1.241280e+04  9.267147e-07
1.261360e+04  8.726043e-07
1.281760e+04  8.216472e-07
1.302500e+04  7.736402e-07
1.323560e+04  7.284473e-07
1.344970e+04  6.858711e-07
1.366720e+04  6.457803e-07
1.388830e+04  6.080172e-07
1.411290e+04  5.724636e-07
1.434120e+04  5.389727e-07
1.457310e+04  5.074421e-07
1.480890e+04  4.777401e-07
1.504840e+04  4.497764e-07
1.529180e+04  4.234425e-07
1.553910e+04  3.986481e-07
1.579040e+04  3.752997e-07
1.604580e+04  3.533146e-07
1.630540e+04  3.326078e-07
1.656910e+04  3.131164e-07
1.683710e+04  2.947598e-07
1.710940e+04  2.774785e-07
1.738610e+04  2.612062e-07
1.766740e+04  2.458820e-07
1.795310e+04  2.314575e-07
1.824350e+04  2.178736e-07
1.853860e+04  2.050840e-07
1.883840e+04  1.930450e-07
1.914310e+04  1.817090e-07
1.945270e+04  1.710354e-07
1.976740e+04  1.609850e-07
2.008710e+04  1.515243e-07
2.041200e+04  1.426165e-07
2.074210e+04  1.342310e-07
2.107760e+04  1.263354e-07
2.141850e+04  1.189024e-07
2.176500e+04  1.119034e-07
2.211700e+04  1.053155e-07
2.247470e+04  9.911326e-08
2.283820e+04  9.327406e-08
2.320760e+04  8.777667e-08
2.358300e+04  8.260109e-08
2.396440e+04  7.772932e-08
2.435200e+04  7.314269e-08
2.474590e+04  6.882482e-08
2.514620e+04  6.475973e-08
2.555290e+04  6.093333e-08
2.596620e+04  5.733111e-08
2.638610e+04  5.394041e-08
2.671110e+04  5.148881e-08
2.671130e+04  3.272152e-07
2.681290e+04  3.228047e-07
2.724660e+04  3.048123e-07
2.768730e+04  2.877863e-07
2.813510e+04  2.716767e-07
2.859020e+04  2.564365e-07
2.905260e+04  2.420229e-07
2.952250e+04  2.283927e-07
3.000000e+04  2.155062e-07
-1  -1
