  -1
3.025550e+01  1.170168e+00
3.074490e+01  1.134405e+00
3.124210e+01  1.097671e+00
3.174750e+01  1.060435e+00
3.226090e+01  1.023177e+00
3.278270e+01  9.867264e-01
3.331300e+01  9.505159e-01
3.385180e+01  9.109526e-01
3.439930e+01  8.708910e-01
3.495570e+01  8.311466e-01
3.552110e+01  7.920472e-01
3.609560e+01  7.538137e-01
3.667940e+01  7.165600e-01
3.727270e+01  6.802187e-01
3.787550e+01  6.464088e-01
3.848820e+01  6.144486e-01
3.911070e+01  5.840090e-01
3.974320e+01  5.549608e-01
4.038610e+01  5.272360e-01
4.103930e+01  5.007979e-01
4.170310e+01  4.755872e-01
4.237760e+01  4.515976e-01
4.306300e+01  4.287755e-01
4.375950e+01  4.070412e-01
4.446730e+01  3.863419e-01
4.518650e+01  3.666241e-01
4.591740e+01  3.478310e-01
4.666000e+01  3.299117e-01
4.741470e+01  3.128518e-01
4.818160e+01  2.965562e-01
4.896090e+01  2.809569e-01
4.975280e+01  2.659719e-01
5.055760e+01  2.514793e-01
5.137530e+01  2.382530e-01
5.220620e+01  2.257569e-01
5.305060e+01  2.136005e-01
5.390870e+01  2.058875e-01
5.478060e+01  1.983012e-01
5.566670e+01  1.915676e-01
5.656700e+01  1.858643e-01
5.748200e+01  1.932390e-01
5.841170e+01  2.227598e-01
5.935640e+01  2.620329e-01
6.031650e+01  3.183871e-01
6.129210e+01  3.645111e-01
6.228340e+01  3.878200e-01
6.329080e+01  3.928491e-01
6.431450e+01  3.854953e-01
6.535470e+01  3.740720e-01
6.641180e+01  3.616955e-01
6.748590e+01  3.482128e-01
6.857750e+01  3.339896e-01
6.968670e+01  3.193258e-01
7.081380e+01  3.048006e-01
7.195910e+01  2.915119e-01
7.312300e+01  2.784832e-01
7.430570e+01  2.657026e-01
7.550760e+01  2.531340e-01
7.672890e+01  2.406173e-01
7.796990e+01  2.317435e-01
7.923100e+01  2.234926e-01
8.051250e+01  2.156250e-01
8.181470e+01  2.080674e-01
8.313800e+01  2.007866e-01
8.448270e+01  1.937613e-01
8.584910e+01  1.869783e-01
8.723770e+01  1.804242e-01
8.864870e+01  1.740865e-01
9.008250e+01  1.679395e-01
9.153950e+01  1.623238e-01
9.302010e+01  1.570447e-01
9.452460e+01  1.519612e-01
9.605350e+01  1.470585e-01
9.760710e+01  1.423276e-01
9.918580e+01  1.377624e-01
1.007900e+02  1.333585e-01
1.024200e+02  1.291164e-01
1.040770e+02  1.249317e-01
1.057600e+02  1.204559e-01
1.074710e+02  1.161145e-01
1.092090e+02  1.119197e-01
1.109750e+02  1.078718e-01
1.127700e+02  1.039666e-01
1.145940e+02  1.002024e-01
1.164480e+02  9.657374e-02
1.183310e+02  9.307953e-02
1.202450e+02  8.971229e-02
1.221900e+02  8.646895e-02
1.241660e+02  8.334596e-02
1.261750e+02  8.033589e-02
1.282150e+02  7.751933e-02
1.302890e+02  7.497936e-02
1.323970e+02  7.213309e-02
1.345380e+02  6.938709e-02
1.367140e+02  6.674202e-02
1.389250e+02  6.419810e-02
1.411720e+02  6.175208e-02
1.434560e+02  5.940026e-02
1.457760e+02  5.714045e-02
1.481340e+02  5.496786e-02
1.505300e+02  5.287988e-02
1.529640e+02  5.087533e-02
1.554390e+02  4.894812e-02
1.579530e+02  4.709840e-02
1.605070e+02  4.525288e-02
1.631030e+02  4.345137e-02
1.657420e+02  4.168267e-02
1.684220e+02  3.998652e-02
1.711460e+02  3.835976e-02
1.739150e+02  3.679979e-02
1.767270e+02  3.530551e-02
1.795860e+02  3.387257e-02
1.824910e+02  3.249923e-02
1.854420e+02  3.118317e-02
1.884420e+02  2.991422e-02
1.914890e+02  2.868413e-02
1.945870e+02  2.746789e-02
1.977340e+02  2.630425e-02
2.009320e+02  2.519076e-02
2.041820e+02  2.412473e-02
2.074850e+02  2.310189e-02
2.108400e+02  2.212033e-02
2.142510e+02  2.115760e-02
2.177160e+02  2.023634e-02
2.212370e+02  1.935573e-02
2.248160e+02  1.851436e-02
2.284520e+02  1.771013e-02
2.321470e+02  1.694111e-02
2.359020e+02  1.620625e-02
2.397170e+02  1.549770e-02
2.435950e+02  1.481290e-02
2.475350e+02  1.415329e-02
2.515380e+02  1.352289e-02
2.556070e+02  1.292088e-02
2.597410e+02  1.234594e-02
2.639420e+02  1.179694e-02
2.682110e+02  1.127272e-02
2.725490e+02  1.076329e-02
2.769570e+02  1.027448e-02
2.814370e+02  9.807162e-03
2.859890e+02  9.361050e-03
2.906150e+02  8.935423e-03
2.953150e+02  8.529545e-03
3.000920e+02  8.140141e-03
3.049450e+02  7.766919e-03
3.098780e+02  7.408734e-03
3.148900e+02  7.067000e-03
3.199830e+02  6.741262e-03
3.251580e+02  6.430940e-03
3.304180e+02  6.132705e-03
3.357620e+02  5.847442e-03
3.411920e+02  5.574406e-03
3.467110e+02  5.314045e-03
3.523190e+02  5.065937e-03
3.580170e+02  4.829542e-03
3.638080e+02  4.602160e-03
3.696920e+02  4.385092e-03
3.756720e+02  4.178103e-03
3.817480e+02  3.980983e-03
3.879220e+02  3.792846e-03
3.941970e+02  3.612784e-03
4.005730e+02  3.440766e-03
4.070520e+02  3.276769e-03
4.136350e+02  3.120663e-03
4.203260e+02  2.971299e-03
4.271240e+02  2.828857e-03
4.340320e+02  2.692734e-03
4.410520e+02  2.563171e-03
4.481860e+02  2.439758e-03
4.554350e+02  2.321796e-03
4.628020e+02  2.209411e-03
4.702870e+02  2.102428e-03
4.778940e+02  2.000629e-03
4.856230e+02  1.902815e-03
4.934780e+02  1.809443e-03
5.014590e+02  1.720684e-03
5.095700e+02  1.636295e-03
5.178120e+02  1.556137e-03
5.261870e+02  1.480184e-03
5.346980e+02  1.408442e-03
5.433460e+02  1.340428e-03
5.521340e+02  1.275735e-03
5.610650e+02  1.213088e-03
5.701390e+02  1.153133e-03
5.793610e+02  1.096758e-03
5.887320e+02  1.043327e-03
5.982540e+02  9.926125e-04
6.079300e+02  9.443523e-04
6.177630e+02  8.984563e-04
6.277550e+02  8.547566e-04
6.379080e+02  8.125691e-04
6.482260e+02  7.715960e-04
6.587110e+02  7.321443e-04
6.693650e+02  6.947190e-04
6.801910e+02  6.606671e-04
6.911930e+02  6.293546e-04
7.023720e+02  5.997408e-04
7.137330e+02  5.704871e-04
7.252770e+02  5.419669e-04
7.370080e+02  5.148301e-04
7.489280e+02  4.889998e-04
7.610420e+02  4.643452e-04
7.733510e+02  4.404877e-04
7.780000e+02  4.297989e-04
7.782000e+02  3.451598e-03
7.858590e+02  3.367834e-03
7.985700e+02  3.205885e-03
8.114860e+02  3.049464e-03
8.246110e+02  2.899909e-03
8.379490e+02  2.757295e-03
8.515020e+02  2.621637e-03
8.652740e+02  2.488682e-03
8.792690e+02  2.359037e-03
8.934910e+02  2.234005e-03
9.079430e+02  2.157656e-03
9.226280e+02  2.129365e-03
9.375510e+02  2.101548e-03
9.527150e+02  2.029435e-03
9.681240e+02  1.918538e-03
9.837830e+02  1.813655e-03
9.996950e+02  1.714868e-03
1.015860e+03  1.621858e-03
1.032290e+03  1.537389e-03
1.048990e+03  1.456750e-03
1.065960e+03  1.379713e-03
1.083200e+03  1.306775e-03
1.100720e+03  1.237679e-03
1.118520e+03  1.172256e-03
1.136610e+03  1.110263e-03
1.155000e+03  1.051544e-03
1.173680e+03  9.959454e-04
1.192660e+03  9.432846e-04
1.211950e+03  8.934006e-04
1.231550e+03  8.461640e-04
1.251470e+03  8.011887e-04
1.271720e+03  7.583411e-04
1.292290e+03  7.174978e-04
1.313190e+03  6.788678e-04
1.334430e+03  6.423148e-04
1.356010e+03  6.077290e-04
1.377940e+03  5.750074e-04
1.400230e+03  5.440447e-04
1.422880e+03  5.147516e-04
1.445890e+03  4.870373e-04
1.469280e+03  4.607720e-04
1.493040e+03  4.358713e-04
1.517190e+03  4.120678e-04
1.541730e+03  3.895306e-04
1.566670e+03  3.682212e-04
1.592010e+03  3.480846e-04
1.617760e+03  3.290493e-04
1.643920e+03  3.110590e-04
1.670510e+03  2.940533e-04
1.697530e+03  2.779762e-04
1.724990e+03  2.627747e-04
1.752890e+03  2.481839e-04
1.781240e+03  2.343334e-04
1.810050e+03  2.212066e-04
1.839320e+03  2.088175e-04
1.869070e+03  1.971198e-04
1.899300e+03  1.860758e-04
1.930020e+03  1.756508e-04
1.961240e+03  1.658110e-04
1.992960e+03  1.565270e-04
2.025200e+03  1.478294e-04
2.057950e+03  1.394747e-04
2.091240e+03  1.315808e-04
2.125060e+03  1.241142e-04
2.159430e+03  1.170626e-04
2.194360e+03  1.104083e-04
2.229850e+03  1.041200e-04
2.265920e+03  9.817983e-05
2.302570e+03  9.257289e-05
2.339810e+03  8.727763e-05
2.377660e+03  8.228168e-05
2.416110e+03  7.756275e-05
2.455190e+03  7.311528e-05
2.494900e+03  6.891318e-05
2.535260e+03  6.494940e-05
2.576260e+03  6.121094e-05
2.617930e+03  5.768392e-05
2.660270e+03  5.435667e-05
2.703300e+03  5.121887e-05
2.747030e+03  4.825892e-05
2.791460e+03  4.546836e-05
2.836610e+03  4.283715e-05
2.882490e+03  4.035601e-05
2.929110e+03  3.801721e-05
2.976480e+03  3.581224e-05
3.024630e+03  3.373331e-05
3.073550e+03  3.177440e-05
3.123260e+03  2.992776e-05
3.173780e+03  2.818743e-05
3.225110e+03  2.654783e-05
3.277270e+03  2.500276e-05
3.330280e+03  2.354661e-05
3.384150e+03  2.217447e-05
3.438880e+03  2.088192e-05
3.494500e+03  1.966457e-05
3.551020e+03  1.851743e-05
3.608460e+03  1.743678e-05
3.666820e+03  1.641908e-05
3.726130e+03  1.546025e-05
3.786400e+03  1.455717e-05
3.847640e+03  1.370668e-05
3.909870e+03  1.290567e-05
3.973110e+03  1.215119e-05
4.037380e+03  1.144085e-05
4.102680e+03  1.077196e-05
4.169030e+03  1.014210e-05
4.236460e+03  9.549019e-06
4.304980e+03  8.990666e-06
4.374620e+03  8.464571e-06
4.445370e+03  7.969661e-06
4.517270e+03  7.503331e-06
4.590330e+03  7.064712e-06
4.664580e+03  6.651365e-06
4.740030e+03  6.262336e-06
4.816690e+03  5.896194e-06
4.894600e+03  5.551362e-06
4.973770e+03  5.226743e-06
5.054210e+03  4.921436e-06
5.135960e+03  4.633713e-06
5.219030e+03  4.362963e-06
5.303440e+03  4.108138e-06
5.389220e+03  3.868286e-06
5.476390e+03  3.642475e-06
5.564970e+03  3.429832e-06
5.654980e+03  3.229757e-06
5.746440e+03  3.041219e-06
5.839390e+03  2.863992e-06
5.933830e+03  2.697109e-06
6.029810e+03  2.539987e-06
6.127330e+03  2.392104e-06
6.226440e+03  2.252895e-06
6.327150e+03  2.121867e-06
6.429480e+03  1.998512e-06
6.533480e+03  1.882405e-06
6.639150e+03  1.773105e-06
6.746540e+03  1.670217e-06
6.855650e+03  1.573371e-06
6.966540e+03  1.482196e-06
7.079220e+03  1.396361e-06
7.193720e+03  1.315557e-06
7.310070e+03  1.239485e-06
7.428310e+03  1.167888e-06
7.548450e+03  1.100471e-06
7.670540e+03  1.036970e-06
7.708800e+03  1.018014e-06
7.709000e+03  8.006013e-06
7.794610e+03  7.706215e-06
7.920680e+03  7.290331e-06
8.048790e+03  6.895359e-06
8.178980e+03  6.520334e-06
8.311260e+03  6.164411e-06
8.445690e+03  5.826982e-06
8.582290e+03  5.506749e-06
8.721110e+03  5.203243e-06
8.862160e+03  4.915525e-06
9.005500e+03  4.642976e-06
9.151160e+03  4.384865e-06
9.299170e+03  4.140303e-06
9.449580e+03  3.908789e-06
9.602420e+03  3.689662e-06
9.757730e+03  3.482192e-06
9.915550e+03  3.286111e-06
1.007590e+04  3.100525e-06
1.023890e+04  2.925001e-06
1.040450e+04  2.759044e-06
1.057280e+04  2.602156e-06
1.074380e+04  2.453892e-06
1.091760e+04  2.313771e-06
1.109420e+04  2.181394e-06
1.127360e+04  2.056364e-06
1.145590e+04  1.938278e-06
1.164120e+04  1.826758e-06
1.182950e+04  1.721460e-06
1.202080e+04  1.622070e-06
1.221530e+04  1.528232e-06
1.241280e+04  1.439714e-06
1.261360e+04  1.356161e-06
1.281760e+04  1.277346e-06
1.302500e+04  1.202979e-06
1.323560e+04  1.132866e-06
1.344970e+04  1.066728e-06
1.366720e+04  1.004365e-06
1.388830e+04  9.455615e-07
1.411290e+04  8.901353e-07
1.434120e+04  8.378807e-07
1.457310e+04  7.886396e-07
1.480890e+04  7.422180e-07
1.504840e+04  6.984847e-07
1.529180e+04  6.572806e-07
1.553910e+04  6.184579e-07
1.579040e+04  5.818892e-07
1.604580e+04  5.474444e-07
1.630540e+04  5.149962e-07
1.656910e+04  4.844412e-07
1.683710e+04  4.556721e-07
1.710940e+04  4.285814e-07
1.738610e+04  4.030769e-07
1.766740e+04  3.790609e-07
1.795310e+04  3.564598e-07
1.824350e+04  3.351828e-07
1.853860e+04  3.151575e-07
1.883840e+04  2.963132e-07
1.914310e+04  2.785787e-07
1.945270e+04  2.618913e-07
1.976740e+04  2.461878e-07
2.008710e+04  2.314155e-07
2.041200e+04  2.175173e-07
2.074210e+04  2.044441e-07
2.107760e+04  1.921457e-07
2.141850e+04  1.805785e-07
2.176500e+04  1.696978e-07
2.211700e+04  1.594665e-07
2.247470e+04  1.498449e-07
2.283820e+04  1.407968e-07
2.320760e+04  1.322887e-07
2.358300e+04  1.242888e-07
2.396440e+04  1.167681e-07
2.435200e+04  1.096972e-07
2.474590e+04  1.030500e-07
2.514620e+04  9.680104e-08
2.555290e+04  9.092773e-08
2.596620e+04  8.540698e-08
2.638610e+04  8.021861e-08
2.681290e+04  7.534189e-08
2.724660e+04  7.075874e-08
2.768730e+04  6.645185e-08
2.813510e+04  6.240468e-08
2.859020e+04  5.860169e-08
2.905260e+04  5.502847e-08
2.952250e+04  5.167118e-08
3.000000e+04  4.851689e-08
-1  -1
