  -1
3.043820e+01  7.321420e-01
3.092110e+01  6.743527e-01
3.141160e+01  6.209657e-01
3.191000e+01  5.695100e-01
3.241620e+01  5.230079e-01
3.293050e+01  4.826982e-01
3.345290e+01  4.462573e-01
3.398360e+01  4.125347e-01
3.452270e+01  3.828130e-01
3.507040e+01  3.572679e-01
3.562670e+01  3.340385e-01
3.619190e+01  3.124589e-01
3.676610e+01  2.920457e-01
3.734940e+01  2.733531e-01
3.794190e+01  2.551786e-01
3.854380e+01  2.380255e-01
3.915530e+01  2.196614e-01
3.977640e+01  2.017816e-01
4.040750e+01  1.840756e-01
4.104850e+01  1.661290e-01
4.118700e+01  1.618976e-01
4.146200e+01  1.558503e-01
4.160600e+01  1.531879e-01
4.174200e+01  1.524539e-01
4.188700e+01  1.532067e-01
4.217200e+01  1.609017e-01
4.275300e+01  1.875078e-01
4.304900e+01  1.997851e-01
4.365400e+01  2.165698e-01
4.396300e+01  2.290436e-01
4.466040e+01  2.769365e-01
4.491700e+01  3.012332e-01
4.524400e+01  3.331233e-01
4.557800e+01  3.634653e-01
4.575100e+01  3.780211e-01
4.625800e+01  4.131945e-01
4.695800e+01  4.477467e-01
4.770300e+01  4.720668e-01
4.845970e+01  4.902532e-01
4.922850e+01  5.121645e-01
5.000950e+01  5.185552e-01
5.080280e+01  5.128635e-01
5.160880e+01  5.060599e-01
5.242750e+01  5.068308e-01
5.325920e+01  5.159080e-01
5.410420e+01  5.283374e-01
5.496250e+01  5.397727e-01
5.583440e+01  5.435469e-01
5.672020e+01  5.388490e-01
5.762000e+01  5.289358e-01
5.853410e+01  5.179374e-01
5.946270e+01  5.041608e-01
6.040600e+01  4.885505e-01
6.136430e+01  4.720238e-01
6.233780e+01  4.550548e-01
6.332680e+01  4.378218e-01
6.433140e+01  4.208172e-01
6.535200e+01  4.040406e-01
6.638870e+01  3.860020e-01
6.744190e+01  3.674841e-01
6.851190e+01  3.493579e-01
6.959880e+01  3.321300e-01
7.070290e+01  3.133131e-01
7.182450e+01  2.935515e-01
7.296400e+01  2.715976e-01
7.412150e+01  2.496499e-01
7.529740e+01  2.288422e-01
7.649190e+01  2.093056e-01
7.770540e+01  1.919426e-01
7.893810e+01  1.771663e-01
8.019040e+01  1.634148e-01
8.146260e+01  1.519430e-01
8.275490e+01  1.423753e-01
8.406780e+01  1.350598e-01
8.540150e+01  1.290638e-01
8.675630e+01  1.240413e-01
8.813260e+01  1.199566e-01
8.953080e+01  1.162285e-01
9.095110e+01  1.128380e-01
9.239400e+01  1.082352e-01
9.385970e+01  1.030316e-01
9.534870e+01  9.597853e-02
9.686140e+01  8.924074e-02
9.839800e+01  8.276362e-02
9.995900e+01  7.667881e-02
1.015450e+02  7.210277e-02
1.031560e+02  6.857577e-02
1.047920e+02  6.646038e-02
1.064550e+02  6.451929e-02
1.081440e+02  6.280971e-02
1.097200e+02  6.131560e-02
1.107000e+02  5.983850e-02
1.124560e+02  5.801756e-02
1.142400e+02  5.629709e-02
1.160530e+02  5.464548e-02
1.178940e+02  5.305987e-02
1.197640e+02  5.144500e-02
1.216640e+02  4.938650e-02
1.235940e+02  4.740582e-02
1.255550e+02  4.550106e-02
1.275470e+02  4.371527e-02
1.295700e+02  4.230670e-02
1.316260e+02  4.095560e-02
1.337140e+02  3.967605e-02
1.358350e+02  3.774664e-02
1.379900e+02  3.570494e-02
1.401790e+02  3.364499e-02
1.424030e+02  3.183924e-02
1.446620e+02  3.055712e-02
1.469570e+02  2.958882e-02
1.492880e+02  2.893665e-02
1.516570e+02  2.830716e-02
1.540620e+02  2.770085e-02
1.565070e+02  2.711310e-02
1.589890e+02  2.654565e-02
1.615120e+02  2.578200e-02
1.640740e+02  2.484702e-02
1.666770e+02  2.392980e-02
1.693210e+02  2.297980e-02
1.720070e+02  2.206468e-02
1.747360e+02  2.131043e-02
1.775080e+02  2.062540e-02
1.803240e+02  1.995579e-02
1.831850e+02  1.900725e-02
1.860910e+02  1.792268e-02
1.890430e+02  1.683720e-02
1.920420e+02  1.584716e-02
1.950890e+02  1.501010e-02
1.981840e+02  1.421594e-02
2.013280e+02  1.367963e-02
2.045210e+02  1.320691e-02
2.077660e+02  1.275195e-02
2.110620e+02  1.231369e-02
2.144100e+02  1.189659e-02
2.178120e+02  1.151598e-02
2.212670e+02  1.114852e-02
2.247780e+02  1.072123e-02
2.283440e+02  1.028469e-02
2.319660e+02  9.866017e-03
2.356460e+02  9.464516e-03
2.393840e+02  9.089503e-03
2.431820e+02  8.755885e-03
2.450000e+02  8.602512e-03
2.479400e+02  8.345652e-03
2.518730e+02  7.953204e-03
2.558690e+02  7.574543e-03
2.599280e+02  7.151336e-03
2.640520e+02  6.751629e-03
2.682410e+02  6.374112e-03
2.724960e+02  6.029526e-03
2.768190e+02  5.771536e-03
2.779900e+02  5.704258e-03
2.814600e+02  5.577499e-03
2.843600e+02  5.450227e-03
2.873300e+02  5.385458e-03
2.890000e+02  5.342445e-03
2.900200e+02  5.342862e-03
2.913900e+02  5.281368e-03
2.941500e+02  5.214709e-03
2.988160e+02  5.039303e-03
3.035570e+02  4.839586e-03
3.083730e+02  4.586371e-03
3.132650e+02  4.329984e-03
3.182340e+02  4.114200e-03
3.232830e+02  3.935296e-03
3.254100e+02  3.863342e-03
3.262600e+02  3.801236e-03
3.271300e+02  3.800652e-03
3.323200e+02  3.614967e-03
3.375920e+02  3.433279e-03
3.429470e+02  3.250311e-03
3.483880e+02  3.077112e-03
3.539150e+02  2.916264e-03
3.593600e+02  2.788465e-03
3.625100e+02  2.705981e-03
3.646400e+02  2.664960e-03
3.679000e+02  2.582357e-03
3.689800e+02  2.582320e-03
3.712000e+02  2.520482e-03
3.734300e+02  2.499775e-03
3.745500e+02  2.459000e-03
3.768300e+02  2.437913e-03
3.828080e+02  2.327879e-03
3.888810e+02  2.222916e-03
3.950500e+02  2.122718e-03
3.999300e+02  2.047664e-03
4.012200e+02  2.047342e-03
4.051600e+02  1.968995e-03
4.115880e+02  1.869342e-03
4.181170e+02  1.774768e-03
4.247500e+02  1.686461e-03
4.314890e+02  1.602720e-03
4.383340e+02  1.523156e-03
4.452880e+02  1.447542e-03
4.523520e+02  1.375997e-03
4.585100e+02  1.317403e-03
4.605600e+02  1.298882e-03
4.608900e+02  1.305716e-03
4.622700e+02  1.285812e-03
4.682200e+02  1.235802e-03
4.692800e+02  1.229192e-03
4.767250e+02  1.169131e-03
4.790700e+02  1.151018e-03
4.794300e+02  1.158501e-03
4.801700e+02  1.142990e-03
4.877880e+02  1.091070e-03
4.885200e+02  1.086211e-03
4.888600e+02  1.077885e-03
4.904100e+02  1.080447e-03
4.916100e+02  1.064703e-03
4.994090e+02  1.017170e-03
4.999200e+02  1.014130e-03
5.003300e+02  1.003330e-03
5.082670e+02  9.525683e-04
5.085500e+02  9.508453e-04
5.131700e+02  9.214310e-04
5.136100e+02  9.130975e-04
5.170300e+02  8.991000e-04
5.252320e+02  8.525911e-04
5.302900e+02  8.254143e-04
5.325600e+02  8.270757e-04
5.353200e+02  8.026369e-04
5.395300e+02  7.891724e-04
5.480890e+02  7.396832e-04
5.510200e+02  7.235599e-04
5.515300e+02  7.158329e-04
5.520200e+02  7.185077e-04
5.524900e+02  7.291383e-04
5.529900e+02  7.135436e-04
5.579900e+02  6.925790e-04
5.584500e+02  6.850848e-04
5.594800e+02  6.874460e-04
5.650900e+02  6.693630e-04
5.670600e+02  6.707117e-04
5.686200e+02  6.823842e-04
5.691500e+02  6.974778e-04
5.696500e+02  7.009046e-04
5.702000e+02  7.169635e-04
5.712400e+02  7.727405e-04
5.717600e+02  9.482993e-04
5.720600e+02  1.019218e-03
5.722900e+02  1.113608e-03
5.725900e+02  1.364039e-03
5.728100e+02  1.717210e-03
5.731000e+02  2.536235e-03
5.733600e+02  3.670399e-03
5.736300e+02  5.196683e-03
5.740000e+02  6.892149e-03
5.742000e+02  9.745151e-03
5.745400e+02  1.279526e-02
5.750700e+02  1.962835e-02
5.753400e+02  2.145358e-02
5.756000e+02  2.106457e-02
5.766700e+02  1.445411e-02
5.780200e+02  9.517656e-03
5.793700e+02  6.383472e-03
5.799100e+02  5.613012e-03
5.804600e+02  5.181060e-03
5.810000e+02  5.112281e-03
5.815400e+02  5.455599e-03
5.820900e+02  6.607789e-03
5.831800e+02  1.434817e-02
5.834600e+02  1.689182e-02
5.837300e+02  1.814929e-02
5.840100e+02  1.828095e-02
5.842800e+02  1.775578e-02
5.848400e+02  1.560020e-02
5.862200e+02  1.096244e-02
5.876100e+02  8.428611e-03
5.890000e+02  7.106425e-03
5.895600e+02  6.779579e-03
5.919900e+02  6.532470e-03
5.939600e+02  6.007684e-03
5.950900e+02  5.685344e-03
5.968100e+02  5.360473e-03
5.988400e+02  5.156960e-03
6.014600e+02  4.914927e-03
6.040800e+02  4.651251e-03
6.067500e+02  4.528405e-03
6.088400e+02  4.489039e-03
6.118300e+02  4.287003e-03
6.142500e+02  4.185618e-03
6.154700e+02  4.165306e-03
6.160800e+02  4.165645e-03
6.170300e+02  4.163633e-03
6.176500e+02  4.184744e-03
6.204100e+02  4.163996e-03
6.229100e+02  4.044048e-03
6.250900e+02  3.963146e-03
6.276100e+02  3.982965e-03
6.311500e+02  4.082449e-03
6.353400e+02  4.123181e-03
6.379600e+02  4.165004e-03
6.409300e+02  4.063947e-03
6.479900e+02  3.802032e-03
6.520400e+02  3.620322e-03
6.551600e+02  3.580997e-03
6.632000e+02  3.640708e-03
6.657300e+02  3.601491e-03
6.696800e+02  3.420522e-03
6.722100e+02  3.320332e-03
6.758800e+02  3.238436e-03
6.803200e+02  3.197751e-03
6.814400e+02  3.196506e-03
6.825900e+02  3.218139e-03
6.852100e+02  3.257500e-03
6.867300e+02  3.316735e-03
6.905600e+02  3.397547e-03
6.960000e+02  3.439064e-03
7.026800e+02  3.398804e-03
7.138280e+02  3.220555e-03
7.140200e+02  3.217582e-03
7.206400e+02  3.057310e-03
7.265400e+02  2.957716e-03
7.282900e+02  2.917164e-03
7.321700e+02  2.876230e-03
7.360600e+02  2.854949e-03
7.373700e+02  2.836316e-03
7.490680e+02  2.835845e-03
7.521100e+02  2.835806e-03
7.534900e+02  2.815391e-03
7.553800e+02  2.816003e-03
7.562800e+02  2.795657e-03
7.590500e+02  2.776173e-03
7.599700e+02  2.755870e-03
7.627900e+02  2.734544e-03
7.637100e+02  2.714415e-03
7.646800e+02  2.714726e-03
7.656300e+02  2.694603e-03
7.665800e+02  2.695006e-03
7.675300e+02  2.674938e-03
7.689100e+02  2.675799e-03
7.708400e+02  2.595074e-03
7.723000e+02  2.593825e-03
7.732800e+02  2.573879e-03
7.756400e+02  2.555070e-03
7.785700e+02  2.494144e-03
7.801000e+02  2.474642e-03
7.815100e+02  2.433577e-03
7.845300e+02  2.393300e-03
7.874600e+02  2.333554e-03
7.899900e+02  2.293512e-03
7.919900e+02  2.273183e-03
7.930100e+02  2.252288e-03
7.945300e+02  2.251452e-03
7.956000e+02  2.232326e-03
7.966400e+02  2.232906e-03
7.976000e+02  2.212374e-03
7.991400e+02  2.211562e-03
8.001500e+02  2.191002e-03
8.012200e+02  2.191527e-03
8.022800e+02  2.170912e-03
8.038400e+02  2.171912e-03
8.042900e+02  2.151282e-03
8.053800e+02  2.151792e-03
8.064200e+02  2.131394e-03
8.074100e+02  2.130435e-03
8.085100e+02  2.111712e-03
8.096100e+02  2.110485e-03
8.106800e+02  2.090195e-03
8.116900e+02  2.090968e-03
8.127600e+02  2.070797e-03
8.256540e+02  2.025429e-03
8.387520e+02  1.977391e-03
8.520580e+02  1.868947e-03
8.655760e+02  1.766398e-03
8.793070e+02  1.669462e-03
8.932570e+02  1.577824e-03
9.074280e+02  1.491203e-03
9.218230e+02  1.409337e-03
9.364480e+02  1.333613e-03
9.513040e+02  1.262066e-03
9.663950e+02  1.194354e-03
9.817260e+02  1.130273e-03
9.973010e+02  1.069631e-03
1.013120e+03  1.012249e-03
1.029190e+03  9.579465e-04
1.045520e+03  9.065519e-04
1.062110e+03  8.579121e-04
1.078960e+03  8.118880e-04
1.096070e+03  7.683460e-04
1.113460e+03  7.271275e-04
1.131130e+03  6.881187e-04
1.149070e+03  6.512137e-04
1.167300e+03  6.162846e-04
1.185820e+03  5.832288e-04
1.204630e+03  5.519502e-04
1.223740e+03  5.223494e-04
1.243160e+03  4.943314e-04
1.262880e+03  4.678237e-04
1.282910e+03  4.427397e-04
1.303260e+03  4.190003e-04
1.323940e+03  3.965294e-04
1.344940e+03  3.752694e-04
1.366280e+03  3.551472e-04
1.387950e+03  3.361077e-04
1.409970e+03  3.180869e-04
1.432340e+03  3.010326e-04
1.455060e+03  2.848951e-04
1.478150e+03  2.696197e-04
1.501600e+03  2.549346e-04
1.525420e+03  2.406632e-04
1.549620e+03  2.271909e-04
1.574200e+03  2.144734e-04
1.599180e+03  2.024658e-04
1.624550e+03  1.911322e-04
1.650320e+03  1.804342e-04
1.676500e+03  1.703347e-04
1.703100e+03  1.607998e-04
1.730110e+03  1.518006e-04
1.757560e+03  1.433039e-04
1.785440e+03  1.352834e-04
1.813770e+03  1.277113e-04
1.842540e+03  1.205642e-04
1.871770e+03  1.138167e-04
1.901470e+03  1.074463e-04
1.931630e+03  1.014335e-04
1.962280e+03  9.575653e-05
1.993410e+03  9.039761e-05
2.025030e+03  8.533942e-05
2.057160e+03  8.056342e-05
2.089790e+03  7.605556e-05
2.122940e+03  7.171428e-05
2.156620e+03  6.761712e-05
2.190840e+03  6.375345e-05
2.225590e+03  6.011136e-05
2.260900e+03  5.667706e-05
2.296770e+03  5.343876e-05
2.333200e+03  5.038630e-05
2.370220e+03  4.750751e-05
2.407820e+03  4.479342e-05
2.446020e+03  4.223453e-05
2.484820e+03  3.982183e-05
2.524240e+03  3.754689e-05
2.564290e+03  3.540190e-05
2.604970e+03  3.337956e-05
2.646290e+03  3.147287e-05
2.688280e+03  2.967491e-05
2.730920e+03  2.797996e-05
2.774250e+03  2.638149e-05
2.818260e+03  2.487448e-05
2.862970e+03  2.345363e-05
2.908390e+03  2.211381e-05
2.954530e+03  2.085074e-05
3.001400e+03  1.965981e-05
3.049010e+03  1.853682e-05
3.097380e+03  1.747805e-05
3.146520e+03  1.647962e-05
3.196440e+03  1.553833e-05
3.247150e+03  1.465082e-05
3.298660e+03  1.381400e-05
3.350990e+03  1.302498e-05
3.404150e+03  1.228104e-05
3.458160e+03  1.157949e-05
3.513020e+03  1.091816e-05
3.568750e+03  1.029455e-05
3.625370e+03  9.706516e-06
3.682880e+03  9.152118e-06
3.741310e+03  8.629376e-06
3.800660e+03  8.136563e-06
3.860950e+03  7.671850e-06
3.922200e+03  7.233664e-06
3.984430e+03  6.820497e-06
4.047640e+03  6.430956e-06
4.111850e+03  6.063653e-06
4.177080e+03  5.717342e-06
4.243350e+03  5.390801e-06
4.310660e+03  5.082920e-06
4.379050e+03  4.792615e-06
4.448520e+03  4.518899e-06
4.519090e+03  4.260818e-06
4.590780e+03  4.017468e-06
4.663610e+03  3.788021e-06
4.737600e+03  3.571674e-06
4.812760e+03  3.367678e-06
4.889110e+03  3.175347e-06
4.966670e+03  2.994004e-06
5.045460e+03  2.823018e-06
5.125500e+03  2.661787e-06
5.206820e+03  2.509762e-06
5.289420e+03  2.366430e-06
5.373330e+03  2.231276e-06
5.458580e+03  2.103846e-06
5.545170e+03  1.983697e-06
5.633140e+03  1.870403e-06
5.722510e+03  1.763580e-06
5.813290e+03  1.662861e-06
5.905520e+03  1.567885e-06
5.988920e+03  1.487813e-06
5.989120e+03  2.898439e-07
5.989200e+03  1.494219e-06
5.989300e+03  1.230451e-05
6.084320e+03  1.164497e-05
6.180840e+03  1.101768e-05
6.278890e+03  1.042414e-05
6.378500e+03  9.862589e-06
6.479690e+03  9.331275e-06
6.582490e+03  8.828575e-06
6.686910e+03  8.352978e-06
6.793000e+03  7.902975e-06
6.900760e+03  7.477236e-06
7.010240e+03  7.074409e-06
7.121450e+03  6.693298e-06
7.234430e+03  6.332713e-06
7.349200e+03  5.991562e-06
7.465790e+03  5.668772e-06
7.584220e+03  5.359529e-06
7.704540e+03  5.058558e-06
7.826770e+03  4.774468e-06
7.950930e+03  4.506353e-06
8.077070e+03  4.253287e-06
8.205210e+03  4.014429e-06
8.335380e+03  3.789003e-06
8.467610e+03  3.576230e-06
8.601940e+03  3.375393e-06
8.738410e+03  3.185834e-06
8.877040e+03  3.006943e-06
9.017860e+03  2.838076e-06
9.160920e+03  2.678701e-06
9.306250e+03  2.528281e-06
9.453890e+03  2.386305e-06
9.603870e+03  2.252295e-06
9.756230e+03  2.125808e-06
9.911000e+03  2.006438e-06
1.006820e+04  1.893771e-06
1.022800e+04  1.784168e-06
1.039020e+04  1.680799e-06
1.055510e+04  1.583382e-06
1.072250e+04  1.491631e-06
1.089260e+04  1.405195e-06
1.106540e+04  1.323771e-06
1.124100e+04  1.247040e-06
1.141930e+04  1.174789e-06
1.160040e+04  1.106720e-06
1.178450e+04  1.042579e-06
1.197140e+04  9.821635e-07
1.216130e+04  9.252543e-07
1.235430e+04  8.716313e-07
1.255030e+04  8.211154e-07
1.274940e+04  7.735375e-07
1.295160e+04  7.287151e-07
1.315710e+04  6.864817e-07
1.336580e+04  6.467056e-07
1.357790e+04  6.092251e-07
1.379330e+04  5.739218e-07
1.401210e+04  5.406643e-07
1.423440e+04  5.093337e-07
1.446020e+04  4.798200e-07
1.468960e+04  4.517731e-07
1.492260e+04  4.251477e-07
1.515940e+04  4.000858e-07
1.539990e+04  3.765035e-07
1.564420e+04  3.543124e-07
1.589230e+04  3.334328e-07
1.614450e+04  3.137762e-07
1.640060e+04  2.952828e-07
1.666080e+04  2.778783e-07
1.692510e+04  2.615003e-07
1.719360e+04  2.460870e-07
1.746630e+04  2.315843e-07
1.774340e+04  2.179343e-07
1.802490e+04  2.050885e-07
1.831090e+04  1.929994e-07
1.860140e+04  1.816237e-07
1.889650e+04  1.709184e-07
1.919620e+04  1.608456e-07
1.950080e+04  1.513644e-07
1.981010e+04  1.424439e-07
2.012440e+04  1.340475e-07
2.044370e+04  1.261461e-07
2.076800e+04  1.187114e-07
2.109750e+04  1.117138e-07
2.143220e+04  1.051294e-07
2.177220e+04  9.893308e-08
2.211760e+04  9.310172e-08
2.246840e+04  8.761495e-08
2.282490e+04  8.245055e-08
2.318700e+04  7.759062e-08
2.355480e+04  7.301778e-08
2.392850e+04  6.871401e-08
2.430810e+04  6.466396e-08
2.469370e+04  6.085271e-08
2.508550e+04  5.726573e-08
2.548350e+04  5.389045e-08
2.588770e+04  5.071421e-08
2.629840e+04  4.769800e-08
2.671560e+04  4.482460e-08
2.713940e+04  4.212297e-08
2.757000e+04  3.958268e-08
2.800740e+04  3.719431e-08
2.845170e+04  3.494910e-08
2.890310e+04  3.283828e-08
2.936160e+04  3.085402e-08
2.982740e+04  2.898864e-08
3.000000e+04  2.833326e-08
-1  -1
