  -1
3.025550e+01  3.681535e-01
3.074490e+01  3.991182e-01
3.124210e+01  4.319972e-01
3.174750e+01  4.574523e-01
3.226090e+01  4.815542e-01
3.278270e+01  5.038075e-01
3.331300e+01  5.258212e-01
3.385180e+01  5.417268e-01
3.439930e+01  5.561799e-01
3.495570e+01  5.696039e-01
3.552110e+01  5.838048e-01
3.609560e+01  6.001787e-01
3.667940e+01  6.021910e-01
3.727270e+01  5.979365e-01
3.787550e+01  5.895936e-01
3.848820e+01  5.745496e-01
3.911070e+01  5.561578e-01
3.974320e+01  5.356528e-01
4.038610e+01  5.137091e-01
4.103930e+01  4.908790e-01
4.170310e+01  4.675859e-01
4.237760e+01  4.441710e-01
4.306300e+01  4.209108e-01
4.375950e+01  3.980202e-01
4.446730e+01  3.756600e-01
4.518650e+01  3.539423e-01
4.591740e+01  3.329293e-01
4.666000e+01  3.125251e-01
4.741470e+01  2.946095e-01
4.818160e+01  2.792237e-01
4.896090e+01  2.647990e-01
4.975280e+01  2.511263e-01
5.055760e+01  2.381459e-01
5.137530e+01  2.258127e-01
5.220620e+01  2.140905e-01
5.305060e+01  2.029464e-01
5.390870e+01  1.923499e-01
5.478060e+01  1.822694e-01
5.566670e+01  1.726700e-01
5.656700e+01  1.634758e-01
5.748200e+01  1.557238e-01
5.841170e+01  1.494826e-01
5.935640e+01  1.436241e-01
6.031650e+01  1.380546e-01
6.129210e+01  1.327448e-01
6.228340e+01  1.276721e-01
6.329080e+01  1.228164e-01
6.431450e+01  1.181591e-01
6.535470e+01  1.137424e-01
6.641180e+01  1.097990e-01
6.748590e+01  1.060266e-01
6.857750e+01  1.024041e-01
6.968670e+01  9.892057e-02
7.081380e+01  9.556411e-02
7.195910e+01  9.236062e-02
7.312300e+01  8.958106e-02
7.430570e+01  8.691318e-02
7.550760e+01  8.434232e-02
7.672890e+01  8.186190e-02
7.796990e+01  7.946722e-02
7.923100e+01  7.712660e-02
8.051250e+01  7.486288e-02
8.181470e+01  7.267317e-02
8.313800e+01  7.055435e-02
8.448270e+01  6.850364e-02
8.584910e+01  6.651651e-02
8.723770e+01  6.459160e-02
8.864870e+01  6.272764e-02
9.008250e+01  6.092295e-02
9.153950e+01  5.917170e-02
9.302010e+01  5.745905e-02
9.452460e+01  5.579946e-02
9.605350e+01  5.419113e-02
9.760710e+01  5.263191e-02
9.918580e+01  5.111980e-02
1.007900e+02  4.973781e-02
1.024200e+02  4.841025e-02
1.040770e+02  4.693068e-02
1.057600e+02  4.545453e-02
1.074710e+02  4.402538e-02
1.092090e+02  4.264786e-02
1.109750e+02  4.107080e-02
1.127700e+02  3.929828e-02
1.145940e+02  3.759499e-02
1.164480e+02  3.596205e-02
1.183310e+02  3.435749e-02
1.202450e+02  3.268143e-02
1.221900e+02  3.108147e-02
1.241660e+02  2.955604e-02
1.261750e+02  2.810140e-02
1.282150e+02  2.671562e-02
1.302890e+02  2.539436e-02
1.323970e+02  2.413505e-02
1.345380e+02  2.284502e-02
1.367140e+02  2.140566e-02
1.389250e+02  1.999647e-02
1.411720e+02  1.780585e-02
1.434560e+02  1.552971e-02
1.457760e+02  1.372324e-02
1.481340e+02  1.254860e-02
1.505300e+02  1.909864e-02
1.529640e+02  7.808264e-02
1.554390e+02  7.755963e-02
1.579530e+02  7.006507e-02
1.605070e+02  6.081885e-02
1.631030e+02  5.203468e-02
1.657420e+02  4.204819e-02
1.684220e+02  3.891233e-02
1.711460e+02  3.685510e-02
1.739150e+02  3.493329e-02
1.767270e+02  3.311934e-02
1.795860e+02  3.140013e-02
1.824910e+02  2.976941e-02
1.854420e+02  2.822169e-02
1.884420e+02  2.675051e-02
1.914890e+02  2.548744e-02
1.945870e+02  2.440834e-02
1.977340e+02  2.337698e-02
2.009320e+02  2.238999e-02
2.041820e+02  2.144490e-02
2.074850e+02  2.053988e-02
2.108400e+02  1.967361e-02
2.142510e+02  1.884411e-02
2.177160e+02  1.800955e-02
2.212370e+02  1.720163e-02
2.248160e+02  1.642944e-02
2.284520e+02  1.569193e-02
2.321470e+02  1.498739e-02
2.359020e+02  1.431431e-02
2.397170e+02  1.367149e-02
2.435950e+02  1.305719e-02
2.475350e+02  1.247035e-02
2.515380e+02  1.195377e-02
2.556070e+02  1.156081e-02
2.597410e+02  1.118193e-02
2.639420e+02  1.081590e-02
2.682110e+02  1.046227e-02
2.725490e+02  1.012042e-02
2.769570e+02  9.789981e-03
2.814370e+02  9.470514e-03
2.859890e+02  9.161628e-03
2.906150e+02  8.870554e-03
2.953150e+02  8.606814e-03
3.000920e+02  8.351102e-03
3.049450e+02  8.103234e-03
3.098780e+02  7.862796e-03
3.148900e+02  7.629667e-03
3.199830e+02  7.403572e-03
3.251580e+02  7.184304e-03
3.304180e+02  6.971575e-03
3.357620e+02  6.765285e-03
3.411920e+02  6.565205e-03
3.467110e+02  6.371084e-03
3.523190e+02  6.182798e-03
3.580170e+02  6.000220e-03
3.638080e+02  5.811965e-03
3.696920e+02  5.624381e-03
3.756720e+02  5.442878e-03
3.817480e+02  5.267286e-03
3.879220e+02  5.097402e-03
3.941970e+02  4.932979e-03
4.005730e+02  4.773938e-03
4.070520e+02  4.620069e-03
4.136350e+02  4.471221e-03
4.203260e+02  4.327204e-03
4.271240e+02  4.177560e-03
4.340320e+02  4.019512e-03
4.410520e+02  3.867405e-03
4.481860e+02  3.721057e-03
4.554350e+02  3.580250e-03
4.628020e+02  3.444780e-03
4.702870e+02  3.314476e-03
4.778940e+02  3.189094e-03
4.856230e+02  3.068474e-03
4.934780e+02  2.952412e-03
5.014590e+02  2.840777e-03
5.095700e+02  2.733362e-03
5.178120e+02  2.630036e-03
5.261870e+02  2.530628e-03
5.346980e+02  2.434968e-03
5.433460e+02  2.342507e-03
5.521340e+02  2.253545e-03
5.610650e+02  2.167974e-03
5.701390e+02  2.085668e-03
5.793610e+02  2.006485e-03
5.887320e+02  1.930331e-03
5.982540e+02  1.853521e-03
6.079300e+02  1.775215e-03
6.177630e+02  1.700194e-03
6.277550e+02  1.628362e-03
6.379080e+02  1.559569e-03
6.482260e+02  1.493682e-03
6.587110e+02  1.430582e-03
6.693650e+02  1.370146e-03
6.801910e+02  1.312282e-03
6.911930e+02  1.256859e-03
7.023720e+02  1.203781e-03
7.137330e+02  1.152944e-03
7.252770e+02  1.104269e-03
7.370080e+02  1.057646e-03
7.489280e+02  1.012992e-03
7.610420e+02  9.702279e-04
7.733510e+02  9.292728e-04
7.858590e+02  8.900572e-04
7.985700e+02  8.502000e-04
8.114860e+02  8.127505e-04
8.246110e+02  7.769516e-04
8.379490e+02  7.427247e-04
8.515020e+02  7.098900e-04
8.652740e+02  6.783690e-04
8.792690e+02  6.481282e-04
8.934910e+02  6.192384e-04
9.079430e+02  5.916364e-04
9.226280e+02  5.652565e-04
9.375510e+02  5.397754e-04
9.527150e+02  5.153668e-04
9.681240e+02  4.919967e-04
9.837830e+02  4.696805e-04
9.996950e+02  4.483466e-04
1.015860e+03  4.279524e-04
1.032290e+03  4.081758e-04
1.048990e+03  3.892240e-04
1.065960e+03  3.710646e-04
1.083200e+03  3.537614e-04
1.100720e+03  3.372656e-04
1.118520e+03  3.215415e-04
1.136610e+03  3.065441e-04
1.155000e+03  2.922427e-04
1.173680e+03  2.786123e-04
1.192660e+03  2.656156e-04
1.211950e+03  2.532227e-04
1.231550e+03  2.414061e-04
1.251470e+03  2.301500e-04
1.271720e+03  2.193953e-04
1.292290e+03  2.088590e-04
1.292500e+03  2.086628e-04
1.292700e+03  1.039731e-03
1.313190e+03  9.869363e-04
1.334430e+03  9.340453e-04
1.356010e+03  8.838777e-04
1.377940e+03  8.363481e-04
1.400230e+03  7.913445e-04
1.422880e+03  7.487544e-04
1.445890e+03  7.084475e-04
1.469280e+03  6.703056e-04
1.493040e+03  6.342331e-04
1.517190e+03  6.001401e-04
1.541730e+03  5.678858e-04
1.566670e+03  5.373599e-04
1.592010e+03  5.084722e-04
1.617760e+03  4.811350e-04
1.643920e+03  4.552665e-04
1.670510e+03  4.307652e-04
1.675500e+03  4.263085e-04
1.675700e+03  4.972613e-04
1.697530e+03  4.765226e-04
1.724990e+03  4.519184e-04
1.752890e+03  4.285753e-04
1.781240e+03  4.064372e-04
1.810050e+03  3.854461e-04
1.839320e+03  3.655323e-04
1.841700e+03  3.639627e-04
1.841900e+03  3.876934e-04
1.869070e+03  3.688848e-04
1.899300e+03  3.493014e-04
1.930020e+03  3.307554e-04
1.961240e+03  3.131924e-04
1.992960e+03  2.965607e-04
2.025200e+03  2.808809e-04
2.046700e+03  2.710121e-04
2.046900e+03  2.824529e-04
2.057950e+03  2.774913e-04
2.091240e+03  2.632020e-04
2.125060e+03  2.496064e-04
2.159430e+03  2.366821e-04
2.194360e+03  2.243889e-04
2.229850e+03  2.127005e-04
2.265920e+03  2.015946e-04
2.302570e+03  1.910431e-04
2.339810e+03  1.810246e-04
2.377660e+03  1.715063e-04
2.416110e+03  1.624719e-04
2.455190e+03  1.538970e-04
2.494900e+03  1.457548e-04
2.535260e+03  1.380305e-04
2.576260e+03  1.307055e-04
2.617930e+03  1.237541e-04
2.660270e+03  1.171613e-04
2.703300e+03  1.109097e-04
2.747030e+03  1.049833e-04
2.791460e+03  9.936732e-05
2.836610e+03  9.404481e-05
2.882490e+03  8.899737e-05
2.929110e+03  8.421896e-05
2.976480e+03  7.968843e-05
3.024630e+03  7.539765e-05
3.073550e+03  7.132945e-05
3.123260e+03  6.748031e-05
3.173780e+03  6.383638e-05
3.225110e+03  6.038463e-05
3.277270e+03  5.711251e-05
3.330280e+03  5.401900e-05
3.384150e+03  5.109022e-05
3.438880e+03  4.831731e-05
3.494500e+03  4.569283e-05
3.551020e+03  4.320917e-05
3.608460e+03  4.085854e-05
3.666820e+03  3.863430e-05
3.726130e+03  3.652986e-05
3.786400e+03  3.453841e-05
3.847640e+03  3.265443e-05
3.909870e+03  3.087218e-05
3.973110e+03  2.918651e-05
4.037380e+03  2.759173e-05
4.102680e+03  2.608350e-05
4.169030e+03  2.465669e-05
4.236460e+03  2.330750e-05
4.304980e+03  2.203174e-05
4.374620e+03  2.082477e-05
4.445370e+03  1.968371e-05
4.517270e+03  1.860491e-05
4.590330e+03  1.758483e-05
4.664580e+03  1.662011e-05
4.740030e+03  1.570791e-05
4.816690e+03  1.484569e-05
4.894600e+03  1.403045e-05
4.973770e+03  1.325959e-05
5.054210e+03  1.253108e-05
5.135960e+03  1.184230e-05
5.219030e+03  1.119108e-05
5.303440e+03  1.057548e-05
5.389220e+03  9.993730e-06
5.476390e+03  9.443792e-06
5.564970e+03  8.923832e-06
5.654980e+03  8.432622e-06
5.746440e+03  7.968149e-06
5.839390e+03  7.529190e-06
5.933830e+03  7.114351e-06
6.029810e+03  6.722276e-06
6.127330e+03  6.351587e-06
6.226440e+03  6.001281e-06
6.327150e+03  5.670255e-06
6.429480e+03  5.357488e-06
6.533480e+03  5.061695e-06
6.639150e+03  4.782334e-06
6.746540e+03  4.518139e-06
6.855650e+03  4.268635e-06
6.966540e+03  4.032843e-06
7.079220e+03  3.809923e-06
7.193720e+03  3.599294e-06
7.310070e+03  3.400231e-06
7.428310e+03  3.212220e-06
7.548450e+03  3.034397e-06
7.670540e+03  2.866401e-06
7.790000e+03  2.713355e-06
7.790200e+03  7.587815e-06
7.794610e+03  7.571387e-06
7.920680e+03  7.118708e-06
8.048790e+03  6.692991e-06
8.178980e+03  6.292788e-06
8.311260e+03  5.916548e-06
8.445690e+03  5.562717e-06
8.580500e+03  5.234205e-06
8.580700e+03  7.292271e-06
8.582290e+03  7.287037e-06
8.721110e+03  6.850320e-06
8.862160e+03  6.439758e-06
9.005500e+03  6.053667e-06
9.045700e+03  5.950620e-06
9.045900e+03  6.841770e-06
9.151160e+03  6.570085e-06
9.299170e+03  6.211107e-06
9.449580e+03  5.870883e-06
9.602420e+03  5.548516e-06
9.757730e+03  5.243135e-06
9.915550e+03  4.954133e-06
1.007590e+04  4.680328e-06
1.023890e+04  4.421118e-06
1.040450e+04  4.175824e-06
1.057280e+04  3.943669e-06
1.074380e+04  3.724050e-06
1.091760e+04  3.516268e-06
1.109420e+04  3.319753e-06
1.127360e+04  3.133950e-06
1.145590e+04  2.958269e-06
1.164120e+04  2.792158e-06
1.182950e+04  2.635139e-06
1.202080e+04  2.486760e-06
1.221530e+04  2.346498e-06
1.241280e+04  2.214027e-06
1.261360e+04  2.088835e-06
1.281760e+04  1.970594e-06
1.302500e+04  1.858878e-06
1.323560e+04  1.753416e-06
1.344970e+04  1.653802e-06
1.366720e+04  1.559758e-06
1.388830e+04  1.470953e-06
1.411290e+04  1.387131e-06
1.434120e+04  1.307997e-06
1.457310e+04  1.233321e-06
1.480890e+04  1.162822e-06
1.504840e+04  1.096308e-06
1.529180e+04  1.033544e-06
1.553910e+04  9.743268e-07
1.579040e+04  9.184584e-07
1.604580e+04  8.657488e-07
1.630540e+04  8.160191e-07
1.656910e+04  7.691209e-07
1.683710e+04  7.248843e-07
1.710940e+04  6.831685e-07
1.738610e+04  6.438259e-07
1.766740e+04  6.067177e-07
1.795310e+04  5.717361e-07
1.824350e+04  5.387478e-07
1.853860e+04  5.076440e-07
1.883840e+04  4.783247e-07
1.914310e+04  4.506810e-07
1.945270e+04  4.246239e-07
1.976740e+04  4.000557e-07
2.008710e+04  3.769030e-07
2.041200e+04  3.550780e-07
2.074210e+04  3.345102e-07
2.107760e+04  3.151225e-07
2.141850e+04  2.968522e-07
2.176500e+04  2.796315e-07
2.211700e+04  2.634069e-07
2.247470e+04  2.481175e-07
2.283820e+04  2.337100e-07
2.320760e+04  2.201334e-07
2.358300e+04  2.073410e-07
2.396440e+04  1.952890e-07
2.435200e+04  1.839338e-07
2.474590e+04  1.732347e-07
2.514620e+04  1.631548e-07
2.555290e+04  1.536595e-07
2.596620e+04  1.447143e-07
2.638610e+04  1.362879e-07
2.681290e+04  1.283491e-07
2.724660e+04  1.208712e-07
2.768730e+04  1.138267e-07
2.813510e+04  1.071917e-07
2.859020e+04  1.009411e-07
2.905260e+04  9.505430e-08
2.952250e+04  8.950921e-08
3.000000e+04  8.428656e-08
-1  -1
