  -1
3.025550e+01  5.157097e-01
3.074490e+01  5.437591e-01
3.124210e+01  5.630185e-01
3.174750e+01  5.771266e-01
3.226090e+01  5.885097e-01
3.278270e+01  5.999001e-01
3.331300e+01  6.151863e-01
3.385180e+01  6.064352e-01
3.439930e+01  5.843363e-01
3.495570e+01  5.659519e-01
3.552110e+01  5.459414e-01
3.609560e+01  5.284157e-01
3.667940e+01  5.108961e-01
3.727270e+01  4.944157e-01
3.787550e+01  4.789986e-01
3.848820e+01  4.639808e-01
3.911070e+01  4.458206e-01
3.974320e+01  4.268945e-01
4.038610e+01  4.074844e-01
4.103930e+01  3.908995e-01
4.170310e+01  3.757925e-01
4.237760e+01  3.609332e-01
4.306300e+01  3.420572e-01
4.375950e+01  3.228118e-01
4.446730e+01  3.042404e-01
4.518650e+01  2.913448e-01
4.591740e+01  2.795826e-01
4.666000e+01  2.685174e-01
4.741470e+01  2.579255e-01
4.818160e+01  2.470534e-01
4.896090e+01  2.365476e-01
4.975280e+01  2.264412e-01
5.055760e+01  2.167280e-01
5.137530e+01  2.073982e-01
5.220620e+01  1.984343e-01
5.305060e+01  1.898021e-01
5.390870e+01  1.816372e-01
5.478060e+01  1.746740e-01
5.566670e+01  1.680636e-01
5.656700e+01  1.617431e-01
5.748200e+01  1.556856e-01
5.841170e+01  1.498783e-01
5.935640e+01  1.442343e-01
6.031650e+01  1.387968e-01
6.129210e+01  1.335688e-01
6.228340e+01  1.285417e-01
6.329080e+01  1.237049e-01
6.431450e+01  1.190439e-01
6.535470e+01  1.146440e-01
6.641180e+01  1.107819e-01
6.748590e+01  1.070816e-01
6.857750e+01  1.035201e-01
6.968670e+01  1.000876e-01
7.081380e+01  9.677308e-02
7.195910e+01  9.355730e-02
7.312300e+01  9.087641e-02
7.430570e+01  8.832401e-02
7.550760e+01  8.586293e-02
7.672890e+01  8.348568e-02
7.796990e+01  8.118706e-02
7.923100e+01  7.896324e-02
8.051250e+01  7.681139e-02
8.181470e+01  7.472956e-02
8.313800e+01  7.271794e-02
8.448270e+01  7.066079e-02
8.584910e+01  6.828369e-02
8.723770e+01  6.597290e-02
8.864870e+01  6.373587e-02
9.008250e+01  6.157198e-02
9.153950e+01  5.947930e-02
9.302010e+01  5.745459e-02
9.452460e+01  5.549363e-02
9.605350e+01  5.378462e-02
9.760710e+01  5.236539e-02
9.918580e+01  5.099590e-02
1.007900e+02  4.966775e-02
1.024200e+02  4.837897e-02
1.040770e+02  4.712626e-02
1.057600e+02  4.590960e-02
1.074710e+02  4.472537e-02
1.092090e+02  4.361559e-02
1.109750e+02  4.264844e-02
1.127700e+02  4.170890e-02
1.145940e+02  4.079514e-02
1.164480e+02  3.990121e-02
1.183310e+02  3.890123e-02
1.202450e+02  3.792488e-02
1.221900e+02  3.697341e-02
1.241660e+02  3.604755e-02
1.261750e+02  3.514528e-02
1.282150e+02  3.426802e-02
1.302890e+02  3.341397e-02
1.323970e+02  3.258470e-02
1.345380e+02  3.178605e-02
1.367140e+02  3.044303e-02
1.389250e+02  2.906405e-02
1.411720e+02  2.774009e-02
1.434560e+02  2.642066e-02
1.457760e+02  2.462797e-02
1.481340e+02  2.294204e-02
1.505300e+02  2.137002e-02
1.529640e+02  1.845091e-02
1.554390e+02  1.512953e-02
1.579530e+02  1.348752e-02
1.605070e+02  3.080999e-02
1.631030e+02  7.213493e-02
1.657420e+02  4.607357e-02
1.684220e+02  3.913520e-02
1.711460e+02  3.450332e-02
1.739150e+02  3.271912e-02
1.767270e+02  3.112866e-02
1.795860e+02  2.961519e-02
1.824910e+02  2.844336e-02
1.854420e+02  2.738089e-02
1.884420e+02  2.635942e-02
1.914890e+02  2.537628e-02
1.945870e+02  2.442861e-02
1.977340e+02  2.351586e-02
2.009320e+02  2.263514e-02
2.041820e+02  2.188030e-02
2.074850e+02  2.115343e-02
2.108400e+02  2.045128e-02
2.142510e+02  1.977231e-02
2.177160e+02  1.911613e-02
2.212370e+02  1.848176e-02
2.248160e+02  1.786828e-02
2.284520e+02  1.727540e-02
2.321470e+02  1.670220e-02
2.359020e+02  1.614802e-02
2.397170e+02  1.561238e-02
2.435950e+02  1.509282e-02
2.475350e+02  1.457784e-02
2.515380e+02  1.408043e-02
2.556070e+02  1.359977e-02
2.597410e+02  1.313567e-02
2.639420e+02  1.268733e-02
2.682110e+02  1.225428e-02
2.725490e+02  1.183597e-02
2.769570e+02  1.143171e-02
2.814370e+02  1.107729e-02
2.859890e+02  1.077462e-02
2.906150e+02  1.048071e-02
2.953150e+02  1.019513e-02
3.000920e+02  9.917498e-03
3.049450e+02  9.647677e-03
3.098780e+02  9.385352e-03
3.148900e+02  9.130315e-03
3.199830e+02  8.882471e-03
3.251580e+02  8.632239e-03
3.304180e+02  8.332607e-03
3.357620e+02  8.043162e-03
3.411920e+02  7.763739e-03
3.467110e+02  7.493920e-03
3.523190e+02  7.233495e-03
3.580170e+02  6.982165e-03
3.638080e+02  6.739523e-03
3.696920e+02  6.505358e-03
3.756720e+02  6.279307e-03
3.817480e+02  6.068730e-03
3.879220e+02  5.868971e-03
3.941970e+02  5.675810e-03
4.005730e+02  5.489085e-03
4.070520e+02  5.308512e-03
4.136350e+02  5.133956e-03
4.203260e+02  4.965132e-03
4.271240e+02  4.801915e-03
4.340320e+02  4.644113e-03
4.410520e+02  4.491517e-03
4.481860e+02  4.343952e-03
4.554350e+02  4.201267e-03
4.628020e+02  4.063284e-03
4.702870e+02  3.929904e-03
4.778940e+02  3.795347e-03
4.856230e+02  3.653811e-03
4.934780e+02  3.517514e-03
5.014590e+02  3.386318e-03
5.095700e+02  3.260027e-03
5.178120e+02  3.138440e-03
5.261870e+02  3.021403e-03
5.346980e+02  2.908752e-03
5.433460e+02  2.800321e-03
5.521340e+02  2.695931e-03
5.610650e+02  2.595452e-03
5.701390e+02  2.491123e-03
5.793610e+02  2.390382e-03
5.887320e+02  2.293480e-03
5.982540e+02  2.200383e-03
6.079300e+02  2.111063e-03
6.177630e+02  2.025379e-03
6.277550e+02  1.943040e-03
6.379080e+02  1.862375e-03
6.482260e+02  1.782664e-03
6.587110e+02  1.704852e-03
6.693650e+02  1.630440e-03
6.801910e+02  1.561981e-03
6.911930e+02  1.498388e-03
7.023720e+02  1.437769e-03
7.137330e+02  1.377306e-03
7.252770e+02  1.317878e-03
7.370080e+02  1.261035e-03
7.489280e+02  1.206648e-03
7.610420e+02  1.154582e-03
7.733510e+02  1.104627e-03
7.858590e+02  1.056323e-03
7.985700e+02  1.009724e-03
8.114860e+02  9.651873e-04
8.246110e+02  9.226142e-04
8.379490e+02  8.819126e-04
8.515020e+02  8.428931e-04
8.652740e+02  8.054574e-04
8.792690e+02  7.695727e-04
8.934910e+02  7.352955e-04
9.079430e+02  7.025402e-04
9.226280e+02  6.712420e-04
9.375510e+02  6.408631e-04
9.527150e+02  6.117320e-04
9.681240e+02  5.838192e-04
9.837830e+02  5.571964e-04
9.996950e+02  5.317209e-04
1.015860e+03  5.073493e-04
1.032290e+03  4.835534e-04
1.048990e+03  4.607773e-04
1.065960e+03  4.389794e-04
1.083200e+03  4.182193e-04
1.100720e+03  3.984414e-04
1.118520e+03  3.795965e-04
1.136610e+03  3.616457e-04
1.155000e+03  3.445413e-04
1.173680e+03  3.282471e-04
1.192660e+03  3.127234e-04
1.211950e+03  2.979335e-04
1.231550e+03  2.838436e-04
1.251470e+03  2.704288e-04
1.271720e+03  2.576574e-04
1.292290e+03  2.455067e-04
1.313190e+03  2.339222e-04
1.334430e+03  2.228834e-04
1.356010e+03  2.123656e-04
1.377940e+03  2.023271e-04
1.400230e+03  1.927161e-04
1.409200e+03  1.887581e-04
1.409400e+03  9.184448e-04
1.422880e+03  8.904048e-04
1.445890e+03  8.428982e-04
1.469280e+03  7.977733e-04
1.493040e+03  7.550354e-04
1.517190e+03  7.146248e-04
1.541730e+03  6.763720e-04
1.566670e+03  6.401552e-04
1.592010e+03  6.058780e-04
1.617760e+03  5.734273e-04
1.643920e+03  5.427113e-04
1.670510e+03  5.136358e-04
1.697530e+03  4.861209e-04
1.724990e+03  4.600797e-04
1.752890e+03  4.354304e-04
1.781240e+03  4.120978e-04
1.810050e+03  3.899880e-04
1.811700e+03  3.887359e-04
1.811900e+03  4.539913e-04
1.839320e+03  4.309817e-04
1.869070e+03  4.076218e-04
1.899300e+03  3.855257e-04
1.930020e+03  3.646242e-04
1.961240e+03  3.448550e-04
1.992960e+03  3.261553e-04
2.005700e+03  3.190016e-04
2.005900e+03  3.412879e-04
2.025200e+03  3.302855e-04
2.057950e+03  3.126174e-04
2.091240e+03  2.958887e-04
2.125060e+03  2.800561e-04
2.159430e+03  2.650741e-04
2.194360e+03  2.508850e-04
2.206400e+03  2.462175e-04
2.206600e+03  2.571367e-04
2.229850e+03  2.483329e-04
2.265920e+03  2.354283e-04
2.302570e+03  2.231703e-04
2.339810e+03  2.115238e-04
2.377660e+03  2.004664e-04
2.416110e+03  1.899648e-04
2.455190e+03  1.799987e-04
2.494900e+03  1.705338e-04
2.535260e+03  1.615502e-04
2.576260e+03  1.530307e-04
2.617930e+03  1.449447e-04
2.660270e+03  1.372727e-04
2.703300e+03  1.299988e-04
2.747030e+03  1.230980e-04
2.791460e+03  1.165585e-04
2.836610e+03  1.103579e-04
2.882490e+03  1.044752e-04
2.929110e+03  9.890190e-05
2.976480e+03  9.362354e-05
3.024630e+03  8.861462e-05
3.073550e+03  8.387076e-05
3.123260e+03  7.937982e-05
3.173780e+03  7.511996e-05
3.225110e+03  7.108761e-05
3.277270e+03  6.726611e-05
3.330280e+03  6.364899e-05
3.384150e+03  6.022112e-05
3.438880e+03  5.697565e-05
3.494500e+03  5.390486e-05
3.551020e+03  5.099480e-05
3.608460e+03  4.823782e-05
3.666820e+03  4.562950e-05
3.726130e+03  4.316041e-05
3.786400e+03  4.082312e-05
3.847640e+03  3.861093e-05
3.909870e+03  3.651750e-05
3.973110e+03  3.453572e-05
4.037380e+03  3.266000e-05
4.102680e+03  3.088506e-05
4.169030e+03  2.920556e-05
4.236460e+03  2.761656e-05
4.304980e+03  2.611291e-05
4.374620e+03  2.468974e-05
4.445370e+03  2.334382e-05
4.517270e+03  2.207015e-05
4.590330e+03  2.086552e-05
4.664580e+03  1.972560e-05
4.740030e+03  1.864727e-05
4.816690e+03  1.762749e-05
4.894600e+03  1.666261e-05
4.973770e+03  1.575024e-05
5.054210e+03  1.488718e-05
5.135960e+03  1.407092e-05
5.219030e+03  1.329867e-05
5.303440e+03  1.256862e-05
5.389220e+03  1.187801e-05
5.476390e+03  1.122504e-05
5.564970e+03  1.060755e-05
5.654980e+03  1.002364e-05
5.746440e+03  9.471322e-06
5.839390e+03  8.949165e-06
5.933830e+03  8.455455e-06
6.029810e+03  7.988514e-06
6.127330e+03  7.547247e-06
6.226440e+03  7.129791e-06
6.327150e+03  6.735300e-06
6.429480e+03  6.362195e-06
6.533480e+03  6.009591e-06
6.639150e+03  5.676123e-06
6.746540e+03  5.360931e-06
6.855650e+03  5.062924e-06
6.966540e+03  4.781331e-06
7.079220e+03  4.514950e-06
7.193720e+03  4.263247e-06
7.310070e+03  4.025251e-06
7.428310e+03  3.800498e-06
7.548450e+03  3.587930e-06
7.670540e+03  3.387119e-06
7.794610e+03  3.197209e-06
7.920680e+03  3.017729e-06
8.048790e+03  2.848141e-06
8.178980e+03  2.687869e-06
8.311260e+03  2.536412e-06
8.357800e+03  2.485701e-06
8.358000e+03  6.924935e-06
8.445690e+03  6.651034e-06
8.582290e+03  6.250825e-06
8.721110e+03  5.874684e-06
8.862160e+03  5.521214e-06
9.005500e+03  5.188827e-06
9.151160e+03  4.876568e-06
9.264200e+03  4.650379e-06
9.264400e+03  6.495084e-06
9.299170e+03  6.401194e-06
9.449580e+03  6.013947e-06
9.602420e+03  5.650337e-06
9.751200e+03  5.322529e-06
9.751400e+03  6.113408e-06
9.757730e+03  6.094994e-06
9.915550e+03  5.656084e-06
1.007590e+04  5.355878e-06
1.023890e+04  5.070480e-06
1.040450e+04  4.799298e-06
1.057280e+04  4.541659e-06
1.074380e+04  4.297045e-06
1.091760e+04  4.064799e-06
1.109420e+04  3.844372e-06
1.127360e+04  3.635302e-06
1.145590e+04  3.437043e-06
1.164120e+04  3.248990e-06
1.182950e+04  3.070739e-06
1.202080e+04  2.901843e-06
1.221530e+04  2.741771e-06
1.241280e+04  2.590217e-06
1.261360e+04  2.446649e-06
1.281760e+04  2.310746e-06
1.302500e+04  2.182066e-06
1.323560e+04  2.060339e-06
1.344970e+04  1.945132e-06
1.366720e+04  1.836166e-06
1.388830e+04  1.733081e-06
1.411290e+04  1.635620e-06
1.434120e+04  1.543454e-06
1.457310e+04  1.456348e-06
1.480890e+04  1.373990e-06
1.504840e+04  1.296180e-06
1.529180e+04  1.222656e-06
1.553910e+04  1.153201e-06
1.579040e+04  1.087592e-06
1.604580e+04  1.025624e-06
1.630540e+04  9.670971e-07
1.656910e+04  9.118470e-07
1.683710e+04  8.596803e-07
1.710940e+04  8.104405e-07
1.738610e+04  7.639659e-07
1.766740e+04  7.200925e-07
1.795310e+04  6.787052e-07
1.824350e+04  6.396475e-07
1.853860e+04  6.027988e-07
1.883840e+04  5.680410e-07
1.914310e+04  5.352539e-07
1.945270e+04  5.043306e-07
1.976740e+04  4.751631e-07
2.008710e+04  4.476615e-07
2.041200e+04  4.217296e-07
2.074210e+04  3.972810e-07
2.107760e+04  3.742304e-07
2.141850e+04  3.525013e-07
2.176500e+04  3.320167e-07
2.211700e+04  3.127121e-07
2.247470e+04  2.945173e-07
2.283820e+04  2.773700e-07
2.320760e+04  2.612113e-07
2.358300e+04  2.459838e-07
2.396440e+04  2.316377e-07
2.435200e+04  2.181210e-07
2.474590e+04  2.053853e-07
2.514620e+04  1.933876e-07
2.555290e+04  1.820867e-07
2.596620e+04  1.714419e-07
2.638610e+04  1.614155e-07
2.681290e+04  1.519710e-07
2.724660e+04  1.430761e-07
2.768730e+04  1.346990e-07
2.813510e+04  1.268104e-07
2.859020e+04  1.193810e-07
2.905260e+04  1.123855e-07
2.952250e+04  1.057983e-07
3.000000e+04  9.959567e-08
-1  -1
