  -1
3.025550e+01  3.523207e-01
3.074490e+01  3.463526e-01
3.124210e+01  3.399590e-01
3.174750e+01  3.327378e-01
3.226090e+01  3.251576e-01
3.278270e+01  3.172969e-01
3.331300e+01  3.094451e-01
3.385180e+01  3.021689e-01
3.439930e+01  2.949448e-01
3.495570e+01  2.877270e-01
3.552110e+01  2.804948e-01
3.609560e+01  2.735857e-01
3.667940e+01  2.674092e-01
3.727270e+01  2.613918e-01
3.787550e+01  2.555082e-01
3.848820e+01  2.497881e-01
3.911070e+01  2.438030e-01
3.974320e+01  2.373642e-01
4.038610e+01  2.309580e-01
4.103930e+01  2.246398e-01
4.170310e+01  2.184212e-01
4.237760e+01  2.123110e-01
4.306300e+01  2.063114e-01
4.375950e+01  2.005026e-01
4.446730e+01  1.948594e-01
4.518650e+01  1.893474e-01
4.591740e+01  1.839641e-01
4.666000e+01  1.787097e-01
4.741470e+01  1.735827e-01
4.818160e+01  1.685829e-01
4.896090e+01  1.637098e-01
4.975280e+01  1.589620e-01
5.055760e+01  1.543384e-01
5.137530e+01  1.498378e-01
5.220620e+01  1.454588e-01
5.305060e+01  1.411986e-01
5.390870e+01  1.370554e-01
5.478060e+01  1.330131e-01
5.566670e+01  1.295882e-01
5.656700e+01  1.263017e-01
5.748200e+01  1.222623e-01
5.841170e+01  1.183157e-01
5.935640e+01  1.143946e-01
6.031650e+01  1.103991e-01
6.129210e+01  1.064565e-01
6.228340e+01  1.024397e-01
6.329080e+01  9.854932e-02
6.431450e+01  9.479318e-02
6.535470e+01  9.117004e-02
6.641180e+01  8.767738e-02
6.748590e+01  8.431569e-02
6.857750e+01  8.108408e-02
6.968670e+01  7.788272e-02
7.081380e+01  7.474225e-02
7.195910e+01  7.160373e-02
7.312300e+01  6.856421e-02
7.430570e+01  6.564737e-02
7.550760e+01  6.285024e-02
7.672890e+01  6.017067e-02
7.796990e+01  5.760550e-02
7.923100e+01  5.509740e-02
8.051250e+01  5.269664e-02
8.181470e+01  5.033753e-02
8.313800e+01  4.804300e-02
8.448270e+01  4.585309e-02
8.584910e+01  4.376258e-02
8.723770e+01  4.176775e-02
8.864870e+01  3.985072e-02
9.008250e+01  3.800530e-02
9.153950e+01  3.622706e-02
9.302010e+01  3.449876e-02
9.452460e+01  3.285251e-02
9.605350e+01  3.128468e-02
9.760710e+01  2.979220e-02
9.918580e+01  2.837191e-02
1.007900e+02  2.698638e-02
1.024200e+02  2.563484e-02
1.040770e+02  2.435453e-02
1.057600e+02  2.313884e-02
1.074710e+02  2.198394e-02
1.092090e+02  2.088753e-02
1.109750e+02  1.984621e-02
1.127700e+02  1.885712e-02
1.145940e+02  1.791798e-02
1.164480e+02  1.702593e-02
1.183310e+02  1.617902e-02
1.202450e+02  1.537471e-02
1.221900e+02  1.461073e-02
1.241660e+02  1.388525e-02
1.261750e+02  1.319605e-02
1.282150e+02  1.254187e-02
1.302890e+02  1.191711e-02
1.323970e+02  1.130328e-02
1.345380e+02  1.072153e-02
1.367140e+02  1.016987e-02
1.389250e+02  9.646862e-03
1.411720e+02  9.150984e-03
1.434560e+02  8.680739e-03
1.457760e+02  8.235016e-03
1.481340e+02  7.812390e-03
1.505300e+02  7.411717e-03
1.529640e+02  7.031813e-03
1.554390e+02  6.671341e-03
1.579530e+02  6.329555e-03
1.605070e+02  6.002434e-03
1.631030e+02  5.690861e-03
1.657420e+02  5.393722e-03
1.684220e+02  5.112464e-03
1.711460e+02  4.845907e-03
1.739150e+02  4.593282e-03
1.767270e+02  4.353949e-03
1.795860e+02  4.127118e-03
1.824910e+02  3.912228e-03
1.854420e+02  3.708710e-03
1.884420e+02  3.515410e-03
1.914890e+02  3.331539e-03
1.945870e+02  3.155742e-03
1.977340e+02  2.989272e-03
2.009320e+02  2.831604e-03
2.041820e+02  2.682277e-03
2.074850e+02  2.540730e-03
2.108400e+02  2.406561e-03
2.142510e+02  2.278331e-03
2.177160e+02  2.156951e-03
2.212370e+02  2.042082e-03
2.248160e+02  1.933360e-03
2.284520e+02  1.830471e-03
2.321470e+02  1.733077e-03
2.359020e+02  1.640877e-03
2.397170e+02  1.553298e-03
2.435950e+02  1.470005e-03
2.475350e+02  1.390987e-03
2.515380e+02  1.316194e-03
2.556070e+02  1.245403e-03
2.597410e+02  1.178501e-03
2.639420e+02  1.115186e-03
2.682110e+02  1.055276e-03
2.725490e+02  9.983698e-04
2.769570e+02  9.444802e-04
2.814370e+02  8.934768e-04
2.859890e+02  8.452465e-04
2.906150e+02  7.996197e-04
2.953150e+02  7.564654e-04
3.000920e+02  7.153190e-04
3.049450e+02  6.753480e-04
3.098780e+02  6.376094e-04
3.148900e+02  6.019863e-04
3.199830e+02  5.683584e-04
3.251580e+02  5.366149e-04
3.304180e+02  5.066438e-04
3.357620e+02  4.783534e-04
3.411920e+02  4.516466e-04
3.467110e+02  4.264320e-04
3.523190e+02  4.026272e-04
3.580170e+02  3.801557e-04
3.638080e+02  3.589388e-04
3.696920e+02  3.389090e-04
3.756720e+02  3.199981e-04
3.817480e+02  3.021449e-04
3.879220e+02  2.852900e-04
3.941970e+02  2.684104e-04
4.005730e+02  2.521418e-04
4.070520e+02  2.368600e-04
4.136350e+02  2.225064e-04
4.203260e+02  2.090220e-04
4.271240e+02  1.963567e-04
4.340320e+02  1.844595e-04
4.410520e+02  1.732840e-04
4.481860e+02  1.627856e-04
4.554350e+02  1.529353e-04
4.628020e+02  1.438166e-04
4.702870e+02  1.352428e-04
4.778940e+02  1.271802e-04
4.856230e+02  1.195988e-04
4.934780e+02  1.124692e-04
5.014590e+02  1.057656e-04
5.095700e+02  9.946171e-05
5.178120e+02  9.353350e-05
5.261870e+02  8.795902e-05
5.346980e+02  8.271695e-05
5.433460e+02  7.778763e-05
5.521340e+02  7.315211e-05
5.610650e+02  6.871914e-05
5.701390e+02  6.453686e-05
5.793610e+02  6.060884e-05
5.887320e+02  5.692011e-05
5.982540e+02  5.345591e-05
6.079300e+02  5.020270e-05
6.177630e+02  4.714723e-05
6.277550e+02  4.405657e-05
6.379080e+02  4.111545e-05
6.482260e+02  3.837017e-05
6.587110e+02  3.580802e-05
6.693650e+02  3.341635e-05
6.801910e+02  3.118322e-05
6.911930e+02  2.909493e-05
6.966000e+02  2.810664e-05
6.968000e+02  5.748505e-04
7.023720e+02  5.602147e-04
7.137330e+02  5.308653e-04
7.252770e+02  5.029715e-04
7.370080e+02  4.765202e-04
7.489280e+02  4.514498e-04
7.610420e+02  4.276899e-04
7.733510e+02  4.051779e-04
7.858590e+02  3.838467e-04
7.985700e+02  3.636372e-04
8.114860e+02  3.444911e-04
8.246110e+02  3.263520e-04
8.379490e+02  3.091662e-04
8.515020e+02  2.928865e-04
8.652740e+02  2.774625e-04
8.792690e+02  2.628511e-04
8.934910e+02  2.490081e-04
9.079430e+02  2.356915e-04
9.226280e+02  2.228185e-04
9.375510e+02  2.106474e-04
9.527150e+02  1.991424e-04
9.681240e+02  1.882649e-04
9.837830e+02  1.779896e-04
9.996950e+02  1.682225e-04
1.015860e+03  1.589307e-04
1.032290e+03  1.501328e-04
1.048990e+03  1.418194e-04
1.065960e+03  1.339653e-04
1.083200e+03  1.265499e-04
1.100720e+03  1.195395e-04
1.118520e+03  1.129106e-04
1.136610e+03  1.066473e-04
1.155000e+03  1.007293e-04
1.173680e+03  9.514064e-05
1.192660e+03  8.985520e-05
1.211950e+03  8.484142e-05
1.231550e+03  8.007885e-05
1.251470e+03  7.558498e-05
1.271720e+03  7.134216e-05
1.292290e+03  6.733765e-05
1.313190e+03  6.352098e-05
1.334430e+03  5.991420e-05
1.356010e+03  5.650721e-05
1.377940e+03  5.329362e-05
1.400230e+03  5.025810e-05
1.422880e+03  4.738945e-05
1.445890e+03  4.468274e-05
1.469280e+03  4.213000e-05
1.493040e+03  3.972415e-05
1.517190e+03  3.742826e-05
1.541730e+03  3.526018e-05
1.566670e+03  3.321541e-05
1.592010e+03  3.128834e-05
1.617760e+03  2.947318e-05
1.643920e+03  2.776502e-05
1.670510e+03  2.615488e-05
1.697530e+03  2.463767e-05
1.724990e+03  2.320800e-05
1.752890e+03  2.185464e-05
1.781240e+03  2.057784e-05
1.810050e+03  1.937418e-05
1.839320e+03  1.824128e-05
1.869070e+03  1.717432e-05
1.899300e+03  1.616936e-05
1.930020e+03  1.522331e-05
1.961240e+03  1.433260e-05
1.992960e+03  1.349408e-05
2.025200e+03  1.270933e-05
2.057950e+03  1.196292e-05
2.091240e+03  1.125957e-05
2.125060e+03  1.059700e-05
2.159430e+03  9.972940e-06
2.194360e+03  9.385128e-06
2.229850e+03  8.831492e-06
2.265920e+03  8.310142e-06
2.302570e+03  7.819088e-06
2.339810e+03  7.356773e-06
2.377660e+03  6.921303e-06
2.416110e+03  6.511407e-06
2.455190e+03  6.125429e-06
2.494900e+03  5.761931e-06
2.535260e+03  5.419760e-06
2.576260e+03  5.097689e-06
2.617930e+03  4.794490e-06
2.660270e+03  4.509006e-06
2.703300e+03  4.240326e-06
2.747030e+03  3.987404e-06
2.791460e+03  3.749371e-06
2.836610e+03  3.525278e-06
2.882490e+03  3.314442e-06
2.929110e+03  3.116033e-06
2.976480e+03  2.929294e-06
3.024630e+03  2.753496e-06
3.073550e+03  2.588208e-06
3.123260e+03  2.432606e-06
3.173780e+03  2.286149e-06
3.225110e+03  2.148431e-06
3.277270e+03  2.018865e-06
3.330280e+03  1.896887e-06
3.384150e+03  1.782236e-06
3.438880e+03  1.674365e-06
3.494500e+03  1.572869e-06
3.551020e+03  1.477376e-06
3.608460e+03  1.387575e-06
3.666820e+03  1.303150e-06
3.726130e+03  1.223747e-06
3.786400e+03  1.149000e-06
3.847640e+03  1.078777e-06
3.909870e+03  1.012704e-06
3.973110e+03  9.505962e-07
4.037380e+03  8.922383e-07
4.102680e+03  8.373861e-07
4.169030e+03  7.858541e-07
4.236460e+03  7.374443e-07
4.304980e+03  6.920410e-07
4.374620e+03  6.493214e-07
4.445370e+03  6.092385e-07
4.517270e+03  5.715907e-07
4.590330e+03  5.362491e-07
4.664580e+03  5.030591e-07
4.740030e+03  4.719007e-07
4.816690e+03  4.426485e-07
4.894600e+03  4.151931e-07
4.973770e+03  3.894093e-07
5.054210e+03  3.652189e-07
5.135960e+03  3.425073e-07
5.219030e+03  3.211961e-07
5.303440e+03  3.011904e-07
5.389220e+03  2.824186e-07
5.476390e+03  2.648051e-07
5.564970e+03  2.482766e-07
5.654980e+03  2.327680e-07
5.746440e+03  2.182142e-07
5.839390e+03  2.045659e-07
5.933830e+03  1.917584e-07
6.029810e+03  1.797443e-07
6.127330e+03  1.684737e-07
6.226440e+03  1.579002e-07
6.327150e+03  1.479846e-07
6.429480e+03  1.386853e-07
6.533480e+03  1.299656e-07
6.639150e+03  1.217870e-07
6.746540e+03  1.141164e-07
6.855650e+03  1.069250e-07
6.966540e+03  1.001786e-07
7.079220e+03  9.385747e-08
7.193720e+03  8.792811e-08
7.310070e+03  8.237159e-08
7.428310e+03  7.716014e-08
7.548450e+03  7.227649e-08
7.670540e+03  6.769809e-08
7.794610e+03  6.340662e-08
7.920680e+03  5.938370e-08
8.048790e+03  5.561274e-08
8.178980e+03  5.207914e-08
8.311260e+03  4.876955e-08
8.445690e+03  4.566565e-08
8.582290e+03  4.275771e-08
8.721110e+03  4.003331e-08
8.862160e+03  3.748030e-08
9.005500e+03  3.509034e-08
9.151160e+03  3.284791e-08
9.299170e+03  3.074924e-08
9.449580e+03  2.878285e-08
9.602420e+03  2.694080e-08
9.757730e+03  2.521553e-08
9.915550e+03  2.359983e-08
1.007590e+04  2.208639e-08
1.023890e+04  2.066878e-08
1.040450e+04  1.934141e-08
1.057280e+04  1.809825e-08
1.074380e+04  1.693427e-08
1.091760e+04  1.584424e-08
1.109420e+04  1.482374e-08
1.127360e+04  1.386838e-08
1.145590e+04  1.297402e-08
1.164120e+04  1.213666e-08
1.182950e+04  1.135274e-08
1.202080e+04  1.061906e-08
1.221530e+04  9.932129e-09
1.241280e+04  9.289454e-09
1.261360e+04  8.687779e-09
1.281760e+04  8.124762e-09
1.302500e+04  7.597797e-09
1.323560e+04  7.104831e-09
1.344970e+04  6.643480e-09
1.366720e+04  6.211823e-09
1.388830e+04  5.807939e-09
1.411290e+04  5.430112e-09
1.434120e+04  5.076619e-09
1.457310e+04  4.745995e-09
1.480890e+04  4.436629e-09
1.504840e+04  4.147319e-09
1.529180e+04  3.876722e-09
1.553910e+04  3.623658e-09
1.579040e+04  3.386996e-09
1.604580e+04  3.165650e-09
1.630540e+04  2.958655e-09
1.656910e+04  2.765146e-09
1.683710e+04  2.584181e-09
1.710940e+04  2.415011e-09
1.738610e+04  2.256855e-09
1.766740e+04  2.108960e-09
1.795310e+04  1.970742e-09
1.824350e+04  1.841529e-09
1.853860e+04  1.720753e-09
1.883840e+04  1.607882e-09
1.914310e+04  1.502385e-09
1.945270e+04  1.403795e-09
1.976740e+04  1.311649e-09
2.008710e+04  1.225534e-09
2.041200e+04  1.145098e-09
2.074210e+04  1.069963e-09
2.107760e+04  9.997635e-10
2.141850e+04  9.341836e-10
2.176500e+04  8.729084e-10
2.211700e+04  8.156696e-10
2.247470e+04  7.621923e-10
2.283820e+04  7.122246e-10
2.320760e+04  6.655389e-10
2.358300e+04  6.219167e-10
2.396440e+04  5.811613e-10
2.435200e+04  5.430790e-10
2.474590e+04  5.074945e-10
2.514620e+04  4.742433e-10
2.555290e+04  4.431752e-10
2.596620e+04  4.141431e-10
2.638610e+04  3.870175e-10
2.681290e+04  3.616659e-10
2.724660e+04  3.379756e-10
2.768730e+04  3.158387e-10
2.813510e+04  2.951519e-10
2.859020e+04  2.758189e-10
2.905260e+04  2.577540e-10
2.952250e+04  2.408705e-10
3.000000e+04  2.250928e-10
-1  -1
