  -1
3.025550e+01  5.643853e-02
3.074490e+01  5.220669e-02
3.124210e+01  4.828862e-02
3.174750e+01  4.466248e-02
3.226090e+01  4.130925e-02
3.278270e+01  3.821095e-02
3.331300e+01  3.533100e-02
3.385180e+01  3.221093e-02
3.439930e+01  2.935742e-02
3.495570e+01  2.675406e-02
3.552110e+01  2.438085e-02
3.609560e+01  2.221841e-02
3.667940e+01  2.024842e-02
3.727270e+01  1.845399e-02
3.787550e+01  1.681967e-02
3.848820e+01  1.533101e-02
3.911070e+01  1.397525e-02
3.974320e+01  1.273799e-02
4.038610e+01  1.158511e-02
4.103930e+01  1.053721e-02
4.170310e+01  9.584709e-03
4.237760e+01  8.718866e-03
4.306300e+01  7.931814e-03
4.375950e+01  7.216221e-03
4.446730e+01  6.565559e-03
4.518650e+01  5.973905e-03
4.591740e+01  5.435766e-03
4.666000e+01  4.958856e-03
4.741470e+01  4.560508e-03
4.818160e+01  4.194405e-03
4.896090e+01  3.877351e-03
4.975280e+01  3.619214e-03
5.055760e+01  3.386260e-03
5.137530e+01  3.208665e-03
5.220620e+01  3.040436e-03
5.305060e+01  2.907380e-03
5.390870e+01  2.820337e-03
5.478060e+01  2.741122e-03
5.566670e+01  2.696451e-03
5.656700e+01  2.652288e-03
5.748200e+01  2.672167e-03
5.841170e+01  2.722923e-03
5.935640e+01  2.813895e-03
6.031650e+01  3.146156e-03
6.129210e+01  4.005643e-03
6.228340e+01  4.952545e-03
6.329080e+01  6.123097e-03
6.431450e+01  7.570062e-03
6.535470e+01  9.358748e-03
6.641180e+01  1.157059e-02
6.748590e+01  1.430542e-02
6.857750e+01  1.846839e-02
6.968670e+01  2.333964e-02
7.081380e+01  2.693217e-02
7.195910e+01  3.003095e-02
7.312300e+01  3.289134e-02
7.430570e+01  3.407294e-02
7.550760e+01  3.528026e-02
7.672890e+01  3.627202e-02
7.796990e+01  3.642433e-02
7.923100e+01  3.655680e-02
8.051250e+01  3.668544e-02
8.181470e+01  3.658689e-02
8.313800e+01  3.632345e-02
8.448270e+01  3.605509e-02
8.584910e+01  3.579051e-02
8.723770e+01  3.521097e-02
8.864870e+01  3.463037e-02
9.008250e+01  3.405544e-02
9.153950e+01  3.342317e-02
9.302010e+01  3.269786e-02
9.452460e+01  3.198662e-02
9.605350e+01  3.129514e-02
9.760710e+01  3.025906e-02
9.918580e+01  2.905392e-02
1.007900e+02  2.789171e-02
1.024200e+02  2.677886e-02
1.040770e+02  2.521595e-02
1.057600e+02  2.340212e-02
1.074710e+02  2.170853e-02
1.092090e+02  2.013223e-02
1.109750e+02  1.866667e-02
1.127700e+02  1.730504e-02
1.145940e+02  1.604084e-02
1.164480e+02  1.486750e-02
1.183310e+02  1.377918e-02
1.202450e+02  1.276942e-02
1.221900e+02  1.187379e-02
1.241660e+02  1.106566e-02
1.261750e+02  1.031245e-02
1.282150e+02  9.610740e-03
1.302890e+02  8.956645e-03
1.323970e+02  8.347082e-03
1.345380e+02  7.779220e-03
1.367140e+02  7.250139e-03
1.389250e+02  6.757398e-03
1.411720e+02  6.198009e-03
1.434560e+02  5.671712e-03
1.457760e+02  5.189946e-03
1.481340e+02  4.749069e-03
1.505300e+02  4.345593e-03
1.529640e+02  3.976498e-03
1.554390e+02  3.638696e-03
1.579530e+02  3.324836e-03
1.605070e+02  3.027587e-03
1.631030e+02  2.756906e-03
1.657420e+02  2.510432e-03
1.684220e+02  2.286056e-03
1.711460e+02  2.081751e-03
1.739150e+02  1.895712e-03
1.767270e+02  1.726364e-03
1.795860e+02  1.569430e-03
1.824910e+02  1.425292e-03
1.854420e+02  1.294427e-03
1.884420e+02  1.175573e-03
1.914890e+02  1.067666e-03
1.945870e+02  9.682159e-04
1.977340e+02  8.741801e-04
2.009320e+02  7.892768e-04
2.041820e+02  7.126211e-04
2.074850e+02  6.646696e-04
2.108400e+02  6.290921e-04
2.142510e+02  5.933560e-04
2.177160e+02  5.552569e-04
2.212370e+02  5.196098e-04
2.248160e+02  4.859551e-04
2.284520e+02  4.542720e-04
2.321470e+02  4.265132e-04
2.359020e+02  4.032001e-04
2.397170e+02  3.909658e-04
2.435950e+02  3.825573e-04
2.475350e+02  3.743369e-04
2.515380e+02  3.658013e-04
2.556070e+02  3.574083e-04
2.597410e+02  3.646959e-04
2.639420e+02  3.685085e-04
2.682110e+02  3.723640e-04
2.725490e+02  3.763780e-04
2.769570e+02  3.837377e-04
2.814370e+02  3.912436e-04
2.859890e+02  3.988989e-04
2.906150e+02  4.079128e-04
2.953150e+02  4.183820e-04
3.000920e+02  4.291188e-04
3.049450e+02  4.450885e-04
3.098780e+02  4.729481e-04
3.148900e+02  5.025655e-04
3.199830e+02  5.275382e-04
3.251580e+02  5.533107e-04
3.304180e+02  5.810826e-04
3.357620e+02  6.139921e-04
3.411920e+02  6.487727e-04
3.467110e+02  6.843223e-04
3.523190e+02  7.177252e-04
3.580170e+02  7.527654e-04
3.638080e+02  7.847256e-04
3.696920e+02  8.123423e-04
3.756720e+02  8.409307e-04
3.817480e+02  8.705404e-04
3.879220e+02  8.895764e-04
3.941970e+02  9.000920e-04
4.005730e+02  9.107327e-04
4.070520e+02  9.215057e-04
4.136350e+02  9.292084e-04
4.203260e+02  9.279177e-04
4.271240e+02  9.266276e-04
4.340320e+02  9.253360e-04
4.410520e+02  9.240500e-04
4.481860e+02  9.227612e-04
4.554350e+02  9.206305e-04
4.628020e+02  9.155632e-04
4.702870e+02  9.105260e-04
4.778940e+02  9.055171e-04
4.856230e+02  9.005411e-04
4.934780e+02  8.906435e-04
5.014590e+02  8.755590e-04
5.095700e+02  8.607222e-04
5.178120e+02  8.461356e-04
5.261870e+02  8.317958e-04
5.346980e+02  8.176985e-04
5.433460e+02  8.038415e-04
5.521340e+02  7.887865e-04
5.610650e+02  7.732171e-04
5.701390e+02  7.579565e-04
5.793610e+02  7.429909e-04
5.887320e+02  7.318056e-04
5.982540e+02  7.250205e-04
6.079300e+02  7.183018e-04
6.177630e+02  7.116487e-04
6.277550e+02  7.036085e-04
6.379080e+02  6.820708e-04
6.482260e+02  6.611860e-04
6.587110e+02  6.392405e-04
6.693650e+02  6.124971e-04
6.801910e+02  5.868692e-04
6.911930e+02  5.623111e-04
7.023720e+02  5.404076e-04
7.137330e+02  5.194313e-04
7.252770e+02  4.992697e-04
7.370080e+02  4.798912e-04
7.489280e+02  4.601848e-04
7.610420e+02  4.408706e-04
7.733510e+02  4.223669e-04
7.858590e+02  4.048424e-04
7.985700e+02  3.882880e-04
8.114860e+02  3.724595e-04
8.246110e+02  3.572770e-04
8.379490e+02  3.427117e-04
8.515020e+02  3.308436e-04
8.652740e+02  3.216692e-04
8.792690e+02  3.147550e-04
8.934910e+02  3.079868e-04
9.079430e+02  3.013666e-04
9.226280e+02  2.948900e-04
9.375510e+02  2.843416e-04
9.527150e+02  2.731412e-04
9.681240e+02  2.615184e-04
9.837830e+02  2.503905e-04
9.996950e+02  2.397005e-04
1.015860e+03  2.294325e-04
1.032290e+03  2.193003e-04
1.048990e+03  2.099163e-04
1.065960e+03  2.012535e-04
1.083200e+03  1.929450e-04
1.100720e+03  1.849775e-04
1.118520e+03  1.773392e-04
1.136610e+03  1.700112e-04
1.155000e+03  1.629818e-04
1.173680e+03  1.562436e-04
1.192660e+03  1.497812e-04
1.211950e+03  1.435843e-04
1.231550e+03  1.376419e-04
1.251470e+03  1.317317e-04
1.271720e+03  1.258537e-04
1.292290e+03  1.199792e-04
1.313190e+03  1.143746e-04
1.334430e+03  1.090299e-04
1.356010e+03  1.039335e-04
1.377940e+03  9.907287e-05
1.400230e+03  9.443693e-05
1.422880e+03  9.001541e-05
1.445890e+03  8.580111e-05
1.469280e+03  8.177041e-05
1.493040e+03  7.791216e-05
1.517190e+03  7.417404e-05
1.541730e+03  7.060613e-05
1.566670e+03  6.720837e-05
1.592010e+03  6.397161e-05
1.617760e+03  6.088930e-05
1.643920e+03  5.795408e-05
1.670510e+03  5.515879e-05
1.697530e+03  5.249752e-05
1.724990e+03  4.996228e-05
1.752890e+03  4.752147e-05
1.781240e+03  4.519012e-05
1.810050e+03  4.296537e-05
1.839320e+03  4.084891e-05
1.869070e+03  3.883596e-05
1.899300e+03  3.692144e-05
1.930020e+03  3.509974e-05
1.961240e+03  3.336759e-05
1.992960e+03  3.172036e-05
2.025200e+03  3.016729e-05
2.057950e+03  2.866376e-05
2.091240e+03  2.723104e-05
2.125060e+03  2.586600e-05
2.159430e+03  2.456697e-05
2.194360e+03  2.332961e-05
2.229850e+03  2.215273e-05
2.265920e+03  2.103250e-05
2.302570e+03  1.996692e-05
2.339810e+03  1.895331e-05
2.377660e+03  1.798776e-05
2.416110e+03  1.706924e-05
2.455190e+03  1.619647e-05
2.494900e+03  1.536708e-05
2.535260e+03  1.457753e-05
2.576260e+03  1.382707e-05
2.617930e+03  1.311367e-05
2.660270e+03  1.243571e-05
2.703300e+03  1.179116e-05
2.747030e+03  1.117877e-05
2.791460e+03  1.059711e-05
2.836610e+03  1.004440e-05
2.882490e+03  9.519217e-06
2.929110e+03  9.020521e-06
2.976480e+03  8.546810e-06
2.999800e+03  8.325244e-06
3.000000e+03  2.115355e-05
3.024630e+03  2.055057e-05
3.073550e+03  1.941558e-05
3.123260e+03  1.834345e-05
3.136100e+03  1.807859e-05
3.136300e+03  2.607557e-05
3.173780e+03  2.500863e-05
3.225110e+03  2.363593e-05
3.277270e+03  2.234023e-05
3.330280e+03  2.111558e-05
3.384150e+03  1.995926e-05
3.438880e+03  1.886641e-05
3.494500e+03  1.783477e-05
3.551020e+03  1.685918e-05
3.608460e+03  1.593817e-05
3.662900e+03  1.512396e-05
3.663100e+03  1.753386e-05
3.666820e+03  1.747170e-05
3.726130e+03  1.651702e-05
3.786400e+03  1.561566e-05
3.847640e+03  1.476372e-05
3.909870e+03  1.395868e-05
3.973110e+03  1.319798e-05
4.037380e+03  1.247918e-05
4.102680e+03  1.179988e-05
4.169030e+03  1.115735e-05
4.236460e+03  1.055082e-05
4.304980e+03  9.977038e-06
4.326900e+03  9.802026e-06
4.327100e+03  1.036492e-05
4.374620e+03  9.981162e-06
4.445370e+03  9.442990e-06
4.517270e+03  8.933608e-06
4.590330e+03  8.451586e-06
4.651900e+03  8.071145e-06
4.652100e+03  8.423348e-06
4.664580e+03  8.346207e-06
4.740030e+03  7.898797e-06
4.816690e+03  7.475345e-06
4.894600e+03  7.073462e-06
4.973770e+03  6.692662e-06
5.054210e+03  6.331857e-06
5.135960e+03  5.989942e-06
5.219030e+03  5.665998e-06
5.303440e+03  5.359148e-06
5.389220e+03  5.068464e-06
5.476390e+03  4.793182e-06
5.564970e+03  4.532571e-06
5.654980e+03  4.285823e-06
5.746440e+03  4.052193e-06
5.839390e+03  3.831052e-06
5.933830e+03  3.621772e-06
6.029810e+03  3.423753e-06
6.127330e+03  3.236311e-06
6.226440e+03  3.059005e-06
6.327150e+03  2.891273e-06
6.429480e+03  2.732592e-06
6.533480e+03  2.582473e-06
6.639150e+03  2.440510e-06
6.746540e+03  2.306277e-06
6.855650e+03  2.179299e-06
6.966540e+03  2.059280e-06
7.079220e+03  1.945782e-06
7.193720e+03  1.838450e-06
7.310070e+03  1.736999e-06
7.428310e+03  1.641104e-06
7.548450e+03  1.550479e-06
7.670540e+03  1.464803e-06
7.794610e+03  1.383827e-06
7.920680e+03  1.307294e-06
8.048790e+03  1.234968e-06
8.178980e+03  1.166611e-06
8.311260e+03  1.102060e-06
8.445690e+03  1.041016e-06
8.582290e+03  9.833910e-07
8.721110e+03  9.288961e-07
8.862160e+03  8.774391e-07
9.005500e+03  8.287987e-07
9.151160e+03  7.828640e-07
9.299170e+03  7.394728e-07
9.449580e+03  6.984617e-07
9.602420e+03  6.597576e-07
9.757730e+03  6.231785e-07
9.915550e+03  5.885848e-07
1.007590e+04  5.552738e-07
1.023890e+04  5.237613e-07
1.040450e+04  4.939612e-07
1.057280e+04  4.657769e-07
1.074380e+04  4.391269e-07
1.091760e+04  4.139249e-07
1.109420e+04  3.900983e-07
1.127360e+04  3.675763e-07
1.145590e+04  3.462861e-07
1.164120e+04  3.261585e-07
1.182950e+04  3.071348e-07
1.202080e+04  2.891588e-07
1.221530e+04  2.721666e-07
1.241280e+04  2.561178e-07
1.261360e+04  2.409506e-07
1.281760e+04  2.266245e-07
1.302500e+04  2.130890e-07
1.323560e+04  2.003101e-07
1.344970e+04  1.882396e-07
1.366720e+04  1.768434e-07
1.388830e+04  1.660819e-07
1.411290e+04  1.559248e-07
1.434120e+04  1.463363e-07
1.457310e+04  1.372885e-07
1.480890e+04  1.287483e-07
1.503110e+04  1.212978e-07
1.503130e+04  3.072637e-07
1.504840e+04  3.059562e-07
1.529180e+04  2.880810e-07
1.553910e+04  2.712515e-07
1.579040e+04  2.554051e-07
1.604580e+04  2.404838e-07
1.630540e+04  2.264320e-07
1.656910e+04  2.132041e-07
1.683710e+04  2.007484e-07
1.710940e+04  1.890211e-07
1.738610e+04  1.779791e-07
1.766740e+04  1.675796e-07
1.790640e+04  1.593406e-07
1.790660e+04  2.248026e-07
1.795310e+04  2.227819e-07
1.824350e+04  2.106851e-07
1.853860e+04  1.992439e-07
1.863890e+04  1.955373e-07
1.863910e+04  2.227230e-07
1.883840e+04  2.146665e-07
1.914310e+04  2.030590e-07
1.945270e+04  1.920521e-07
1.976740e+04  1.816110e-07
2.008710e+04  1.717156e-07
2.041200e+04  1.623360e-07
2.074210e+04  1.534490e-07
2.107760e+04  1.450288e-07
2.141850e+04  1.370540e-07
2.176500e+04  1.295008e-07
2.211700e+04  1.223509e-07
2.247470e+04  1.155826e-07
2.283820e+04  1.091765e-07
2.320760e+04  1.031144e-07
2.358300e+04  9.737880e-08
2.396440e+04  9.195384e-08
2.435200e+04  8.682242e-08
2.474590e+04  8.196958e-08
2.514620e+04  7.738099e-08
2.555290e+04  7.304346e-08
2.596620e+04  6.894318e-08
2.638610e+04  6.506815e-08
2.681290e+04  6.140578e-08
2.724660e+04  5.794513e-08
2.768730e+04  5.467566e-08
2.813510e+04  5.158703e-08
2.859020e+04  4.866950e-08
2.905260e+04  4.591412e-08
2.952250e+04  4.331196e-08
3.000000e+04  4.085476e-08
-1  -1
