  -1
3.025550e+01  1.681242e-01
3.074490e+01  1.669677e-01
3.124210e+01  1.659043e-01
3.174750e+01  1.649451e-01
3.226090e+01  1.641152e-01
3.278270e+01  1.633654e-01
3.331300e+01  1.626907e-01
3.385180e+01  1.620882e-01
3.439930e+01  1.615553e-01
3.495570e+01  1.610897e-01
3.552110e+01  1.606924e-01
3.609560e+01  1.603640e-01
3.667940e+01  1.601078e-01
3.727270e+01  1.599421e-01
3.787550e+01  1.599117e-01
3.848820e+01  1.590088e-01
3.911070e+01  1.578659e-01
3.974320e+01  1.567196e-01
4.038610e+01  1.555863e-01
4.103930e+01  1.544767e-01
4.170310e+01  1.533931e-01
4.237760e+01  1.523390e-01
4.306300e+01  1.513163e-01
4.375950e+01  1.503282e-01
4.446730e+01  1.493780e-01
4.518650e+01  1.484842e-01
4.591740e+01  1.474850e-01
4.666000e+01  1.459343e-01
4.741470e+01  1.443613e-01
4.818160e+01  1.427963e-01
4.896090e+01  1.412461e-01
4.975280e+01  1.397147e-01
5.055760e+01  1.382027e-01
5.137530e+01  1.367139e-01
5.220620e+01  1.352482e-01
5.305060e+01  1.338080e-01
5.390870e+01  1.323980e-01
5.478060e+01  1.308969e-01
5.566670e+01  1.293872e-01
5.656700e+01  1.278972e-01
5.748200e+01  1.264281e-01
5.841170e+01  1.249821e-01
5.935640e+01  1.235598e-01
6.031650e+01  1.221618e-01
6.129210e+01  1.207906e-01
6.228340e+01  1.194515e-01
6.329080e+01  1.181608e-01
6.431450e+01  1.164878e-01
6.535470e+01  1.146972e-01
6.641180e+01  1.129184e-01
6.748590e+01  1.111594e-01
6.857750e+01  1.094233e-01
6.968670e+01  1.077126e-01
7.081380e+01  1.060296e-01
7.195910e+01  1.043773e-01
7.312300e+01  1.027425e-01
7.430570e+01  1.008433e-01
7.550760e+01  9.896023e-02
7.672890e+01  9.710112e-02
7.796990e+01  9.526994e-02
7.923100e+01  9.346734e-02
8.051250e+01  9.169343e-02
8.181470e+01  8.994744e-02
8.313800e+01  8.822528e-02
8.448270e+01  8.666258e-02
8.584910e+01  8.518780e-02
8.723770e+01  8.374297e-02
8.864870e+01  8.232457e-02
9.008250e+01  8.093129e-02
9.153950e+01  7.956170e-02
9.302010e+01  7.821419e-02
9.452460e+01  7.691221e-02
9.605350e+01  7.570847e-02
9.760710e+01  7.458653e-02
9.918580e+01  7.348782e-02
1.007900e+02  7.240945e-02
1.024200e+02  7.135090e-02
1.040770e+02  7.031062e-02
1.057600e+02  6.929074e-02
1.074710e+02  6.828824e-02
1.092090e+02  6.730710e-02
1.109750e+02  6.634792e-02
1.127700e+02  6.542185e-02
1.145940e+02  6.406488e-02
1.164480e+02  6.268437e-02
1.183310e+02  6.132638e-02
1.202450e+02  5.999287e-02
1.221900e+02  5.868495e-02
1.241660e+02  5.740449e-02
1.261750e+02  5.614923e-02
1.282150e+02  5.492239e-02
1.302890e+02  5.372114e-02
1.323970e+02  5.254599e-02
1.345380e+02  5.139831e-02
1.367140e+02  5.027830e-02
1.389250e+02  4.918921e-02
1.411720e+02  4.787918e-02
1.434560e+02  4.646198e-02
1.457760e+02  4.507906e-02
1.481340e+02  4.373308e-02
1.505300e+02  4.242479e-02
1.529640e+02  4.115384e-02
1.554390e+02  3.991865e-02
1.579530e+02  3.871968e-02
1.605070e+02  3.755624e-02
1.631030e+02  3.642653e-02
1.657420e+02  3.532997e-02
1.684220e+02  3.426663e-02
1.711460e+02  3.323497e-02
1.739150e+02  3.223389e-02
1.767270e+02  3.126413e-02
1.795860e+02  3.031145e-02
1.824910e+02  2.930336e-02
1.854420e+02  2.832752e-02
1.884420e+02  2.738304e-02
1.914890e+02  2.646993e-02
1.945870e+02  2.558641e-02
1.977340e+02  2.473259e-02
2.009320e+02  2.390686e-02
2.041820e+02  2.310868e-02
2.074850e+02  2.233697e-02
2.108400e+02  2.159129e-02
2.142510e+02  2.087031e-02
2.177160e+02  2.017350e-02
2.212370e+02  1.950015e-02
2.248160e+02  1.884918e-02
2.284520e+02  1.822031e-02
2.321470e+02  1.761251e-02
2.359020e+02  1.702497e-02
2.397170e+02  1.645744e-02
2.435950e+02  1.590902e-02
2.475350e+02  1.537931e-02
2.515380e+02  1.482611e-02
2.556070e+02  1.425631e-02
2.597410e+02  1.370815e-02
2.639420e+02  1.318087e-02
2.682110e+02  1.267386e-02
2.725490e+02  1.218629e-02
2.769570e+02  1.171756e-02
2.814370e+02  1.126681e-02
2.859890e+02  1.083354e-02
2.906150e+02  1.041694e-02
2.953150e+02  1.001649e-02
3.000920e+02  9.631526e-03
3.049450e+02  9.261646e-03
3.098780e+02  8.906094e-03
3.148900e+02  8.517436e-03
3.199830e+02  8.130967e-03
3.251580e+02  7.761853e-03
3.304180e+02  7.409387e-03
3.357620e+02  7.073037e-03
3.411920e+02  6.751888e-03
3.467110e+02  6.445397e-03
3.523190e+02  6.152801e-03
3.580170e+02  5.873562e-03
3.638080e+02  5.606984e-03
3.696920e+02  5.352555e-03
3.756720e+02  5.109696e-03
3.817480e+02  4.877943e-03
3.879220e+02  4.656737e-03
3.941970e+02  4.445197e-03
4.005730e+02  4.230764e-03
4.070520e+02  4.026668e-03
4.136350e+02  3.832458e-03
4.203260e+02  3.647600e-03
4.271240e+02  3.471707e-03
4.340320e+02  3.304316e-03
4.410520e+02  3.145012e-03
4.481860e+02  2.993408e-03
4.554350e+02  2.849137e-03
4.628020e+02  2.711832e-03
4.702870e+02  2.581176e-03
4.778940e+02  2.456826e-03
4.856230e+02  2.338492e-03
4.934780e+02  2.225867e-03
5.014590e+02  2.118695e-03
5.095700e+02  2.016687e-03
5.178120e+02  1.919611e-03
5.261870e+02  1.827228e-03
5.346980e+02  1.734029e-03
5.433460e+02  1.645267e-03
5.521340e+02  1.561059e-03
5.610650e+02  1.481165e-03
5.701390e+02  1.405373e-03
5.793610e+02  1.333461e-03
5.887320e+02  1.265239e-03
5.982540e+02  1.200516e-03
6.079300e+02  1.139110e-03
6.177630e+02  1.080850e-03
6.277550e+02  1.025577e-03
6.379080e+02  9.731360e-04
6.482260e+02  9.233805e-04
6.587110e+02  8.761742e-04
6.693650e+02  8.313887e-04
6.801910e+02  7.836945e-04
6.911930e+02  7.364478e-04
7.023720e+02  6.920519e-04
7.137330e+02  6.503325e-04
7.252770e+02  6.111301e-04
7.370080e+02  5.742929e-04
7.489280e+02  5.396784e-04
7.610420e+02  5.071517e-04
7.733510e+02  4.765875e-04
7.858590e+02  4.478673e-04
7.985700e+02  4.208784e-04
8.114860e+02  3.955165e-04
8.246110e+02  3.743075e-04
8.379490e+02  3.547180e-04
8.515020e+02  3.361132e-04
8.652740e+02  3.184213e-04
8.792690e+02  3.016060e-04
8.934910e+02  2.856934e-04
9.079430e+02  2.706154e-04
9.226280e+02  2.563288e-04
9.375510e+02  2.428299e-04
9.527150e+02  2.300451e-04
9.681240e+02  2.179367e-04
9.837830e+02  2.064683e-04
9.996950e+02  1.956373e-04
1.015860e+03  1.854099e-04
1.032290e+03  1.759862e-04
1.048990e+03  1.670121e-04
1.065960e+03  1.584638e-04
1.083200e+03  1.503459e-04
1.100720e+03  1.426276e-04
1.116600e+03  1.358614e-04
1.116800e+03  8.801631e-04
1.118520e+03  8.775062e-04
1.136610e+03  8.418728e-04
1.155000e+03  8.071586e-04
1.173680e+03  7.738156e-04
1.192660e+03  7.418170e-04
1.211950e+03  7.111224e-04
1.231550e+03  6.816868e-04
1.251470e+03  6.535153e-04
1.271720e+03  6.264973e-04
1.292290e+03  6.005822e-04
1.298900e+03  5.924967e-04
1.299100e+03  6.626033e-04
1.313190e+03  6.384170e-04
1.334430e+03  6.039293e-04
1.356010e+03  5.712910e-04
1.377940e+03  5.404172e-04
1.400230e+03  5.112004e-04
1.422880e+03  4.835636e-04
1.445890e+03  4.574183e-04
1.469280e+03  4.326878e-04
1.493040e+03  4.093044e-04
1.517190e+03  3.872142e-04
1.541730e+03  3.663157e-04
1.566670e+03  3.465450e-04
1.592010e+03  3.278427e-04
1.617760e+03  3.101511e-04
1.643920e+03  2.934168e-04
1.670510e+03  2.775819e-04
1.697530e+03  2.626015e-04
1.724990e+03  2.484296e-04
1.752890e+03  2.348420e-04
1.781240e+03  2.219431e-04
1.810050e+03  2.097102e-04
1.839320e+03  1.981515e-04
1.869070e+03  1.872278e-04
1.899300e+03  1.769058e-04
1.930020e+03  1.671555e-04
1.961240e+03  1.579425e-04
1.992960e+03  1.492370e-04
2.025200e+03  1.410744e-04
2.057950e+03  1.332415e-04
2.091240e+03  1.258246e-04
2.125060e+03  1.188175e-04
2.159430e+03  1.121909e-04
2.194360e+03  1.059211e-04
2.229850e+03  9.999898e-05
2.265920e+03  9.439850e-05
2.302570e+03  8.910803e-05
2.339810e+03  8.410712e-05
2.377660e+03  7.938034e-05
2.416110e+03  7.491815e-05
2.455190e+03  7.070003e-05
2.494900e+03  6.671778e-05
2.535260e+03  6.295443e-05
2.576260e+03  5.939993e-05
2.617930e+03  5.604437e-05
2.660270e+03  5.287573e-05
2.703300e+03  4.988219e-05
2.747030e+03  4.705586e-05
2.791460e+03  4.439001e-05
2.836610e+03  4.186904e-05
2.882490e+03  3.949347e-05
2.929110e+03  3.724972e-05
2.976480e+03  3.513210e-05
3.024630e+03  3.313324e-05
3.073550e+03  3.124719e-05
3.123260e+03  2.946717e-05
3.173780e+03  2.778739e-05
3.225110e+03  2.620279e-05
3.277270e+03  2.470735e-05
3.330280e+03  2.329639e-05
3.384150e+03  2.196537e-05
3.438880e+03  2.070968e-05
3.494500e+03  1.952511e-05
3.551020e+03  1.840765e-05
3.608460e+03  1.735357e-05
3.666820e+03  1.635937e-05
3.726130e+03  1.542190e-05
3.786400e+03  1.453725e-05
3.847640e+03  1.370316e-05
3.909870e+03  1.291665e-05
3.973110e+03  1.217487e-05
4.037380e+03  1.147522e-05
4.102680e+03  1.081553e-05
4.169030e+03  1.019338e-05
4.236460e+03  9.606770e-06
4.304980e+03  9.053879e-06
4.374620e+03  8.532239e-06
4.445370e+03  8.040526e-06
4.517270e+03  7.577064e-06
4.590330e+03  7.140008e-06
4.664580e+03  6.727858e-06
4.740030e+03  6.339383e-06
4.816690e+03  5.973159e-06
4.894600e+03  5.627948e-06
4.973770e+03  5.302481e-06
5.054210e+03  4.995670e-06
5.135960e+03  4.706479e-06
5.219030e+03  4.433908e-06
5.303440e+03  4.176790e-06
5.389220e+03  3.934657e-06
5.476390e+03  3.706251e-06
5.564970e+03  3.491165e-06
5.654980e+03  3.288280e-06
5.746440e+03  3.097227e-06
5.839390e+03  2.917014e-06
5.933830e+03  2.747264e-06
6.029810e+03  2.587212e-06
6.127330e+03  2.436487e-06
6.226440e+03  2.294380e-06
6.327150e+03  2.160437e-06
6.429480e+03  2.034237e-06
6.533480e+03  1.915228e-06
6.639150e+03  1.803151e-06
6.746540e+03  1.697565e-06
6.855650e+03  1.598056e-06
6.966540e+03  1.504291e-06
7.079220e+03  1.415937e-06
7.193720e+03  1.332691e-06
7.310070e+03  1.254273e-06
7.428310e+03  1.180378e-06
7.548450e+03  1.110762e-06
7.670540e+03  1.045176e-06
7.794610e+03  9.833960e-07
7.920680e+03  9.251828e-07
8.048790e+03  8.703472e-07
8.178980e+03  8.186899e-07
8.311260e+03  7.700382e-07
8.445690e+03  7.242246e-07
8.582290e+03  6.810434e-07
8.721110e+03  6.403825e-07
8.862160e+03  6.020937e-07
9.005500e+03  5.660291e-07
9.151160e+03  5.320717e-07
9.299170e+03  5.000855e-07
9.449580e+03  4.699585e-07
9.602420e+03  4.415959e-07
9.757730e+03  4.149025e-07
9.915550e+03  3.897674e-07
1.007590e+04  3.660950e-07
1.023890e+04  3.438055e-07
1.036700e+04  3.274693e-07
1.036720e+04  2.521872e-06
1.040450e+04  2.490541e-06
1.057280e+04  2.355229e-06
1.074380e+04  2.226820e-06
1.091760e+04  2.104997e-06
1.109420e+04  1.989463e-06
1.127360e+04  1.879942e-06
1.145590e+04  1.776142e-06
1.164120e+04  1.677771e-06
1.182950e+04  1.584579e-06
1.202080e+04  1.496332e-06
1.221530e+04  1.412755e-06
1.241280e+04  1.333678e-06
1.261360e+04  1.258818e-06
1.281760e+04  1.187994e-06
1.302500e+04  1.120985e-06
1.323560e+04  1.057634e-06
1.344970e+04  9.977201e-07
1.366720e+04  9.410826e-07
1.388830e+04  8.875450e-07
1.411290e+04  8.369541e-07
1.434120e+04  7.891511e-07
1.457310e+04  7.439994e-07
1.480890e+04  7.013372e-07
1.504840e+04  6.610604e-07
1.529180e+04  6.230258e-07
1.553910e+04  5.871243e-07
1.579040e+04  5.532326e-07
1.604580e+04  5.212431e-07
1.630540e+04  4.910541e-07
1.656910e+04  4.625729e-07
1.683710e+04  4.357039e-07
1.710940e+04  4.103583e-07
1.738610e+04  3.864559e-07
1.766740e+04  3.639077e-07
1.795310e+04  3.426508e-07
1.824350e+04  3.226073e-07
1.853860e+04  3.037130e-07
1.883840e+04  2.859046e-07
1.914310e+04  2.691180e-07
1.945270e+04  2.532987e-07
1.976740e+04  2.383915e-07
2.008710e+04  2.243460e-07
2.041200e+04  2.111113e-07
2.074210e+04  1.986468e-07
2.107760e+04  1.869034e-07
2.141850e+04  1.758436e-07
2.176500e+04  1.654266e-07
2.211700e+04  1.556189e-07
2.247470e+04  1.463825e-07
2.283820e+04  1.376859e-07
2.320760e+04  1.294988e-07
2.358300e+04  1.217905e-07
2.396440e+04  1.145355e-07
2.435200e+04  1.077062e-07
2.474590e+04  1.012785e-07
2.514620e+04  9.522894e-08
2.555290e+04  8.953658e-08
2.596620e+04  8.417996e-08
2.638610e+04  7.914035e-08
2.681290e+04  7.439801e-08
2.724660e+04  6.993655e-08
2.768730e+04  6.573953e-08
2.813510e+04  6.179144e-08
2.859020e+04  5.807767e-08
2.905260e+04  5.458482e-08
2.952250e+04  5.129958e-08
3.000000e+04  4.820999e-08
-1  -1
