  -1
3.026530e+01  5.581972e-01
3.061400e+01  5.766303e-01
3.096660e+01  5.959011e-01
3.132340e+01  6.168538e-01
3.168420e+01  6.402488e-01
3.204920e+01  6.675469e-01
3.241840e+01  7.007767e-01
3.279190e+01  7.335042e-01
3.316960e+01  7.721512e-01
3.355180e+01  8.050474e-01
3.393830e+01  8.388685e-01
3.432920e+01  8.608604e-01
3.472470e+01  8.639674e-01
3.512470e+01  8.595576e-01
3.552940e+01  8.502434e-01
3.593860e+01  8.341718e-01
3.635270e+01  8.114692e-01
3.677140e+01  7.848622e-01
3.719500e+01  7.590357e-01
3.762350e+01  7.230141e-01
3.805690e+01  6.776983e-01
3.849530e+01  6.290175e-01
3.893880e+01  5.870966e-01
3.938740e+01  5.486519e-01
3.984110e+01  5.121143e-01
4.030010e+01  4.772557e-01
4.076430e+01  4.440246e-01
4.123390e+01  4.137554e-01
4.170900e+01  3.855200e-01
4.218940e+01  3.589854e-01
4.267550e+01  3.341011e-01
4.316710e+01  3.106851e-01
4.366440e+01  2.887373e-01
4.416740e+01  2.682020e-01
4.467620e+01  2.489866e-01
4.519080e+01  2.310233e-01
4.571140e+01  2.137008e-01
4.623800e+01  2.020838e-01
4.677070e+01  1.931852e-01
4.730950e+01  1.849919e-01
4.785450e+01  1.773523e-01
4.840580e+01  1.701881e-01
4.896340e+01  1.632175e-01
4.952740e+01  1.565786e-01
5.009800e+01  1.502675e-01
5.067510e+01  1.442615e-01
5.125890e+01  1.385349e-01
5.184940e+01  1.330576e-01
5.244670e+01  1.280864e-01
5.305090e+01  1.235580e-01
5.366200e+01  1.192480e-01
5.428020e+01  1.151237e-01
5.490550e+01  1.111742e-01
5.553800e+01  1.073882e-01
5.617780e+01  1.037587e-01
5.682500e+01  1.002578e-01
5.747960e+01  9.669223e-02
5.814170e+01  9.325547e-02
5.881150e+01  8.994889e-02
5.948900e+01  8.676759e-02
6.017430e+01  8.370214e-02
6.086750e+01  8.082541e-02
6.156870e+01  7.810579e-02
6.227800e+01  7.548613e-02
6.299540e+01  7.296022e-02
6.372110e+01  7.052204e-02
6.445520e+01  6.814644e-02
6.519770e+01  6.631269e-02
6.594880e+01  6.482600e-02
6.670850e+01  6.339560e-02
6.747700e+01  6.201227e-02
6.825430e+01  6.067123e-02
6.904060e+01  5.936954e-02
6.983590e+01  5.810444e-02
7.064040e+01  5.687383e-02
7.145420e+01  5.567549e-02
7.227740e+01  5.450519e-02
7.311000e+01  5.342059e-02
7.395220e+01  5.251249e-02
7.480410e+01  5.163148e-02
7.566590e+01  5.077288e-02
7.653750e+01  4.993563e-02
7.741920e+01  4.911820e-02
7.831110e+01  4.831999e-02
7.921320e+01  4.754044e-02
8.012580e+01  4.677891e-02
8.104880e+01  4.603911e-02
8.198250e+01  4.518629e-02
8.292690e+01  4.427877e-02
8.388220e+01  4.338978e-02
8.484850e+01  4.251999e-02
8.582600e+01  4.166938e-02
8.681470e+01  4.083787e-02
8.781480e+01  4.002517e-02
8.882640e+01  3.923201e-02
8.984970e+01  3.843272e-02
9.088470e+01  3.752324e-02
9.193170e+01  3.663297e-02
9.299080e+01  3.576343e-02
9.406200e+01  3.491487e-02
9.514560e+01  3.408670e-02
9.624170e+01  3.327857e-02
9.735030e+01  3.249010e-02
9.847180e+01  3.172068e-02
9.960620e+01  3.096983e-02
1.007540e+02  3.023682e-02
1.019140e+02  2.952886e-02
1.030880e+02  2.886828e-02
1.042760e+02  2.822358e-02
1.054770e+02  2.759442e-02
1.066920e+02  2.697987e-02
1.079210e+02  2.638008e-02
1.091650e+02  2.576423e-02
1.104220e+02  2.508512e-02
1.116940e+02  2.442177e-02
1.129810e+02  2.377539e-02
1.142820e+02  2.314742e-02
1.155990e+02  2.245436e-02
1.169310e+02  2.172843e-02
1.182780e+02  2.102424e-02
1.196400e+02  2.034201e-02
1.210190e+02  1.968203e-02
1.224130e+02  1.878376e-02
1.238230e+02  1.790254e-02
1.252490e+02  1.705897e-02
1.266920e+02  1.622655e-02
1.281520e+02  1.534378e-02
1.296280e+02  1.450333e-02
1.311210e+02  1.368049e-02
1.326320e+02  1.258817e-02
1.341600e+02  1.156738e-02
1.357050e+02  1.077419e-02
1.368680e+02  1.046607e-02
1.380690e+02  1.105028e-02
1.396600e+02  1.489505e-02
1.399700e+02  1.577587e-02
1.414160e+02  1.932411e-02
1.430450e+02  2.339216e-02
1.432500e+02  2.392506e-02
1.443540e+02  3.352162e-02
1.450980e+02  4.209268e-02
1.458460e+02  6.618962e-02
1.473540e+02  1.115109e-01
1.490520e+02  1.471919e-01
1.507690e+02  1.247966e-01
1.525050e+02  9.514776e-02
1.542620e+02  7.409999e-02
1.560390e+02  5.917722e-02
1.578370e+02  5.265523e-02
1.596550e+02  4.695077e-02
1.614940e+02  4.311651e-02
1.633550e+02  3.988620e-02
1.652370e+02  3.709546e-02
1.671400e+02  3.483637e-02
1.690660e+02  3.272701e-02
1.710130e+02  3.077317e-02
1.729830e+02  2.896897e-02
1.749760e+02  2.727040e-02
1.769920e+02  2.566742e-02
1.790310e+02  2.426026e-02
1.810930e+02  2.343971e-02
1.831790e+02  2.265615e-02
1.852890e+02  2.190269e-02
1.874240e+02  2.117650e-02
1.895830e+02  2.047621e-02
1.917670e+02  1.980035e-02
1.939760e+02  1.914788e-02
1.962110e+02  1.851772e-02
1.984710e+02  1.790924e-02
2.007570e+02  1.732193e-02
2.030700e+02  1.667833e-02
2.054100e+02  1.604290e-02
2.077760e+02  1.543160e-02
2.101690e+02  1.484342e-02
2.125910e+02  1.427752e-02
2.150400e+02  1.373327e-02
2.175170e+02  1.320978e-02
2.200230e+02  1.270621e-02
2.225570e+02  1.222491e-02
2.251210e+02  1.181194e-02
2.277140e+02  1.141357e-02
2.303380e+02  1.102873e-02
2.329910e+02  1.065710e-02
2.356750e+02  1.029806e-02
2.383900e+02  9.951269e-03
2.411360e+02  9.616254e-03
2.439140e+02  9.292479e-03
2.467240e+02  8.979719e-03
2.495660e+02  8.677386e-03
2.524410e+02  8.385200e-03
2.553490e+02  8.107330e-03
2.582910e+02  7.959510e-03
2.612660e+02  7.815455e-03
2.642760e+02  7.674274e-03
2.673210e+02  7.535856e-03
2.704000e+02  7.400237e-03
2.735150e+02  7.267182e-03
2.766660e+02  7.136700e-03
2.798530e+02  7.008748e-03
2.830770e+02  6.883130e-03
2.863380e+02  6.759978e-03
2.896370e+02  6.639106e-03
2.929730e+02  6.520727e-03
2.963480e+02  6.374432e-03
2.997620e+02  6.219189e-03
3.032150e+02  6.067702e-03
3.067080e+02  5.919886e-03
3.102420e+02  5.775641e-03
3.138160e+02  5.634980e-03
3.174310e+02  5.497745e-03
3.210880e+02  5.367111e-03
3.247860e+02  5.258220e-03
3.285280e+02  5.151628e-03
3.323130e+02  5.047259e-03
3.361410e+02  4.945141e-03
3.400130e+02  4.838966e-03
3.439300e+02  4.727509e-03
3.478920e+02  4.618626e-03
3.519000e+02  4.512256e-03
3.559540e+02  4.408326e-03
3.600540e+02  4.306859e-03
3.642020e+02  4.207728e-03
3.683980e+02  4.110894e-03
3.726420e+02  4.016315e-03
3.769340e+02  3.923949e-03
3.812770e+02  3.833665e-03
3.856690e+02  3.745525e-03
3.901120e+02  3.659423e-03
3.946060e+02  3.574841e-03
3.991520e+02  3.488490e-03
4.037500e+02  3.404226e-03
4.084010e+02  3.322026e-03
4.131060e+02  3.241809e-03
4.178650e+02  3.163536e-03
4.226780e+02  3.087170e-03
4.275480e+02  3.012629e-03
4.324730e+02  2.939929e-03
4.374550e+02  2.868983e-03
4.424940e+02  2.799757e-03
4.475920e+02  2.732208e-03
4.527480e+02  2.669910e-03
4.579640e+02  2.611490e-03
4.632390e+02  2.554396e-03
4.685760e+02  2.498547e-03
4.739740e+02  2.443951e-03
4.794340e+02  2.390541e-03
4.849570e+02  2.338306e-03
4.905440e+02  2.287237e-03
4.961950e+02  2.235342e-03
5.019110e+02  2.177504e-03
5.076930e+02  2.121147e-03
5.135410e+02  2.066250e-03
5.194570e+02  2.012783e-03
5.254410e+02  1.960700e-03
5.314950e+02  1.909955e-03
5.376170e+02  1.860550e-03
5.438110e+02  1.812413e-03
5.500750e+02  1.765530e-03
5.564120e+02  1.719855e-03
5.628220e+02  1.675375e-03
5.693050e+02  1.632054e-03
5.758640e+02  1.586709e-03
5.824980e+02  1.542385e-03
5.892080e+02  1.499176e-03
5.959960e+02  1.457157e-03
6.028610e+02  1.416328e-03
6.098060e+02  1.376645e-03
6.168310e+02  1.338071e-03
6.239370e+02  1.300585e-03
6.311250e+02  1.263693e-03
6.383950e+02  1.227524e-03
6.457500e+02  1.191499e-03
6.531880e+02  1.155709e-03
6.607130e+02  1.120993e-03
6.683240e+02  1.087337e-03
6.760230e+02  1.055236e-03
6.838110e+02  1.025575e-03
6.916890e+02  9.967900e-04
6.996570e+02  9.689504e-04
7.077170e+02  9.417129e-04
7.158700e+02  9.135714e-04
7.241160e+02  8.862731e-04
7.324580e+02  8.597970e-04
7.408960e+02  8.341059e-04
7.494310e+02  8.091847e-04
7.580640e+02  7.850108e-04
7.667970e+02  7.614750e-04
7.756310e+02  7.386246e-04
7.845660e+02  7.160955e-04
7.936040e+02  6.940432e-04
8.027460e+02  6.726760e-04
8.119940e+02  6.519654e-04
8.213480e+02  6.318874e-04
8.308100e+02  6.124278e-04
8.403810e+02  5.935506e-04
8.500620e+02  5.751986e-04
8.598540e+02  5.573882e-04
8.697600e+02  5.400079e-04
8.797790e+02  5.231712e-04
8.899140e+02  5.068542e-04
9.001660e+02  4.910463e-04
9.105360e+02  4.757323e-04
9.210250e+02  4.608969e-04
9.316350e+02  4.463426e-04
9.423680e+02  4.322064e-04
9.532240e+02  4.184409e-04
9.642050e+02  4.050899e-04
9.753120e+02  3.921726e-04
9.865480e+02  3.796695e-04
9.979130e+02  3.675386e-04
1.009410e+03  3.557710e-04
1.021040e+03  3.442933e-04
1.032800e+03  3.330784e-04
1.044700e+03  3.222046e-04
1.056730e+03  3.116435e-04
1.068910e+03  3.014208e-04
1.081220e+03  2.915381e-04
1.093670e+03  2.819788e-04
1.106270e+03  2.727280e-04
1.119020e+03  2.637760e-04
1.131910e+03  2.551206e-04
1.144950e+03  2.467433e-04
1.158140e+03  2.386288e-04
1.171480e+03  2.307601e-04
1.184970e+03  2.230670e-04
1.189500e+03  2.201988e-04
1.189700e+03  1.245263e-03
1.198630e+03  1.216993e-03
1.212430e+03  1.171473e-03
1.226400e+03  1.127369e-03
1.240530e+03  1.084867e-03
1.254820e+03  1.043948e-03
1.269280e+03  1.004592e-03
1.283900e+03  9.667816e-04
1.298690e+03  9.303799e-04
1.313650e+03  8.953388e-04
1.328780e+03  8.616131e-04
1.344090e+03  8.291412e-04
1.359570e+03  7.978975e-04
1.375230e+03  7.678232e-04
1.391080e+03  7.388718e-04
1.407100e+03  7.110194e-04
1.423310e+03  6.842110e-04
1.439710e+03  6.584105e-04
1.456290e+03  6.335896e-04
1.473070e+03  6.096229e-04
1.490040e+03  5.865437e-04
1.507200e+03  5.641858e-04
1.524570e+03  5.425865e-04
1.542130e+03  5.217885e-04
1.543900e+03  5.196966e-04
1.544100e+03  5.996108e-04
1.559900e+03  5.800971e-04
1.577870e+03  5.587915e-04
1.596040e+03  5.382649e-04
1.614430e+03  5.184815e-04
1.633030e+03  4.994207e-04
1.651840e+03  4.841896e-04
1.670870e+03  4.815183e-04
1.688200e+03  4.791329e-04
1.688400e+03  4.787706e-04
1.690120e+03  4.771364e-04
1.709590e+03  4.591108e-04
1.729280e+03  4.417647e-04
1.749200e+03  4.250712e-04
1.769350e+03  4.090064e-04
1.789740e+03  3.935412e-04
1.810350e+03  3.786645e-04
1.831210e+03  3.643477e-04
1.852300e+03  3.505751e-04
1.873640e+03  3.373195e-04
1.880700e+03  3.330699e-04
1.880900e+03  3.476763e-04
1.895230e+03  3.389433e-04
1.917060e+03  3.261618e-04
1.939140e+03  3.138613e-04
1.961480e+03  3.020225e-04
1.984080e+03  2.906291e-04
2.006930e+03  2.796920e-04
2.030050e+03  2.692029e-04
2.053440e+03  2.590217e-04
2.077100e+03  2.492062e-04
2.101020e+03  2.397622e-04
2.125230e+03  2.306649e-04
2.149710e+03  2.219066e-04
2.174470e+03  2.134740e-04
2.199520e+03  2.053561e-04
2.224860e+03  1.975410e-04
2.250490e+03  1.900170e-04
2.276420e+03  1.827730e-04
2.302640e+03  1.758051e-04
2.329170e+03  1.690911e-04
2.356000e+03  1.626401e-04
2.383140e+03  1.564298e-04
2.410590e+03  1.504465e-04
2.438360e+03  1.446894e-04
2.466450e+03  1.391558e-04
2.494870e+03  1.338182e-04
2.523610e+03  1.286950e-04
2.552680e+03  1.237579e-04
2.582090e+03  1.190105e-04
2.611830e+03  1.144401e-04
2.641920e+03  1.100443e-04
2.672350e+03  1.058199e-04
2.703140e+03  1.017549e-04
2.734280e+03  9.783968e-05
2.765780e+03  9.407140e-05
2.797640e+03  9.045053e-05
2.829870e+03  8.696560e-05
2.862470e+03  8.361416e-05
2.895440e+03  8.039266e-05
2.928800e+03  7.729364e-05
2.962540e+03  7.431114e-05
2.996670e+03  7.144173e-05
3.031190e+03  6.868297e-05
3.066110e+03  6.603022e-05
3.101430e+03  6.347771e-05
3.137160e+03  6.102339e-05
3.173300e+03  5.866062e-05
3.209850e+03  5.639083e-05
3.246830e+03  5.421050e-05
3.284230e+03  5.211107e-05
3.322070e+03  5.009038e-05
3.360340e+03  4.815022e-05
3.399050e+03  4.628095e-05
3.438200e+03  4.448630e-05
3.477810e+03  4.276004e-05
3.517880e+03  4.109987e-05
3.558400e+03  3.950412e-05
3.599390e+03  3.796917e-05
3.640860e+03  3.649311e-05
3.682800e+03  3.507444e-05
3.725230e+03  3.370961e-05
3.768140e+03  3.239789e-05
3.811550e+03  3.113655e-05
3.855460e+03  2.992387e-05
3.899870e+03  2.875820e-05
3.944800e+03  2.763738e-05
3.990240e+03  2.655951e-05
4.036210e+03  2.552335e-05
4.082710e+03  2.452696e-05
4.129740e+03  2.356952e-05
4.177310e+03  2.264856e-05
4.225440e+03  2.176325e-05
4.274110e+03  2.091242e-05
4.323350e+03  2.009446e-05
4.373150e+03  1.930825e-05
4.423530e+03  1.855210e-05
4.474490e+03  1.782538e-05
4.526040e+03  1.712652e-05
4.578180e+03  1.645497e-05
4.630920e+03  1.580940e-05
4.684270e+03  1.518880e-05
4.738230e+03  1.459227e-05
4.792810e+03  1.401883e-05
4.848020e+03  1.346760e-05
4.903870e+03  1.293779e-05
4.960370e+03  1.242851e-05
5.017510e+03  1.193882e-05
5.075310e+03  1.146837e-05
5.133780e+03  1.101596e-05
5.192920e+03  1.058118e-05
5.252740e+03  1.016342e-05
5.313250e+03  9.761980e-06
5.374460e+03  9.376074e-06
5.436370e+03  9.005144e-06
5.499000e+03  8.648311e-06
5.562350e+03  8.305861e-06
5.626420e+03  7.976255e-06
5.691240e+03  7.659683e-06
5.756800e+03  7.355455e-06
5.823120e+03  7.063050e-06
5.890200e+03  6.782231e-06
5.958060e+03  6.512010e-06
6.026690e+03  6.252610e-06
6.096120e+03  6.003273e-06
6.166350e+03  5.763649e-06
6.237380e+03  5.533349e-06
6.309240e+03  5.312025e-06
6.381920e+03  5.099387e-06
6.455440e+03  4.895024e-06
6.529800e+03  4.698634e-06
6.605030e+03  4.509959e-06
6.681110e+03  4.328648e-06
6.758080e+03  4.154325e-06
6.835930e+03  3.986954e-06
6.914680e+03  3.826164e-06
6.994340e+03  3.671607e-06
7.074910e+03  3.523179e-06
7.156420e+03  3.380645e-06
7.238860e+03  3.243528e-06
7.242700e+03  3.237271e-06
7.242900e+03  9.180471e-06
7.322250e+03  8.802190e-06
7.406600e+03  8.421147e-06
7.491920e+03  8.056709e-06
7.578230e+03  7.707928e-06
7.665530e+03  7.374158e-06
7.753840e+03  7.054874e-06
7.843160e+03  6.749563e-06
7.930200e+03  6.467798e-06
7.930400e+03  9.040316e-06
7.933510e+03  9.026372e-06
8.024910e+03  8.628629e-06
8.117350e+03  8.248449e-06
8.210860e+03  7.884825e-06
8.305450e+03  7.537183e-06
8.375500e+03  7.291994e-06
8.375700e+03  8.354406e-06
8.401130e+03  8.266921e-06
8.497910e+03  7.944496e-06
8.595800e+03  7.634304e-06
8.694830e+03  7.335611e-06
8.794990e+03  7.048167e-06
8.896310e+03  6.771394e-06
8.998790e+03  6.504789e-06
9.102460e+03  6.248235e-06
9.207320e+03  6.001398e-06
9.313380e+03  5.763942e-06
9.420670e+03  5.535563e-06
9.529200e+03  5.315855e-06
9.638970e+03  5.104484e-06
9.750010e+03  4.901183e-06
9.862330e+03  4.705758e-06
9.975950e+03  4.517631e-06
1.009090e+04  4.336864e-06
1.020710e+04  4.163151e-06
1.032470e+04  3.996089e-06
1.044360e+04  3.835533e-06
1.056390e+04  3.681228e-06
1.068560e+04  3.532922e-06
1.080870e+04  3.390411e-06
1.093330e+04  3.253426e-06
1.105920e+04  3.121897e-06
1.118660e+04  2.995506e-06
1.131550e+04  2.874080e-06
1.144580e+04  2.757480e-06
1.157770e+04  2.645444e-06
1.171110e+04  2.537854e-06
1.184600e+04  2.434546e-06
1.198240e+04  2.335359e-06
1.212050e+04  2.240075e-06
1.226010e+04  2.148617e-06
1.240130e+04  2.060814e-06
1.254420e+04  1.976498e-06
1.268870e+04  1.895571e-06
1.283490e+04  1.817878e-06
1.298270e+04  1.743327e-06
1.313230e+04  1.671749e-06
1.328360e+04  1.603059e-06
1.343660e+04  1.537146e-06
1.359140e+04  1.473888e-06
1.374800e+04  1.413182e-06
1.390630e+04  1.354952e-06
1.406650e+04  1.299065e-06
1.422860e+04  1.245437e-06
1.439250e+04  1.193997e-06
1.455830e+04  1.144648e-06
1.472600e+04  1.097308e-06
1.489560e+04  1.051900e-06
1.506720e+04  1.008338e-06
1.524080e+04  9.665492e-07
1.541640e+04  9.264703e-07
1.559400e+04  8.880311e-07
1.577360e+04  8.511731e-07
1.595530e+04  8.158207e-07
1.613910e+04  7.819175e-07
1.632510e+04  7.493979e-07
1.651310e+04  7.182277e-07
1.670340e+04  6.883263e-07
1.689580e+04  6.596640e-07
1.709040e+04  6.321838e-07
1.728730e+04  6.058305e-07
1.748640e+04  5.805695e-07
1.768790e+04  5.563445e-07
1.789170e+04  5.331212e-07
1.809780e+04  5.108609e-07
1.830620e+04  4.895249e-07
1.851710e+04  4.690669e-07
1.873040e+04  4.494572e-07
1.894620e+04  4.306593e-07
1.916450e+04  4.126398e-07
1.938530e+04  3.953683e-07
1.960860e+04  3.788158e-07
1.983450e+04  3.629502e-07
2.006290e+04  3.477473e-07
2.029410e+04  3.331708e-07
2.052790e+04  3.192030e-07
2.076430e+04  3.058198e-07
2.100350e+04  2.929922e-07
2.124550e+04  2.806976e-07
2.149020e+04  2.689176e-07
2.173780e+04  2.576276e-07
2.198820e+04  2.468089e-07
2.224150e+04  2.364423e-07
2.249780e+04  2.265068e-07
2.275690e+04  2.169900e-07
2.301910e+04  2.078679e-07
2.328430e+04  1.991289e-07
2.355250e+04  1.907552e-07
2.382380e+04  1.827327e-07
2.409830e+04  1.750444e-07
2.437590e+04  1.676796e-07
2.465670e+04  1.606230e-07
2.494070e+04  1.538622e-07
2.522800e+04  1.473853e-07
2.551870e+04  1.411781e-07
2.581260e+04  1.352332e-07
2.611000e+04  1.295373e-07
2.641080e+04  1.240799e-07
2.671500e+04  1.188523e-07
2.702280e+04  1.138440e-07
2.733410e+04  1.090460e-07
2.764900e+04  1.044494e-07
2.796750e+04  1.000469e-07
2.828970e+04  9.582860e-08
2.861560e+04  9.178784e-08
2.894520e+04  8.791764e-08
2.927870e+04  8.420962e-08
2.961590e+04  8.065806e-08
2.995710e+04  7.725564e-08
3.000000e+04  7.684061e-08
-1  -1
