  -1
3.025550e+01  2.111275e-02
3.074490e+01  1.977956e-02
3.124210e+01  1.852626e-02
3.174750e+01  1.734704e-02
3.226090e+01  1.624456e-02
3.278270e+01  1.521331e-02
3.331300e+01  1.424847e-02
3.385180e+01  1.334585e-02
3.439930e+01  1.250139e-02
3.495570e+01  1.171126e-02
3.552110e+01  1.097062e-02
3.609560e+01  1.027749e-02
3.667940e+01  9.628834e-03
3.727270e+01  9.021548e-03
3.787550e+01  8.453055e-03
3.848820e+01  7.920743e-03
3.911070e+01  7.422476e-03
3.974320e+01  6.956123e-03
4.038610e+01  6.519486e-03
4.103930e+01  6.110421e-03
4.170310e+01  5.724211e-03
4.237760e+01  5.362712e-03
4.306300e+01  5.024320e-03
4.375950e+01  4.707133e-03
4.446730e+01  4.410117e-03
4.518650e+01  4.131997e-03
4.591740e+01  3.871599e-03
4.666000e+01  3.627786e-03
4.741470e+01  3.399565e-03
4.818160e+01  3.185813e-03
4.896090e+01  2.985415e-03
4.975280e+01  2.797756e-03
5.055760e+01  2.621550e-03
5.137530e+01  2.456381e-03
5.220620e+01  2.301725e-03
5.305060e+01  2.156862e-03
5.390870e+01  2.021206e-03
5.478060e+01  1.894146e-03
5.566670e+01  1.775125e-03
5.656700e+01  1.663651e-03
5.748200e+01  1.559218e-03
5.841170e+01  1.461399e-03
5.935640e+01  1.369763e-03
6.031650e+01  1.283896e-03
6.129210e+01  1.203270e-03
6.228340e+01  1.127341e-03
6.329080e+01  1.056076e-03
6.431450e+01  9.889784e-04
6.535470e+01  9.261669e-04
6.641180e+01  8.673592e-04
6.748590e+01  8.123093e-04
6.857750e+01  7.607741e-04
6.968670e+01  7.125193e-04
7.081380e+01  6.673419e-04
7.195910e+01  6.250448e-04
7.312300e+01  5.854417e-04
7.430570e+01  5.483554e-04
7.550760e+01  5.136226e-04
7.672890e+01  4.811003e-04
7.796990e+01  4.506472e-04
7.923100e+01  4.221250e-04
8.051250e+01  3.954137e-04
8.181470e+01  3.703753e-04
8.313800e+01  3.468914e-04
8.448270e+01  3.247339e-04
8.584910e+01  3.039956e-04
8.723770e+01  2.845774e-04
8.864870e+01  2.664048e-04
9.008250e+01  2.493977e-04
9.153950e+01  2.334791e-04
9.302010e+01  2.185786e-04
9.452460e+01  2.046321e-04
9.605350e+01  1.915784e-04
9.760710e+01  1.793589e-04
9.918580e+01  1.679202e-04
1.007900e+02  1.571913e-04
1.024200e+02  1.471401e-04
1.040770e+02  1.377632e-04
1.057600e+02  1.289827e-04
1.074710e+02  1.207608e-04
1.092090e+02  1.130661e-04
1.109750e+02  1.058626e-04
1.127700e+02  9.911745e-05
1.145940e+02  9.280375e-05
1.164480e+02  8.689173e-05
1.183310e+02  8.135816e-05
1.202450e+02  7.617646e-05
1.221900e+02  7.132529e-05
1.241660e+02  6.677949e-05
1.261750e+02  6.247565e-05
1.282150e+02  5.845095e-05
1.302890e+02  5.468528e-05
1.323970e+02  5.116130e-05
1.345380e+02  4.786596e-05
1.367140e+02  4.478311e-05
1.389250e+02  4.189905e-05
1.411720e+02  3.920029e-05
1.434560e+02  3.667513e-05
1.457760e+02  3.431379e-05
1.481340e+02  3.210423e-05
1.505300e+02  3.003693e-05
1.529640e+02  2.810362e-05
1.554390e+02  2.629373e-05
1.579530e+02  2.460106e-05
1.605070e+02  2.301793e-05
1.631030e+02  2.153494e-05
1.657420e+02  2.014543e-05
1.684220e+02  1.883342e-05
1.711460e+02  1.760543e-05
1.739150e+02  1.645726e-05
1.767270e+02  1.538447e-05
1.795860e+02  1.438152e-05
1.824910e+02  1.344407e-05
1.854420e+02  1.256770e-05
1.884420e+02  1.174822e-05
1.914890e+02  1.098237e-05
1.945870e+02  1.026652e-05
1.977340e+02  9.597514e-06
2.009320e+02  8.972124e-06
2.041820e+02  8.387119e-06
2.074850e+02  7.840404e-06
2.108400e+02  7.329634e-06
2.142510e+02  6.851612e-06
2.177160e+02  6.405058e-06
2.212370e+02  5.987853e-06
2.248160e+02  5.597632e-06
2.284520e+02  5.232889e-06
2.321470e+02  4.891886e-06
2.359020e+02  4.573119e-06
2.397170e+02  4.275166e-06
2.435950e+02  3.996577e-06
2.475350e+02  3.736168e-06
2.515380e+02  3.492744e-06
2.556070e+02  3.265135e-06
2.597410e+02  3.052374e-06
2.639420e+02  2.853493e-06
2.682110e+02  2.667573e-06
2.725490e+02  2.493745e-06
2.769570e+02  2.331262e-06
2.814370e+02  2.179361e-06
2.859890e+02  2.037378e-06
2.906150e+02  1.904639e-06
2.953150e+02  1.780578e-06
3.000920e+02  1.664574e-06
3.049450e+02  1.556036e-06
3.098780e+02  1.454421e-06
3.148900e+02  1.358268e-06
3.199830e+02  1.268149e-06
3.251580e+02  1.184014e-06
3.304180e+02  1.105457e-06
3.357620e+02  1.032125e-06
3.411920e+02  9.636857e-07
3.467110e+02  8.997546e-07
3.523190e+02  8.400606e-07
3.580170e+02  7.843239e-07
3.638080e+02  7.322954e-07
3.696920e+02  6.837229e-07
3.756720e+02  6.383715e-07
3.817480e+02  5.960152e-07
3.879220e+02  5.564789e-07
3.941970e+02  5.195831e-07
4.005730e+02  4.851160e-07
4.070520e+02  4.529322e-07
4.136350e+02  4.228898e-07
4.203260e+02  3.948391e-07
4.271240e+02  3.686498e-07
4.340320e+02  3.441953e-07
4.410520e+02  3.213526e-07
4.481860e+02  3.000247e-07
4.554350e+02  2.801215e-07
4.628020e+02  2.615367e-07
4.702870e+02  2.441859e-07
4.778940e+02  2.279865e-07
4.856230e+02  2.128620e-07
4.934780e+02  1.987398e-07
5.014590e+02  1.855554e-07
5.095700e+02  1.732451e-07
5.178120e+02  1.617516e-07
5.261870e+02  1.510224e-07
5.346980e+02  1.410041e-07
5.433460e+02  1.316500e-07
5.521340e+02  1.229168e-07
5.610650e+02  1.147620e-07
5.701390e+02  1.071487e-07
5.793610e+02  1.000395e-07
5.887320e+02  9.340340e-08
5.982540e+02  8.720784e-08
6.079300e+02  8.142211e-08
6.177630e+02  7.600495e-08
6.277550e+02  7.093600e-08
6.379080e+02  6.618127e-08
6.482260e+02  6.174470e-08
6.587110e+02  5.760545e-08
6.693650e+02  5.374381e-08
6.801910e+02  5.014094e-08
6.911930e+02  4.677933e-08
7.023720e+02  4.364334e-08
7.137330e+02  4.071750e-08
7.252770e+02  3.798794e-08
7.370080e+02  3.544149e-08
7.489280e+02  3.306571e-08
7.610420e+02  3.084898e-08
7.733510e+02  2.878003e-08
7.858590e+02  2.685030e-08
7.985700e+02  2.505041e-08
8.114860e+02  2.337192e-08
8.246110e+02  2.180551e-08
8.379490e+02  2.034362e-08
8.515020e+02  1.897979e-08
8.652740e+02  1.770754e-08
8.792690e+02  1.652063e-08
8.934910e+02  1.541278e-08
9.079430e+02  1.437938e-08
9.226280e+02  1.341536e-08
9.375510e+02  1.251600e-08
9.527150e+02  1.167698e-08
9.681240e+02  1.089422e-08
9.837830e+02  1.016395e-08
9.996950e+02  9.482608e-09
1.015860e+03  8.847012e-09
1.032290e+03  8.253921e-09
1.048990e+03  7.700536e-09
1.065960e+03  7.184249e-09
1.083200e+03  6.702696e-09
1.100720e+03  6.253383e-09
1.118520e+03  5.834146e-09
1.136610e+03  5.443075e-09
1.155000e+03  5.078124e-09
1.173680e+03  4.737762e-09
1.192660e+03  4.420204e-09
1.211950e+03  4.123874e-09
1.231550e+03  3.847402e-09
1.251470e+03  3.587916e-09
1.271720e+03  3.345543e-09
1.292290e+03  3.119311e-09
1.313190e+03  2.908383e-09
1.334430e+03  2.711694e-09
1.356010e+03  2.528290e-09
1.377940e+03  2.357322e-09
1.400230e+03  2.197922e-09
1.422880e+03  2.049341e-09
1.445890e+03  1.910763e-09
1.469280e+03  1.781524e-09
1.493040e+03  1.661043e-09
1.517190e+03  1.548723e-09
1.541730e+03  1.444049e-09
1.566670e+03  1.346518e-09
1.592010e+03  1.255671e-09
1.617760e+03  1.170973e-09
1.643920e+03  1.092013e-09
1.670510e+03  1.018326e-09
1.697530e+03  9.496152e-10
1.724990e+03  8.855547e-10
1.752890e+03  8.256929e-10
1.781240e+03  7.698384e-10
1.810050e+03  7.177320e-10
1.839320e+03  6.691566e-10
1.869070e+03  6.238620e-10
1.899300e+03  5.816315e-10
1.930020e+03  5.422614e-10
1.961240e+03  5.055559e-10
1.992960e+03  4.713382e-10
2.025200e+03  4.395766e-10
2.057950e+03  4.097648e-10
2.091240e+03  3.819536e-10
2.125060e+03  3.560178e-10
2.159430e+03  3.318359e-10
2.194360e+03  3.092781e-10
2.229850e+03  2.882472e-10
2.265920e+03  2.686369e-10
2.302570e+03  2.503514e-10
2.339810e+03  2.333029e-10
2.377660e+03  2.174041e-10
2.416110e+03  2.025816e-10
2.455190e+03  1.887684e-10
2.494900e+03  1.758846e-10
2.535260e+03  1.638775e-10
2.576260e+03  1.526843e-10
2.617930e+03  1.422500e-10
2.660270e+03  1.325256e-10
2.703300e+03  1.234582e-10
2.747030e+03  1.150103e-10
2.791460e+03  1.071352e-10
2.836610e+03  9.979995e-11
2.882490e+03  9.296296e-11
2.929110e+03  8.658892e-11
2.976480e+03  8.065070e-11
3.024630e+03  7.512032e-11
3.073550e+03  6.996668e-11
3.123260e+03  6.516292e-11
3.173780e+03  6.068925e-11
3.225110e+03  5.652314e-11
3.277270e+03  5.264092e-11
3.330280e+03  4.902601e-11
3.384150e+03  4.565902e-11
3.438880e+03  4.252015e-11
3.494500e+03  3.959926e-11
3.551020e+03  3.687932e-11
3.608460e+03  3.434590e-11
3.666820e+03  3.198711e-11
3.726130e+03  2.979062e-11
3.786400e+03  2.774583e-11
3.847640e+03  2.584199e-11
3.909870e+03  2.406953e-11
3.973110e+03  2.241953e-11
4.037380e+03  2.087471e-11
4.102680e+03  1.944504e-11
4.169030e+03  1.811367e-11
4.236460e+03  1.687410e-11
4.304980e+03  1.571947e-11
4.374620e+03  1.464414e-11
4.445370e+03  1.364279e-11
4.517270e+03  1.271008e-11
4.590330e+03  1.184179e-11
4.664580e+03  1.103270e-11
4.740030e+03  1.027900e-11
4.816690e+03  9.577108e-12
4.894600e+03  8.923180e-12
4.973770e+03  8.314184e-12
5.054210e+03  7.746888e-12
5.135960e+03  7.218313e-12
5.219030e+03  6.726024e-12
5.303440e+03  6.267238e-12
5.389220e+03  5.839808e-12
5.476390e+03  5.441636e-12
5.564970e+03  5.070756e-12
5.654980e+03  4.725102e-12
5.746440e+03  4.403013e-12
5.839390e+03  4.102937e-12
5.933830e+03  3.823420e-12
6.029810e+03  3.562887e-12
6.127330e+03  3.320107e-12
6.226440e+03  3.093953e-12
6.327150e+03  2.883087e-12
6.429480e+03  2.686680e-12
6.533480e+03  2.503740e-12
6.639150e+03  2.333124e-12
6.746540e+03  2.174112e-12
6.855650e+03  2.026016e-12
6.966540e+03  1.887969e-12
7.079220e+03  1.759310e-12
7.193720e+03  1.639409e-12
7.310070e+03  1.527675e-12
7.428310e+03  1.423547e-12
7.548450e+03  1.326503e-12
7.670540e+03  1.236060e-12
7.794610e+03  1.151761e-12
7.920680e+03  1.073202e-12
8.048790e+03  9.999951e-13
8.178980e+03  9.317608e-13
8.311260e+03  8.681764e-13
8.445690e+03  8.089056e-13
8.582290e+03  7.536756e-13
8.721110e+03  7.022060e-13
8.862160e+03  6.542316e-13
9.005500e+03  6.095299e-13
9.151160e+03  5.678521e-13
9.299170e+03  5.290311e-13
9.449580e+03  4.928371e-13
9.602420e+03  4.591159e-13
9.757730e+03  4.276960e-13
9.915550e+03  3.984121e-13
1.007590e+04  3.711537e-13
1.023890e+04  3.457481e-13
1.040450e+04  3.220746e-13
1.057280e+04  3.000119e-13
1.074380e+04  2.794547e-13
1.091760e+04  2.602959e-13
1.109420e+04  2.424443e-13
1.127360e+04  2.258117e-13
1.145590e+04  2.103143e-13
1.164120e+04  1.958717e-13
1.182950e+04  1.824150e-13
1.202080e+04  1.698789e-13
1.221530e+04  1.581953e-13
1.241280e+04  1.473143e-13
1.261360e+04  1.371741e-13
1.281760e+04  1.277287e-13
1.302500e+04  1.189276e-13
1.323560e+04  1.107314e-13
1.344970e+04  1.030949e-13
1.366720e+04  9.598242e-14
1.388830e+04  8.935640e-14
1.411290e+04  8.318559e-14
1.434120e+04  7.743744e-14
1.457310e+04  7.208485e-14
1.480890e+04  6.709861e-14
1.504840e+04  6.245584e-14
1.529180e+04  5.813221e-14
1.553910e+04  5.410635e-14
1.579040e+04  5.035747e-14
1.604580e+04  4.686661e-14
1.630540e+04  4.361606e-14
1.656910e+04  4.059024e-14
1.683710e+04  3.777318e-14
1.710940e+04  3.515089e-14
1.738610e+04  3.270962e-14
1.766740e+04  3.043693e-14
1.795310e+04  2.832199e-14
1.824350e+04  2.635314e-14
1.853860e+04  2.452095e-14
1.883840e+04  2.281586e-14
1.914310e+04  2.122921e-14
1.945270e+04  1.975275e-14
1.976740e+04  1.837865e-14
2.008710e+04  1.711141e-14
2.041200e+04  1.592193e-14
2.074210e+04  1.481567e-14
2.107760e+04  1.378681e-14
2.141850e+04  1.282994e-14
2.176500e+04  1.193976e-14
2.211700e+04  1.111191e-14
2.247470e+04  1.034185e-14
2.283820e+04  9.625468e-15
2.320760e+04  8.959026e-15
2.358300e+04  8.338997e-15
2.396440e+04  7.762202e-15
2.435200e+04  7.225518e-15
2.474590e+04  6.726165e-15
2.514620e+04  6.261498e-15
2.555290e+04  5.829164e-15
2.596620e+04  5.426835e-15
2.638610e+04  5.052463e-15
2.681290e+04  4.704022e-15
2.724660e+04  4.379741e-15
2.768730e+04  4.077942e-15
2.813510e+04  3.797041e-15
2.859020e+04  3.535587e-15
2.905260e+04  3.292230e-15
2.952250e+04  3.065697e-15
3.000000e+04  2.854829e-15
-1  -1
