  -1
3.025550e+01  6.658303e-02
3.074490e+01  6.390452e-02
3.124210e+01  6.130971e-02
3.174750e+01  5.879912e-02
3.226090e+01  5.637529e-02
3.278270e+01  5.403702e-02
3.331300e+01  5.178676e-02
3.385180e+01  4.955875e-02
3.439930e+01  4.733340e-02
3.495570e+01  4.519725e-02
3.552110e+01  4.314941e-02
3.609560e+01  4.118803e-02
3.667940e+01  3.931045e-02
3.727270e+01  3.751402e-02
3.787550e+01  3.579624e-02
3.848820e+01  3.415392e-02
3.911070e+01  3.258453e-02
3.974320e+01  3.108546e-02
4.038610e+01  2.965340e-02
4.103930e+01  2.828622e-02
4.170310e+01  2.695951e-02
4.237760e+01  2.567006e-02
4.306300e+01  2.444062e-02
4.375950e+01  2.326915e-02
4.446730e+01  2.215306e-02
4.518650e+01  2.108996e-02
4.591740e+01  2.007744e-02
4.666000e+01  1.911320e-02
4.741470e+01  1.819494e-02
4.818160e+01  1.732067e-02
4.896090e+01  1.648821e-02
4.975280e+01  1.569563e-02
5.055760e+01  1.494595e-02
5.137530e+01  1.423852e-02
5.220620e+01  1.356477e-02
5.305060e+01  1.292288e-02
5.390870e+01  1.231149e-02
5.478060e+01  1.172910e-02
5.566670e+01  1.117422e-02
5.656700e+01  1.064586e-02
5.748200e+01  1.014247e-02
5.841170e+01  9.663011e-03
5.935640e+01  9.206446e-03
6.031650e+01  8.771520e-03
6.129210e+01  8.357785e-03
6.228340e+01  7.873939e-03
6.329080e+01  7.415904e-03
6.431450e+01  6.984414e-03
6.535470e+01  6.577992e-03
6.641180e+01  6.195140e-03
6.748590e+01  5.834596e-03
6.857750e+01  5.494850e-03
6.968670e+01  5.214656e-03
7.081380e+01  4.952401e-03
7.195910e+01  4.703442e-03
7.312300e+01  4.467077e-03
7.430570e+01  4.242654e-03
7.550760e+01  4.029556e-03
7.672890e+01  3.827215e-03
7.796990e+01  3.635080e-03
7.923100e+01  3.452641e-03
8.051250e+01  3.279388e-03
8.181470e+01  3.114874e-03
8.313800e+01  2.958646e-03
8.448270e+01  2.810300e-03
8.584910e+01  2.663069e-03
8.723770e+01  2.514522e-03
8.864870e+01  2.374271e-03
9.008250e+01  2.241851e-03
9.153950e+01  2.116832e-03
9.302010e+01  1.998794e-03
9.452460e+01  1.887352e-03
9.605350e+01  1.782115e-03
9.760710e+01  1.699952e-03
9.918580e+01  1.624940e-03
1.007900e+02  1.533039e-03
1.024200e+02  1.441603e-03
1.040770e+02  1.357388e-03
1.057600e+02  1.278117e-03
1.074710e+02  1.203466e-03
1.092090e+02  1.133197e-03
1.109750e+02  1.067040e-03
1.127700e+02  1.004741e-03
1.145940e+02  9.460865e-04
1.164480e+02  8.908567e-04
1.183310e+02  8.388689e-04
1.202450e+02  7.899110e-04
1.221900e+02  7.438144e-04
1.241660e+02  7.004198e-04
1.261750e+02  6.595468e-04
1.282150e+02  6.195153e-04
1.302890e+02  5.818120e-04
1.323970e+02  5.464006e-04
1.345380e+02  5.131552e-04
1.367140e+02  4.819328e-04
1.389250e+02  4.526130e-04
1.411720e+02  4.250782e-04
1.434560e+02  3.992158e-04
1.457760e+02  3.739297e-04
1.481340e+02  3.502244e-04
1.505300e+02  3.280238e-04
1.529640e+02  3.072348e-04
1.554390e+02  2.877579e-04
1.579530e+02  2.695212e-04
1.605070e+02  2.524430e-04
1.631030e+02  2.365311e-04
1.657420e+02  2.225744e-04
1.684220e+02  2.094462e-04
1.711460e+02  1.970927e-04
1.739150e+02  1.854654e-04
1.767270e+02  1.745282e-04
1.795860e+02  1.642338e-04
1.824910e+02  1.545255e-04
1.854420e+02  1.450923e-04
1.884420e+02  1.362342e-04
1.914890e+02  1.279184e-04
1.945870e+02  1.201086e-04
1.977340e+02  1.127775e-04
2.009320e+02  1.058940e-04
2.041820e+02  9.943041e-05
2.074850e+02  9.336100e-05
2.108400e+02  8.766368e-05
2.142510e+02  8.231284e-05
2.177160e+02  7.728981e-05
2.212370e+02  7.257281e-05
2.248160e+02  6.814309e-05
2.284520e+02  6.398380e-05
2.321470e+02  6.007778e-05
2.359020e+02  5.641084e-05
2.397170e+02  5.296778e-05
2.435950e+02  4.973472e-05
2.475350e+02  4.669905e-05
2.515380e+02  4.384921e-05
2.556070e+02  4.117288e-05
2.597410e+02  3.865983e-05
2.639420e+02  3.615468e-05
2.682110e+02  3.317788e-05
2.725490e+02  3.098837e-05
2.769570e+02  2.904540e-05
2.814370e+02  2.720901e-05
2.859890e+02  2.548376e-05
2.906150e+02  2.386723e-05
2.953150e+02  2.235362e-05
3.000920e+02  2.093553e-05
3.049450e+02  1.960772e-05
3.098780e+02  1.836420e-05
3.148900e+02  1.719933e-05
3.199830e+02  1.610830e-05
3.251580e+02  1.508654e-05
3.304180e+02  1.412978e-05
3.357620e+02  1.323374e-05
3.411920e+02  1.239442e-05
3.467110e+02  1.160824e-05
3.523190e+02  1.087201e-05
3.580170e+02  1.018274e-05
3.638080e+02  9.536825e-06
3.696920e+02  8.931891e-06
3.756720e+02  8.365339e-06
3.817480e+02  7.834867e-06
3.879220e+02  7.336092e-06
3.941970e+02  6.864888e-06
4.005730e+02  6.421729e-06
4.070520e+02  6.006422e-06
4.136350e+02  5.618343e-06
4.203260e+02  5.255160e-06
4.271240e+02  4.915442e-06
4.340320e+02  4.597671e-06
4.410520e+02  4.300457e-06
4.481860e+02  4.022532e-06
4.554350e+02  3.762877e-06
4.628020e+02  3.520225e-06
4.702870e+02  3.293346e-06
4.778940e+02  3.081057e-06
4.856230e+02  2.882462e-06
4.934780e+02  2.696666e-06
5.014590e+02  2.522886e-06
5.095700e+02  2.360281e-06
5.178120e+02  2.208220e-06
5.261870e+02  2.066194e-06
5.346980e+02  1.933696e-06
5.433460e+02  1.809897e-06
5.521340e+02  1.694040e-06
5.610650e+02  1.583442e-06
5.701390e+02  1.479310e-06
5.793610e+02  1.383279e-06
5.887320e+02  1.293840e-06
5.982540e+02  1.210400e-06
6.079300e+02  1.132372e-06
6.177630e+02  1.059371e-06
6.277550e+02  9.909636e-07
6.379080e+02  9.258787e-07
6.482260e+02  8.635713e-07
6.587110e+02  8.045330e-07
6.693650e+02  7.495393e-07
6.801910e+02  7.007139e-07
6.911930e+02  6.568357e-07
7.023720e+02  6.162019e-07
7.137330e+02  5.770256e-07
7.252770e+02  5.396626e-07
7.370080e+02  5.047082e-07
7.489280e+02  4.720248e-07
7.610420e+02  4.414562e-07
7.733510e+02  4.128029e-07
7.858590e+02  3.858853e-07
7.985700e+02  3.606252e-07
8.114860e+02  3.370234e-07
8.246110e+02  3.149562e-07
8.379490e+02  2.943237e-07
8.515020e+02  2.751836e-07
8.652740e+02  2.574178e-07
8.792690e+02  2.409079e-07
8.934910e+02  2.254587e-07
9.079430e+02  2.109993e-07
9.226280e+02  1.974675e-07
9.375510e+02  1.848378e-07
9.527150e+02  1.730244e-07
9.681240e+02  1.619719e-07
9.837830e+02  1.516257e-07
9.996950e+02  1.419187e-07
1.015860e+03  1.328126e-07
1.032290e+03  1.241034e-07
1.048990e+03  1.159914e-07
1.065960e+03  1.084387e-07
1.083200e+03  1.013776e-07
1.100720e+03  9.477625e-08
1.118520e+03  8.860543e-08
1.136610e+03  8.283648e-08
1.155000e+03  7.744216e-08
1.173680e+03  7.240008e-08
1.192660e+03  6.768560e-08
1.211950e+03  6.327855e-08
1.231550e+03  5.915964e-08
1.251470e+03  5.532686e-08
1.271720e+03  5.176200e-08
1.292290e+03  4.845126e-08
1.313190e+03  4.535177e-08
1.334430e+03  4.245077e-08
1.356010e+03  3.973615e-08
1.377940e+03  3.719472e-08
1.400230e+03  3.481522e-08
1.422880e+03  3.258783e-08
1.445890e+03  3.050325e-08
1.469280e+03  2.854389e-08
1.493040e+03  2.669953e-08
1.517190e+03  2.492671e-08
1.541730e+03  2.326557e-08
1.566670e+03  2.171534e-08
1.592010e+03  2.026808e-08
1.617760e+03  1.891766e-08
1.643920e+03  1.765802e-08
1.670510e+03  1.648087e-08
1.697530e+03  1.538243e-08
1.724990e+03  1.435755e-08
1.752890e+03  1.339285e-08
1.781240e+03  1.249032e-08
1.810050e+03  1.164665e-08
1.839320e+03  1.086003e-08
1.869070e+03  1.012640e-08
1.899300e+03  9.442327e-09
1.930020e+03  8.804530e-09
1.961240e+03  8.209813e-09
1.992960e+03  7.655198e-09
2.025200e+03  7.141321e-09
2.057950e+03  6.655931e-09
2.091240e+03  6.202809e-09
2.125060e+03  5.780011e-09
2.159430e+03  5.385541e-09
2.194360e+03  5.017504e-09
2.229850e+03  4.674149e-09
2.265920e+03  4.353925e-09
2.302570e+03  4.055279e-09
2.339810e+03  3.776743e-09
2.377660e+03  3.516992e-09
2.416110e+03  3.274871e-09
2.455190e+03  3.049203e-09
2.494900e+03  2.838810e-09
2.535260e+03  2.642625e-09
2.576260e+03  2.459923e-09
2.617930e+03  2.289594e-09
2.660270e+03  2.130960e-09
2.703300e+03  1.983168e-09
2.747030e+03  1.845414e-09
2.791460e+03  1.717182e-09
2.836610e+03  1.597775e-09
2.882490e+03  1.486552e-09
2.929110e+03  1.383025e-09
2.976480e+03  1.286668e-09
3.024630e+03  1.196910e-09
3.073550e+03  1.113464e-09
3.123260e+03  1.035722e-09
3.173780e+03  9.633890e-10
3.225110e+03  8.961361e-10
3.277270e+03  8.335911e-10
3.330280e+03  7.753617e-10
3.384150e+03  7.212219e-10
3.438880e+03  6.708886e-10
3.494500e+03  6.240827e-10
3.551020e+03  5.805735e-10
3.608460e+03  5.401230e-10
3.666820e+03  5.025283e-10
3.726130e+03  4.675899e-10
3.786400e+03  4.351231e-10
3.847640e+03  4.049597e-10
3.909870e+03  3.769365e-10
3.973110e+03  3.509007e-10
4.037380e+03  3.267736e-10
4.102680e+03  3.042716e-10
4.169030e+03  2.833273e-10
4.236460e+03  2.638401e-10
4.304980e+03  2.457026e-10
4.374620e+03  2.288180e-10
4.445370e+03  2.131074e-10
4.517270e+03  1.984791e-10
4.590330e+03  1.848664e-10
4.664580e+03  1.721928e-10
4.740030e+03  1.603934e-10
4.816690e+03  1.494114e-10
4.894600e+03  1.391823e-10
4.973770e+03  1.296600e-10
5.054210e+03  1.207950e-10
5.135960e+03  1.125397e-10
5.219030e+03  1.048545e-10
5.303440e+03  9.769551e-11
5.389220e+03  9.102865e-11
5.476390e+03  8.482039e-11
5.564970e+03  7.903801e-11
5.654980e+03  7.365071e-11
5.746440e+03  6.863436e-11
5.839390e+03  6.396024e-11
5.933830e+03  5.960877e-11
6.029810e+03  5.555032e-11
6.127330e+03  5.177593e-11
6.226440e+03  4.825712e-11
6.327150e+03  4.497681e-11
6.429480e+03  4.192272e-11
6.533480e+03  3.907625e-11
6.639150e+03  3.642337e-11
6.746540e+03  3.395162e-11
6.855650e+03  3.164882e-11
6.966540e+03  2.950311e-11
7.079220e+03  2.750320e-11
7.193720e+03  2.563952e-11
7.310070e+03  2.390261e-11
7.428310e+03  2.228373e-11
7.548450e+03  2.077513e-11
7.670540e+03  1.936901e-11
7.794610e+03  1.805838e-11
7.920680e+03  1.683653e-11
8.048790e+03  1.569787e-11
8.178980e+03  1.463622e-11
8.311260e+03  1.364686e-11
8.445690e+03  1.272424e-11
8.582290e+03  1.186444e-11
8.721110e+03  1.106263e-11
8.862160e+03  1.031533e-11
9.005500e+03  9.618687e-12
9.151160e+03  8.968903e-12
9.299170e+03  8.363338e-12
9.449580e+03  7.798630e-12
9.602420e+03  7.271986e-12
9.757730e+03  6.781170e-12
9.915550e+03  6.323346e-12
1.007590e+04  5.896577e-12
1.023890e+04  5.498552e-12
1.040450e+04  5.127471e-12
1.057280e+04  4.781410e-12
1.074380e+04  4.458734e-12
1.091760e+04  4.157822e-12
1.109420e+04  3.877217e-12
1.127360e+04  3.615581e-12
1.145590e+04  3.371598e-12
1.164120e+04  3.144039e-12
1.182950e+04  2.931830e-12
1.202080e+04  2.733973e-12
1.221530e+04  2.549393e-12
1.241280e+04  2.377317e-12
1.261360e+04  2.216805e-12
1.281760e+04  2.067143e-12
1.302500e+04  1.927526e-12
1.323560e+04  1.797369e-12
1.344970e+04  1.675961e-12
1.366720e+04  1.562748e-12
1.388830e+04  1.457161e-12
1.411290e+04  1.358694e-12
1.434120e+04  1.266864e-12
1.457310e+04  1.181232e-12
1.480890e+04  1.101353e-12
1.504840e+04  1.026876e-12
1.529180e+04  9.574178e-13
1.553910e+04  8.926491e-13
1.579040e+04  8.322463e-13
1.604580e+04  7.759147e-13
1.630540e+04  7.233768e-13
1.656910e+04  6.743923e-13
1.683710e+04  6.287104e-13
1.710940e+04  5.861143e-13
1.738610e+04  5.463938e-13
1.766740e+04  5.093468e-13
1.795310e+04  4.748114e-13
1.824350e+04  4.426037e-13
1.853860e+04  4.125724e-13
1.883840e+04  3.845729e-13
1.914310e+04  3.584650e-13
1.945270e+04  3.341231e-13
1.976740e+04  3.114239e-13
2.008710e+04  2.976757e-13
2.041200e+04  2.769470e-13
2.074210e+04  2.576704e-13
2.107760e+04  2.397392e-13
2.141850e+04  2.230621e-13
2.176500e+04  2.075486e-13
2.211700e+04  1.931198e-13
2.247470e+04  1.796984e-13
2.283820e+04  1.672128e-13
2.320760e+04  1.555980e-13
2.358300e+04  1.447923e-13
2.396440e+04  1.347409e-13
2.435200e+04  1.253886e-13
2.474590e+04  1.166879e-13
2.514620e+04  1.085924e-13
2.555290e+04  1.010610e-13
2.596620e+04  9.405339e-14
2.638610e+04  8.753320e-14
2.681290e+04  8.146586e-14
2.724660e+04  7.582027e-14
2.768730e+04  7.056697e-14
2.813510e+04  6.567870e-14
2.859020e+04  6.112948e-14
2.905260e+04  5.689620e-14
2.952250e+04  5.295695e-14
3.000000e+04  4.929075e-14
-1  -1
