  -1
3.025550e+01  1.718404e-01
3.074490e+01  1.708051e-01
3.124210e+01  1.697228e-01
3.174750e+01  1.696350e-01
3.226090e+01  1.699861e-01
3.278270e+01  1.703951e-01
3.331300e+01  1.807572e-01
3.385180e+01  1.931213e-01
3.439930e+01  2.071470e-01
3.495570e+01  2.231040e-01
3.552110e+01  2.416829e-01
3.609560e+01  2.612941e-01
3.667940e+01  2.841077e-01
3.727270e+01  3.095370e-01
3.787550e+01  3.312005e-01
3.848820e+01  3.568108e-01
3.911070e+01  3.756330e-01
3.974320e+01  3.939824e-01
4.038610e+01  4.139047e-01
4.103930e+01  4.369197e-01
4.170310e+01  4.538769e-01
4.237760e+01  4.696501e-01
4.306300e+01  4.876152e-01
4.375950e+01  5.055770e-01
4.446730e+01  5.165464e-01
4.518650e+01  5.255410e-01
4.591740e+01  5.334426e-01
4.666000e+01  5.348400e-01
4.741470e+01  5.323663e-01
4.818160e+01  5.283855e-01
4.896090e+01  5.254926e-01
4.975280e+01  5.159485e-01
5.055760e+01  5.010420e-01
5.137530e+01  4.844024e-01
5.220620e+01  4.668709e-01
5.305060e+01  4.476005e-01
5.390870e+01  4.275980e-01
5.478060e+01  4.075276e-01
5.566670e+01  3.876215e-01
5.656700e+01  3.680990e-01
5.748200e+01  3.491410e-01
5.841170e+01  3.310405e-01
5.935640e+01  3.116732e-01
6.031650e+01  2.911815e-01
6.129210e+01  2.712499e-01
6.228340e+01  2.522891e-01
6.329080e+01  2.343404e-01
6.431450e+01  2.174229e-01
6.535470e+01  2.014463e-01
6.641180e+01  1.867813e-01
6.748590e+01  1.753536e-01
6.857750e+01  1.648464e-01
6.968670e+01  1.550287e-01
7.081380e+01  1.458194e-01
7.195910e+01  1.371606e-01
7.312300e+01  1.290047e-01
7.430570e+01  1.212439e-01
7.550760e+01  1.146361e-01
7.672890e+01  1.102816e-01
7.796990e+01  1.062568e-01
7.923100e+01  1.024542e-01
8.051250e+01  9.883705e-02
8.181470e+01  9.538057e-02
8.313800e+01  9.205897e-02
8.448270e+01  8.927377e-02
8.584910e+01  8.681220e-02
8.723770e+01  8.445683e-02
8.864870e+01  8.219126e-02
9.008250e+01  8.000315e-02
9.153950e+01  7.793482e-02
9.302010e+01  7.611731e-02
9.452460e+01  7.436667e-02
9.605350e+01  7.267367e-02
9.760710e+01  7.103357e-02
9.918580e+01  6.944297e-02
1.007900e+02  6.789885e-02
1.024200e+02  6.639893e-02
1.040770e+02  6.493994e-02
1.057600e+02  6.352146e-02
1.074710e+02  6.213882e-02
1.092090e+02  6.081359e-02
1.109750e+02  5.959834e-02
1.127700e+02  5.841651e-02
1.145940e+02  5.726482e-02
1.164480e+02  5.614100e-02
1.183310e+02  5.504563e-02
1.202450e+02  5.397591e-02
1.221900e+02  5.293116e-02
1.241660e+02  5.191125e-02
1.261750e+02  5.091426e-02
1.282150e+02  4.994062e-02
1.302890e+02  4.898853e-02
1.323970e+02  4.805728e-02
1.345380e+02  4.714733e-02
1.367140e+02  4.625780e-02
1.389250e+02  4.538445e-02
1.411720e+02  4.449927e-02
1.434560e+02  4.363207e-02
1.457760e+02  4.278379e-02
1.481340e+02  4.195366e-02
1.505300e+02  4.114124e-02
1.529640e+02  4.034632e-02
1.554390e+02  3.956763e-02
1.579530e+02  3.880583e-02
1.605070e+02  3.806026e-02
1.631030e+02  3.732783e-02
1.657420e+02  3.660843e-02
1.684220e+02  3.590516e-02
1.711460e+02  3.521606e-02
1.739150e+02  3.454088e-02
1.767270e+02  3.388057e-02
1.795860e+02  3.323365e-02
1.824910e+02  3.260026e-02
1.854420e+02  3.198131e-02
1.884420e+02  3.131652e-02
1.914890e+02  3.064872e-02
1.945870e+02  2.999483e-02
1.977340e+02  2.935535e-02
2.009320e+02  2.872984e-02
2.041820e+02  2.811816e-02
2.074850e+02  2.752002e-02
2.108400e+02  2.693567e-02
2.142510e+02  2.634634e-02
2.177160e+02  2.572230e-02
2.212370e+02  2.511269e-02
2.248160e+02  2.451719e-02
2.284520e+02  2.393616e-02
2.321470e+02  2.336897e-02
2.359020e+02  2.281533e-02
2.397170e+02  2.227524e-02
2.435950e+02  2.174811e-02
2.475350e+02  2.122573e-02
2.515380e+02  2.068838e-02
2.556070e+02  2.016419e-02
2.597410e+02  1.965357e-02
2.639420e+02  1.915591e-02
2.682110e+02  1.867104e-02
2.725490e+02  1.819869e-02
2.769570e+02  1.773863e-02
2.814370e+02  1.729055e-02
2.859890e+02  1.685493e-02
2.906150e+02  1.633510e-02
2.953150e+02  1.580754e-02
3.000920e+02  1.529623e-02
3.049450e+02  1.480124e-02
3.098780e+02  1.432201e-02
3.148900e+02  1.385824e-02
3.199830e+02  1.340934e-02
3.251580e+02  1.297492e-02
3.304180e+02  1.257016e-02
3.357620e+02  1.218042e-02
3.411920e+02  1.180284e-02
3.467110e+02  1.143700e-02
3.523190e+02  1.108257e-02
3.580170e+02  1.073921e-02
3.638080e+02  1.040649e-02
3.696920e+02  1.008420e-02
3.756720e+02  9.773805e-03
3.817480e+02  9.474321e-03
3.879220e+02  9.184126e-03
3.941970e+02  8.902814e-03
4.005730e+02  8.630226e-03
4.070520e+02  8.366032e-03
4.136350e+02  8.110405e-03
4.203260e+02  7.862752e-03
4.271240e+02  7.622750e-03
4.340320e+02  7.390113e-03
4.410520e+02  7.164643e-03
4.481860e+02  6.946084e-03
4.554350e+02  6.734322e-03
4.628020e+02  6.518589e-03
4.702870e+02  6.302925e-03
4.778940e+02  6.094326e-03
4.856230e+02  5.892708e-03
4.934780e+02  5.697713e-03
5.014590e+02  5.509219e-03
5.095700e+02  5.326913e-03
5.178120e+02  5.164564e-03
5.261870e+02  5.010085e-03
5.346980e+02  4.860266e-03
5.433460e+02  4.715012e-03
5.521340e+02  4.574149e-03
5.610650e+02  4.437514e-03
5.701390e+02  4.299123e-03
5.793610e+02  4.146133e-03
5.887320e+02  3.998553e-03
5.982540e+02  3.856212e-03
6.079300e+02  3.718978e-03
6.177630e+02  3.586612e-03
6.277550e+02  3.458341e-03
6.379080e+02  3.316135e-03
6.482260e+02  3.176619e-03
6.587110e+02  3.040965e-03
6.693650e+02  2.911085e-03
6.801910e+02  2.790977e-03
6.911930e+02  2.678943e-03
7.023720e+02  2.571606e-03
7.137330e+02  2.463249e-03
7.252770e+02  2.355935e-03
7.370080e+02  2.253269e-03
7.489280e+02  2.155079e-03
7.610420e+02  2.061130e-03
7.733510e+02  1.971132e-03
7.858590e+02  1.884554e-03
7.985700e+02  1.801372e-03
8.114860e+02  1.721862e-03
8.246110e+02  1.645855e-03
8.379490e+02  1.573206e-03
8.515020e+02  1.503579e-03
8.652740e+02  1.436859e-03
8.792690e+02  1.372935e-03
8.934910e+02  1.311849e-03
9.079430e+02  1.253480e-03
9.226280e+02  1.197706e-03
9.375510e+02  1.143362e-03
9.527150e+02  1.091209e-03
9.681240e+02  1.041210e-03
9.837830e+02  9.935049e-04
9.996950e+02  9.478436e-04
1.015860e+03  9.041501e-04
1.032290e+03  8.613254e-04
1.048990e+03  8.203412e-04
1.065960e+03  7.811356e-04
1.083200e+03  7.438110e-04
1.100720e+03  7.082522e-04
1.118520e+03  6.743895e-04
1.136610e+03  6.421385e-04
1.155000e+03  6.114152e-04
1.173680e+03  5.821653e-04
1.192660e+03  5.543067e-04
1.211950e+03  5.277793e-04
1.231550e+03  5.025221e-04
1.251470e+03  4.784608e-04
1.271720e+03  4.555490e-04
1.292290e+03  4.337521e-04
1.313190e+03  4.130000e-04
1.334430e+03  3.932345e-04
1.356010e+03  3.744069e-04
1.377940e+03  3.564782e-04
1.400230e+03  3.394052e-04
1.422880e+03  3.231420e-04
1.445890e+03  3.076481e-04
1.469280e+03  2.928136e-04
1.493040e+03  2.785791e-04
1.517190e+03  2.645525e-04
1.541730e+03  2.511656e-04
1.566670e+03  2.384501e-04
1.592010e+03  2.263725e-04
1.617760e+03  2.148943e-04
1.643920e+03  2.039675e-04
1.661600e+03  1.966739e-04
1.661800e+03  9.433746e-04
1.670510e+03  9.279683e-04
1.697530e+03  8.783266e-04
1.724990e+03  8.310745e-04
1.752890e+03  7.863036e-04
1.781240e+03  7.439159e-04
1.810050e+03  7.037931e-04
1.839320e+03  6.658180e-04
1.869070e+03  6.298732e-04
1.899300e+03  5.958532e-04
1.930020e+03  5.636671e-04
1.961240e+03  5.332101e-04
1.992960e+03  5.043960e-04
2.025200e+03  4.772439e-04
2.057950e+03  4.514526e-04
2.091240e+03  4.270259e-04
2.107500e+03  4.156525e-04
2.107700e+03  4.821133e-04
2.125060e+03  4.685174e-04
2.159430e+03  4.428939e-04
2.194360e+03  4.186825e-04
2.229850e+03  3.957770e-04
2.265920e+03  3.741302e-04
2.302570e+03  3.536688e-04
2.339810e+03  3.343240e-04
2.365300e+03  3.218479e-04
2.365500e+03  3.433482e-04
2.377660e+03  3.373088e-04
2.416110e+03  3.190440e-04
2.455190e+03  3.017661e-04
2.494900e+03  2.854245e-04
2.535260e+03  2.699769e-04
2.576260e+03  2.553633e-04
2.600800e+03  2.470945e-04
2.601000e+03  2.603782e-04
2.617930e+03  2.545535e-04
2.660270e+03  2.406848e-04
2.703300e+03  2.275779e-04
2.747030e+03  2.151895e-04
2.791460e+03  2.034770e-04
2.836610e+03  1.924152e-04
2.882490e+03  1.819529e-04
2.929110e+03  1.720639e-04
2.976480e+03  1.627222e-04
3.024630e+03  1.538871e-04
3.073550e+03  1.455399e-04
3.123260e+03  1.376448e-04
3.173780e+03  1.301853e-04
3.225110e+03  1.231295e-04
3.277270e+03  1.164652e-04
3.330280e+03  1.101602e-04
3.384150e+03  1.042021e-04
3.438880e+03  9.856419e-05
3.494500e+03  9.323662e-05
3.551020e+03  8.819792e-05
3.608460e+03  8.343330e-05
3.666820e+03  7.893053e-05
3.726130e+03  7.466580e-05
3.786400e+03  7.063800e-05
3.847640e+03  6.682762e-05
3.909870e+03  6.322158e-05
3.973110e+03  5.981073e-05
4.037380e+03  5.658442e-05
4.102680e+03  5.353272e-05
4.169030e+03  5.064569e-05
4.236460e+03  4.791475e-05
4.304980e+03  4.533024e-05
4.374620e+03  4.288462e-05
4.445370e+03  4.057086e-05
4.517270e+03  3.838164e-05
4.590330e+03  3.631029e-05
4.664580e+03  3.434933e-05
4.740030e+03  3.249424e-05
4.816690e+03  3.073851e-05
4.894600e+03  2.907693e-05
4.973770e+03  2.750394e-05
5.054210e+03  2.601573e-05
5.135960e+03  2.460716e-05
5.219030e+03  2.327370e-05
5.303440e+03  2.201187e-05
5.389220e+03  2.081753e-05
5.476390e+03  1.968695e-05
5.564970e+03  1.861709e-05
5.654980e+03  1.760441e-05
5.746440e+03  1.664601e-05
5.839390e+03  1.573870e-05
5.933830e+03  1.488008e-05
6.029810e+03  1.406767e-05
6.127330e+03  1.329833e-05
6.226440e+03  1.257054e-05
6.327150e+03  1.188140e-05
6.429480e+03  1.122965e-05
6.533480e+03  1.061225e-05
6.639150e+03  1.002828e-05
6.746540e+03  9.475765e-06
6.855650e+03  8.952714e-06
6.966540e+03  8.457782e-06
7.079220e+03  7.989592e-06
7.193720e+03  7.546268e-06
7.310070e+03  7.126935e-06
7.428310e+03  6.730206e-06
7.548450e+03  6.354918e-06
7.670540e+03  5.999790e-06
7.794610e+03  5.663857e-06
7.920680e+03  5.345963e-06
8.048790e+03  5.044994e-06
8.178980e+03  4.760675e-06
8.311260e+03  4.491515e-06
8.445690e+03  4.237081e-06
8.582290e+03  3.996336e-06
8.721110e+03  3.768622e-06
8.862160e+03  3.553455e-06
9.005500e+03  3.349901e-06
9.151160e+03  3.157470e-06
9.299170e+03  2.975396e-06
9.449580e+03  2.803303e-06
9.560600e+03  2.684285e-06
9.560800e+03  7.321975e-06
9.602420e+03  7.201312e-06
9.757730e+03  6.772353e-06
9.915550e+03  6.368835e-06
1.007590e+04  5.989422e-06
1.023890e+04  5.632547e-06
1.040450e+04  5.296975e-06
1.057280e+04  4.981363e-06
1.073930e+04  4.692066e-06
1.073950e+04  6.564151e-06
1.074380e+04  6.554145e-06
1.091760e+04  6.163648e-06
1.109420e+04  5.796406e-06
1.127060e+04  5.456658e-06
1.127080e+04  6.309004e-06
1.127360e+04  6.303491e-06
1.145590e+04  5.957352e-06
1.164120e+04  5.629469e-06
1.182950e+04  5.318918e-06
1.202080e+04  5.024977e-06
1.221530e+04  4.746662e-06
1.241280e+04  4.483354e-06
1.261360e+04  4.234126e-06
1.281760e+04  3.998386e-06
1.302500e+04  3.775334e-06
1.323560e+04  3.564449e-06
1.344970e+04  3.364990e-06
1.366720e+04  3.176431e-06
1.388830e+04  2.998138e-06
1.411290e+04  2.829641e-06
1.434120e+04  2.670371e-06
1.457310e+04  2.519894e-06
1.480890e+04  2.377669e-06
1.504840e+04  2.243336e-06
1.529180e+04  2.116433e-06
1.553910e+04  1.996582e-06
1.579040e+04  1.883387e-06
1.604580e+04  1.776486e-06
1.630540e+04  1.675533e-06
1.656910e+04  1.580239e-06
1.683710e+04  1.490270e-06
1.710940e+04  1.405350e-06
1.738610e+04  1.325195e-06
1.766740e+04  1.249526e-06
1.795310e+04  1.178139e-06
1.824350e+04  1.110763e-06
1.853860e+04  1.047190e-06
1.883840e+04  9.872167e-07
1.914310e+04  9.306322e-07
1.945270e+04  8.772549e-07
1.976740e+04  8.268961e-07
2.008710e+04  7.794030e-07
2.041200e+04  7.346059e-07
2.074210e+04  6.923626e-07
2.107760e+04  6.525192e-07
2.141850e+04  6.149488e-07
2.176500e+04  5.795169e-07
2.211700e+04  5.461137e-07
2.247470e+04  5.146196e-07
2.283820e+04  4.849255e-07
2.320760e+04  4.569308e-07
2.358300e+04  4.305382e-07
2.396440e+04  4.056613e-07
2.435200e+04  3.822103e-07
2.474590e+04  3.601050e-07
2.514620e+04  3.392685e-07
2.555290e+04  3.196328e-07
2.596620e+04  3.011252e-07
2.638610e+04  2.836849e-07
2.681290e+04  2.672459e-07
2.724660e+04  2.517551e-07
2.768730e+04  2.371573e-07
2.813510e+04  2.234015e-07
2.859020e+04  2.104392e-07
2.905260e+04  1.982256e-07
2.952250e+04  1.867175e-07
3.000000e+04  1.758740e-07
-1  -1
