  -1
3.025550e+01  1.010319e-01
3.074490e+01  9.075624e-02
3.124210e+01  8.175157e-02
3.174750e+01  7.386868e-02
3.226090e+01  6.680979e-02
3.278270e+01  6.047607e-02
3.331300e+01  5.478569e-02
3.385180e+01  4.966779e-02
3.439930e+01  4.505905e-02
3.495570e+01  4.087481e-02
3.552110e+01  3.703096e-02
3.609560e+01  3.356535e-02
3.667940e+01  3.043738e-02
3.727270e+01  2.760949e-02
3.787550e+01  2.540740e-02
3.848820e+01  2.357577e-02
3.911070e+01  2.188826e-02
3.974320e+01  2.032810e-02
4.038610e+01  1.888062e-02
4.103930e+01  1.809320e-02
4.170310e+01  1.739749e-02
4.237760e+01  1.673208e-02
4.306300e+01  1.620042e-02
4.375950e+01  1.596588e-02
4.446730e+01  1.573119e-02
4.518650e+01  1.555309e-02
4.591740e+01  1.605934e-02
4.666000e+01  2.056226e-02
4.741470e+01  2.980186e-02
4.818160e+01  4.337616e-02
4.896090e+01  6.374981e-02
4.975280e+01  9.709112e-02
5.055760e+01  6.820207e-02
5.137530e+01  3.847630e-02
5.220620e+01  2.128490e-02
5.305060e+01  1.647650e-02
5.390870e+01  1.589701e-02
5.478060e+01  1.600353e-02
5.566670e+01  2.055295e-02
5.656700e+01  2.659567e-02
5.748200e+01  2.481509e-02
5.841170e+01  2.150440e-02
5.935640e+01  2.002779e-02
6.031650e+01  2.264642e-02
6.129210e+01  2.566042e-02
6.228340e+01  2.910050e-02
6.329080e+01  3.302556e-02
6.431450e+01  3.751599e-02
6.535470e+01  4.216877e-02
6.641180e+01  4.696823e-02
6.748590e+01  5.234738e-02
6.857750e+01  5.841115e-02
6.968670e+01  6.530611e-02
7.081380e+01  7.152645e-02
7.195910e+01  7.560201e-02
7.312300e+01  7.987932e-02
7.430570e+01  8.443694e-02
7.550760e+01  8.886906e-02
7.672890e+01  9.296585e-02
7.796990e+01  9.729674e-02
7.923100e+01  1.019313e-01
8.051250e+01  1.070348e-01
8.181470e+01  1.093619e-01
8.313800e+01  1.114642e-01
8.448270e+01  1.135685e-01
8.584910e+01  1.157775e-01
8.723770e+01  1.172031e-01
8.864870e+01  1.181468e-01
9.008250e+01  1.191017e-01
9.153950e+01  1.201986e-01
9.302010e+01  1.193540e-01
9.452460e+01  1.182872e-01
9.605350e+01  1.172719e-01
9.760710e+01  1.146189e-01
9.918580e+01  1.117296e-01
1.007900e+02  1.089515e-01
1.024200e+02  1.039713e-01
1.040770e+02  9.904188e-02
1.057600e+02  9.426000e-02
1.074710e+02  8.968783e-02
1.092090e+02  8.543313e-02
1.109750e+02  7.830388e-02
1.127700e+02  7.044321e-02
1.145940e+02  6.324948e-02
1.164480e+02  5.672685e-02
1.183310e+02  5.084017e-02
1.202450e+02  4.554129e-02
1.221900e+02  4.078127e-02
1.241660e+02  3.651151e-02
1.261750e+02  3.268421e-02
1.282150e+02  2.925861e-02
1.302890e+02  2.610867e-02
1.323970e+02  2.303811e-02
1.345380e+02  2.032610e-02
1.367140e+02  1.793280e-02
1.389250e+02  1.582197e-02
1.411720e+02  1.396066e-02
1.434560e+02  1.231931e-02
1.457760e+02  1.087237e-02
1.481340e+02  9.596498e-03
1.505300e+02  8.471588e-03
1.529640e+02  7.480308e-03
1.554390e+02  6.358983e-03
1.579530e+02  5.361120e-03
1.605070e+02  4.518236e-03
1.631030e+02  3.806175e-03
1.657420e+02  3.333887e-03
1.684220e+02  3.053451e-03
1.711460e+02  2.850136e-03
1.739150e+02  2.689121e-03
1.767270e+02  2.556688e-03
1.795860e+02  2.475768e-03
1.824910e+02  2.397683e-03
1.854420e+02  2.362339e-03
1.884420e+02  2.338198e-03
1.914890e+02  2.345600e-03
1.945870e+02  2.365678e-03
1.977340e+02  2.386159e-03
2.009320e+02  2.407175e-03
2.041820e+02  2.428866e-03
2.074850e+02  2.450885e-03
2.108400e+02  2.473283e-03
2.142510e+02  2.495970e-03
2.177160e+02  2.519017e-03
2.212370e+02  2.542399e-03
2.248160e+02  2.566088e-03
2.284520e+02  2.585541e-03
2.321470e+02  2.597338e-03
2.359020e+02  2.609256e-03
2.397170e+02  2.621334e-03
2.435950e+02  2.633519e-03
2.475350e+02  2.645856e-03
2.515380e+02  2.658357e-03
2.556070e+02  2.670995e-03
2.597410e+02  2.662841e-03
2.639420e+02  2.647190e-03
2.682110e+02  2.631660e-03
2.725490e+02  2.616277e-03
2.769570e+02  2.601029e-03
2.814370e+02  2.585917e-03
2.859890e+02  2.570989e-03
2.906150e+02  2.529754e-03
2.953150e+02  2.488552e-03
3.000920e+02  2.448039e-03
3.049450e+02  2.397252e-03
3.098780e+02  2.339869e-03
3.148900e+02  2.283868e-03
3.199830e+02  2.229221e-03
3.251580e+02  2.175903e-03
3.304180e+02  2.123861e-03
3.357620e+02  2.073095e-03
3.411920e+02  2.020986e-03
3.467110e+02  1.955269e-03
3.523190e+02  1.891688e-03
3.580170e+02  1.830182e-03
3.638080e+02  1.770671e-03
3.696920e+02  1.713109e-03
3.756720e+02  1.657417e-03
3.817480e+02  1.603549e-03
3.879220e+02  1.551440e-03
3.941970e+02  1.501024e-03
4.005730e+02  1.451834e-03
4.070520e+02  1.397523e-03
4.136350e+02  1.345250e-03
4.203260e+02  1.294923e-03
4.271240e+02  1.246490e-03
4.340320e+02  1.199870e-03
4.410520e+02  1.154994e-03
4.481860e+02  1.111798e-03
4.554350e+02  1.070220e-03
4.628020e+02  1.030199e-03
4.702870e+02  9.892902e-04
4.778940e+02  9.479728e-04
4.856230e+02  9.083844e-04
4.934780e+02  8.704426e-04
5.014590e+02  8.340891e-04
5.095700e+02  7.992504e-04
5.178120e+02  7.658089e-04
5.261870e+02  7.337319e-04
5.346980e+02  7.029931e-04
5.433460e+02  6.735379e-04
5.521340e+02  6.453075e-04
5.610650e+02  6.182480e-04
5.701390e+02  5.923098e-04
5.793610e+02  5.688590e-04
5.887320e+02  5.467260e-04
5.982540e+02  5.254095e-04
6.079300e+02  5.047795e-04
6.177630e+02  4.842432e-04
6.199000e+02  4.780928e-04
6.201000e+02  3.419716e-03
6.277550e+02  3.285986e-03
6.379080e+02  3.097227e-03
6.482260e+02  2.917550e-03
6.587110e+02  2.747643e-03
6.693650e+02  2.587218e-03
6.801910e+02  2.442648e-03
6.911930e+02  2.311079e-03
7.023720e+02  2.188561e-03
7.137330e+02  2.072741e-03
7.252770e+02  1.963187e-03
7.370080e+02  1.859266e-03
7.489280e+02  1.760893e-03
7.610420e+02  1.667809e-03
7.733510e+02  1.580352e-03
7.858590e+02  1.500039e-03
7.985700e+02  1.425829e-03
8.114860e+02  1.355361e-03
8.246110e+02  1.288313e-03
8.379490e+02  1.224514e-03
8.515020e+02  1.180529e-03
8.652740e+02  1.156188e-03
8.792690e+02  1.148492e-03
8.934910e+02  1.140915e-03
9.079430e+02  1.133423e-03
9.226280e+02  1.126042e-03
9.375510e+02  1.085092e-03
9.527150e+02  1.037540e-03
9.681240e+02  9.853530e-04
9.837830e+02  9.357416e-04
9.996950e+02  8.888331e-04
1.015860e+03  8.444899e-04
1.032290e+03  8.041041e-04
1.048990e+03  7.662134e-04
1.065960e+03  7.306885e-04
1.083200e+03  6.968233e-04
1.100720e+03  6.645274e-04
1.118520e+03  6.337281e-04
1.136610e+03  6.043545e-04
1.155000e+03  5.763330e-04
1.173680e+03  5.496156e-04
1.192660e+03  5.241452e-04
1.211950e+03  4.998500e-04
1.231550e+03  4.766842e-04
1.251470e+03  4.539638e-04
1.271720e+03  4.316692e-04
1.292290e+03  4.097067e-04
1.313190e+03  3.888658e-04
1.334430e+03  3.690825e-04
1.356010e+03  3.503074e-04
1.377940e+03  3.324826e-04
1.400230e+03  3.155659e-04
1.422880e+03  2.995112e-04
1.445890e+03  2.842748e-04
1.469280e+03  2.697862e-04
1.493040e+03  2.560037e-04
1.517190e+03  2.427874e-04
1.541730e+03  2.302354e-04
1.566670e+03  2.183309e-04
1.592010e+03  2.070417e-04
1.617760e+03  1.963370e-04
1.643920e+03  1.861896e-04
1.670510e+03  1.765614e-04
1.697530e+03  1.674320e-04
1.724990e+03  1.587757e-04
1.752890e+03  1.505116e-04
1.781240e+03  1.426614e-04
1.810050e+03  1.352091e-04
1.839320e+03  1.281435e-04
1.869070e+03  1.214459e-04
1.899300e+03  1.151002e-04
1.930020e+03  1.090853e-04
1.961240e+03  1.033858e-04
1.992960e+03  9.798596e-05
2.025200e+03  9.289914e-05
2.057950e+03  8.802024e-05
2.091240e+03  8.339004e-05
2.125060e+03  7.899884e-05
2.159430e+03  7.483561e-05
2.194360e+03  7.088652e-05
2.229850e+03  6.713921e-05
2.265920e+03  6.358780e-05
2.302570e+03  6.022059e-05
2.339810e+03  5.702677e-05
2.377660e+03  5.399869e-05
2.416110e+03  5.112725e-05
2.455190e+03  4.840615e-05
2.494900e+03  4.582518e-05
2.535260e+03  4.337936e-05
2.576260e+03  4.106024e-05
2.617930e+03  3.886189e-05
2.660270e+03  3.677805e-05
2.703300e+03  3.480489e-05
2.747030e+03  3.293320e-05
2.791460e+03  3.115971e-05
2.836610e+03  2.947906e-05
2.882490e+03  2.788609e-05
2.929110e+03  2.637688e-05
2.976480e+03  2.494681e-05
3.024630e+03  2.359194e-05
3.073550e+03  2.230830e-05
3.123260e+03  2.109202e-05
3.173780e+03  1.994000e-05
3.225110e+03  1.884876e-05
3.277270e+03  1.781507e-05
3.330280e+03  1.683593e-05
3.384150e+03  1.590863e-05
3.438880e+03  1.503050e-05
3.494500e+03  1.419888e-05
3.551020e+03  1.341148e-05
3.608460e+03  1.266574e-05
3.666820e+03  1.195976e-05
3.726130e+03  1.129152e-05
3.786400e+03  1.065867e-05
3.847640e+03  1.005972e-05
3.909870e+03  9.492982e-06
3.973110e+03  8.956448e-06
4.037380e+03  8.448662e-06
4.102680e+03  7.968217e-06
4.169030e+03  7.513594e-06
4.236460e+03  7.083437e-06
4.304980e+03  6.676667e-06
4.374620e+03  6.291625e-06
4.445370e+03  5.927454e-06
4.517270e+03  5.583159e-06
4.557000e+03  5.403614e-06
4.557200e+03  1.692324e-05
4.590330e+03  1.648560e-05
4.664580e+03  1.555518e-05
4.740030e+03  1.467722e-05
4.816690e+03  1.384896e-05
4.852000e+03  1.348736e-05
4.852200e+03  1.839872e-05
4.894600e+03  1.782478e-05
4.973770e+03  1.681221e-05
5.054210e+03  1.585748e-05
5.135960e+03  1.495673e-05
5.188000e+03  1.441715e-05
5.188200e+03  1.673368e-05
5.219030e+03  1.638955e-05
5.303440e+03  1.549245e-05
5.389220e+03  1.464218e-05
5.476390e+03  1.383703e-05
5.564970e+03  1.307448e-05
5.654980e+03  1.235226e-05
5.746440e+03  1.166861e-05
5.839390e+03  1.102144e-05
5.933830e+03  1.040907e-05
6.029810e+03  9.829656e-06
6.127330e+03  9.281398e-06
6.226440e+03  8.762839e-06
6.327150e+03  8.272459e-06
6.429480e+03  7.808784e-06
6.533480e+03  7.370395e-06
6.639150e+03  6.955990e-06
6.746540e+03  6.564314e-06
6.855650e+03  6.194218e-06
6.966540e+03  5.844449e-06
7.079220e+03  5.513947e-06
7.193720e+03  5.201831e-06
7.310070e+03  4.906926e-06
7.428310e+03  4.628438e-06
7.548450e+03  4.365537e-06
7.670540e+03  4.117243e-06
7.794610e+03  3.882801e-06
7.920680e+03  3.661504e-06
8.048790e+03  3.452512e-06
8.178980e+03  3.255271e-06
8.311260e+03  3.069248e-06
8.445690e+03  2.893646e-06
8.582290e+03  2.727834e-06
8.721110e+03  2.571486e-06
8.862160e+03  2.423998e-06
9.005500e+03  2.284839e-06
9.151160e+03  2.153458e-06
9.299170e+03  2.029669e-06
9.449580e+03  1.912860e-06
9.602420e+03  1.802711e-06
9.757730e+03  1.698808e-06
9.915550e+03  1.600816e-06
1.007590e+04  1.508453e-06
1.023890e+04  1.421352e-06
1.040450e+04  1.339241e-06
1.057280e+04  1.261820e-06
1.074380e+04  1.188841e-06
1.091760e+04  1.120040e-06
1.109420e+04  1.055187e-06
1.127360e+04  9.940705e-07
1.145590e+04  9.364642e-07
1.164120e+04  8.821633e-07
1.182950e+04  8.309871e-07
1.202080e+04  7.827656e-07
1.221530e+04  7.373080e-07
1.241280e+04  6.944916e-07
1.261360e+04  6.541316e-07
1.281760e+04  6.161081e-07
1.302500e+04  5.802716e-07
1.323560e+04  5.465209e-07
1.344970e+04  5.147152e-07
1.366720e+04  4.847543e-07
1.388830e+04  4.565215e-07
1.411290e+04  4.299301e-07
1.434120e+04  4.048758e-07
1.457310e+04  3.812780e-07
1.480890e+04  3.590418e-07
1.504840e+04  3.381015e-07
1.529180e+04  3.183772e-07
1.553910e+04  2.997979e-07
1.579040e+04  2.822984e-07
1.604580e+04  2.658157e-07
1.630540e+04  2.502881e-07
1.656910e+04  2.356671e-07
1.683710e+04  2.218943e-07
1.710940e+04  2.089258e-07
1.738610e+04  1.967109e-07
1.766740e+04  1.852054e-07
1.795310e+04  1.743725e-07
1.824350e+04  1.641694e-07
1.853860e+04  1.545608e-07
1.883840e+04  1.455137e-07
1.914310e+04  1.369923e-07
1.945270e+04  1.289692e-07
1.976740e+04  1.214125e-07
2.008710e+04  1.142982e-07
2.041200e+04  1.075979e-07
2.074210e+04  1.012897e-07
2.107760e+04  9.534910e-08
2.141850e+04  8.975602e-08
2.176500e+04  8.448853e-08
2.211700e+04  7.952898e-08
2.247470e+04  7.485967e-08
2.283820e+04  7.046275e-08
2.320760e+04  6.632267e-08
2.358300e+04  6.242472e-08
2.396440e+04  5.875493e-08
2.435200e+04  5.529912e-08
2.474590e+04  5.204562e-08
2.514620e+04  4.898216e-08
2.555290e+04  4.609821e-08
2.596620e+04  4.338288e-08
2.638610e+04  4.082666e-08
2.681290e+04  3.841971e-08
2.724660e+04  3.615362e-08
2.768730e+04  3.402025e-08
2.813510e+04  3.201183e-08
2.859020e+04  3.012087e-08
2.905260e+04  2.834082e-08
2.952250e+04  2.666496e-08
3.000000e+04  2.508733e-08
-1  -1
