  -1
3.025550e+01  2.320503e-01
3.074490e+01  2.335917e-01
3.124210e+01  2.349650e-01
3.174750e+01  2.382825e-01
3.226090e+01  2.422437e-01
3.278270e+01  2.465479e-01
3.331300e+01  2.512961e-01
3.385180e+01  2.567150e-01
3.439930e+01  2.595205e-01
3.495570e+01  2.618609e-01
3.552110e+01  2.641230e-01
3.609560e+01  2.663957e-01
3.667940e+01  2.687128e-01
3.727270e+01  2.711134e-01
3.787550e+01  2.736212e-01
3.848820e+01  2.762695e-01
3.911070e+01  2.792780e-01
3.974320e+01  2.816993e-01
4.038610e+01  2.833943e-01
4.103930e+01  2.850143e-01
4.170310e+01  2.866390e-01
4.237760e+01  2.883223e-01
4.306300e+01  2.900937e-01
4.375950e+01  2.919872e-01
4.446730e+01  2.943780e-01
4.518650e+01  2.954134e-01
4.591740e+01  2.957186e-01
4.666000e+01  2.959465e-01
4.741470e+01  2.961458e-01
4.818160e+01  2.963843e-01
4.896090e+01  2.966792e-01
4.975280e+01  2.958424e-01
5.055760e+01  2.946433e-01
5.137530e+01  2.933757e-01
5.220620e+01  2.920568e-01
5.305060e+01  2.907271e-01
5.390870e+01  2.892630e-01
5.478060e+01  2.875946e-01
5.566670e+01  2.858791e-01
5.656700e+01  2.841939e-01
5.748200e+01  2.825806e-01
5.841170e+01  2.811921e-01
5.935640e+01  2.788957e-01
6.031650e+01  2.746019e-01
6.129210e+01  2.697444e-01
6.228340e+01  2.647265e-01
6.329080e+01  2.593455e-01
6.431450e+01  2.550038e-01
6.535470e+01  2.522050e-01
6.641180e+01  2.497073e-01
6.748590e+01  2.479901e-01
6.857750e+01  2.425790e-01
6.968670e+01  2.357263e-01
7.081380e+01  2.286325e-01
7.195910e+01  2.247603e-01
7.312300e+01  2.213251e-01
7.430570e+01  2.176041e-01
7.550760e+01  2.165255e-01
7.672890e+01  2.177308e-01
7.796990e+01  2.195034e-01
7.923100e+01  2.221325e-01
8.051250e+01  2.230084e-01
8.181470e+01  2.211004e-01
8.313800e+01  2.190142e-01
8.448270e+01  2.177297e-01
8.584910e+01  2.114487e-01
8.723770e+01  2.019478e-01
8.864870e+01  1.923539e-01
9.008250e+01  1.829306e-01
9.153950e+01  1.738140e-01
9.302010e+01  1.651566e-01
9.452460e+01  1.570563e-01
9.605350e+01  1.430753e-01
9.760710e+01  1.296301e-01
9.918580e+01  1.171834e-01
1.007900e+02  1.057789e-01
1.024200e+02  9.539406e-02
1.040770e+02  8.597034e-02
1.057600e+02  7.744691e-02
1.074710e+02  6.974882e-02
1.092090e+02  6.281674e-02
1.109750e+02  5.625918e-02
1.127700e+02  5.036950e-02
1.145940e+02  4.509645e-02
1.164480e+02  4.037768e-02
1.183310e+02  3.615748e-02
1.202450e+02  3.238295e-02
1.221900e+02  2.900781e-02
1.241660e+02  2.599019e-02
1.261750e+02  2.329168e-02
1.282150e+02  2.088014e-02
1.302890e+02  1.872697e-02
1.323970e+02  1.623300e-02
1.345380e+02  1.341786e-02
1.367140e+02  1.108303e-02
1.389250e+02  9.154075e-03
1.411720e+02  7.690794e-03
1.434560e+02  6.678737e-03
1.457760e+02  5.825784e-03
1.481340e+02  5.163559e-03
1.505300e+02  4.699426e-03
1.529640e+02  4.407068e-03
1.554390e+02  4.248029e-03
1.579530e+02  4.177721e-03
1.605070e+02  4.122567e-03
1.631030e+02  4.102450e-03
1.657420e+02  4.083240e-03
1.684220e+02  4.067358e-03
1.711460e+02  4.080093e-03
1.739150e+02  4.093475e-03
1.767270e+02  4.107524e-03
1.795860e+02  4.122017e-03
1.824910e+02  4.147579e-03
1.854420e+02  4.174666e-03
1.884420e+02  4.202277e-03
1.914890e+02  4.230529e-03
1.945870e+02  4.259266e-03
1.977340e+02  4.284045e-03
2.009320e+02  4.306741e-03
2.041820e+02  4.329849e-03
2.074850e+02  4.353349e-03
2.108400e+02  4.377336e-03
2.142510e+02  4.401664e-03
2.177160e+02  4.426512e-03
2.212370e+02  4.417639e-03
2.248160e+02  4.403398e-03
2.284520e+02  4.389399e-03
2.321470e+02  4.375616e-03
2.359020e+02  4.362044e-03
2.397170e+02  4.348714e-03
2.435950e+02  4.335651e-03
2.475350e+02  4.292847e-03
2.515380e+02  4.246109e-03
2.556070e+02  4.199953e-03
2.597410e+02  4.154435e-03
2.639420e+02  4.109520e-03
2.682110e+02  4.065261e-03
2.725490e+02  4.010857e-03
2.769570e+02  3.919160e-03
2.814370e+02  3.829498e-03
2.859890e+02  3.741941e-03
2.906150e+02  3.656419e-03
2.953150e+02  3.572942e-03
3.000920e+02  3.491425e-03
3.049450e+02  3.394869e-03
3.098780e+02  3.276140e-03
3.148900e+02  3.161520e-03
3.199830e+02  3.050917e-03
3.251580e+02  2.944212e-03
3.304180e+02  2.841234e-03
3.357620e+02  2.734054e-03
3.411920e+02  2.627725e-03
3.467110e+02  2.525511e-03
3.523190e+02  2.427279e-03
3.580170e+02  2.332888e-03
3.638080e+02  2.242162e-03
3.696920e+02  2.152245e-03
3.756720e+02  2.064347e-03
3.817480e+02  1.980043e-03
3.879220e+02  1.899176e-03
3.941970e+02  1.821586e-03
4.005730e+02  1.751195e-03
4.070520e+02  1.693737e-03
4.136350e+02  1.638165e-03
4.203260e+02  1.584360e-03
4.271240e+02  1.547237e-03
4.340320e+02  1.526502e-03
4.410520e+02  1.506111e-03
4.438000e+02  1.499211e-03
4.440000e+02  9.656484e-04
4.481860e+02  1.185472e-03
4.554350e+02  1.686183e-03
4.628020e+02  2.399685e-03
4.702870e+02  2.994666e-03
4.778940e+02  3.548794e-03
4.856230e+02  4.206913e-03
4.934780e+02  4.534919e-03
5.014590e+02  4.703994e-03
5.095700e+02  4.737609e-03
5.178120e+02  4.771163e-03
5.261870e+02  4.739046e-03
5.346980e+02  4.631583e-03
5.433460e+02  4.526306e-03
5.521340e+02  4.365257e-03
5.610650e+02  4.196536e-03
5.701390e+02  4.034157e-03
5.793610e+02  3.877876e-03
5.887320e+02  3.736985e-03
5.982540e+02  3.613404e-03
6.079300e+02  3.493858e-03
6.177630e+02  3.378281e-03
6.277550e+02  3.247766e-03
6.379080e+02  3.098685e-03
6.482260e+02  3.022128e-03
6.587110e+02  3.076616e-03
6.693650e+02  3.132470e-03
6.801910e+02  3.189697e-03
6.911930e+02  3.209741e-03
7.023720e+02  3.077510e-03
7.137330e+02  2.950399e-03
7.252770e+02  2.828469e-03
7.370080e+02  2.695667e-03
7.489280e+02  2.564625e-03
7.610420e+02  2.439894e-03
7.733510e+02  2.326785e-03
7.858590e+02  2.247837e-03
7.985700e+02  2.171625e-03
8.114860e+02  2.098015e-03
8.246110e+02  2.026915e-03
8.379490e+02  1.940757e-03
8.515020e+02  1.857867e-03
8.652740e+02  1.778503e-03
8.792690e+02  1.702539e-03
8.934910e+02  1.621715e-03
9.079430e+02  1.542604e-03
9.226280e+02  1.467338e-03
9.375510e+02  1.395932e-03
9.527150e+02  1.328054e-03
9.681240e+02  1.263521e-03
9.837830e+02  1.202124e-03
9.996950e+02  1.143402e-03
1.015860e+03  1.087259e-03
1.032290e+03  1.031034e-03
1.048990e+03  9.776786e-04
1.065960e+03  9.270783e-04
1.083200e+03  8.791068e-04
1.100720e+03  8.336135e-04
1.118520e+03  7.904804e-04
1.136610e+03  7.495806e-04
1.155000e+03  7.107831e-04
1.173680e+03  6.740003e-04
1.192660e+03  6.391345e-04
1.211950e+03  6.060649e-04
1.231550e+03  5.747093e-04
1.251470e+03  5.449692e-04
1.271720e+03  5.167627e-04
1.292290e+03  4.900275e-04
1.313190e+03  4.646812e-04
1.334430e+03  4.406438e-04
1.356010e+03  4.178493e-04
1.377940e+03  3.962343e-04
1.400230e+03  3.757338e-04
1.422880e+03  3.562941e-04
1.445890e+03  3.378663e-04
1.469280e+03  3.203869e-04
1.493040e+03  3.038144e-04
1.517190e+03  2.880944e-04
1.541730e+03  2.731834e-04
1.566670e+03  2.590431e-04
1.592010e+03  2.456382e-04
1.617760e+03  2.329255e-04
1.643920e+03  2.208750e-04
1.670510e+03  2.094431e-04
1.697530e+03  1.986036e-04
1.724990e+03  1.883233e-04
1.752890e+03  1.784819e-04
1.781240e+03  1.691199e-04
1.810050e+03  1.602211e-04
1.839320e+03  1.517947e-04
1.869070e+03  1.438113e-04
1.899300e+03  1.362489e-04
1.930020e+03  1.290825e-04
1.961240e+03  1.222928e-04
1.992960e+03  1.158617e-04
2.025200e+03  1.098108e-04
2.057950e+03  1.039957e-04
2.091240e+03  9.847431e-05
2.125060e+03  9.323920e-05
2.159430e+03  8.827252e-05
2.194360e+03  8.356725e-05
2.229850e+03  7.910357e-05
2.265920e+03  7.486973e-05
2.302570e+03  7.085848e-05
2.339810e+03  6.705315e-05
2.377660e+03  6.344947e-05
2.416110e+03  6.003253e-05
2.455190e+03  5.679431e-05
2.494900e+03  5.372574e-05
2.535260e+03  5.081715e-05
2.576260e+03  4.806180e-05
2.617930e+03  4.545137e-05
2.660270e+03  4.297789e-05
2.703300e+03  4.063458e-05
2.747030e+03  3.841507e-05
2.791460e+03  3.631271e-05
2.836610e+03  3.432165e-05
2.882490e+03  3.243578e-05
2.929110e+03  3.065015e-05
2.976480e+03  2.895903e-05
3.024630e+03  2.735774e-05
3.073550e+03  2.584194e-05
3.123260e+03  2.440640e-05
3.173780e+03  2.304771e-05
3.225110e+03  2.176174e-05
3.277270e+03  2.054457e-05
3.330280e+03  1.939233e-05
3.384150e+03  1.830183e-05
3.438880e+03  1.727034e-05
3.494500e+03  1.629398e-05
3.551020e+03  1.537040e-05
3.608460e+03  1.449633e-05
3.666820e+03  1.366960e-05
3.726130e+03  1.288733e-05
3.730000e+03  1.283771e-05
3.730200e+03  4.057845e-05
3.786400e+03  3.849587e-05
3.847640e+03  3.637730e-05
3.909870e+03  3.437419e-05
3.937900e+03  3.351735e-05
3.938100e+03  4.602708e-05
3.973110e+03  4.458759e-05
4.037380e+03  4.208920e-05
4.102680e+03  3.973055e-05
4.169030e+03  3.750631e-05
4.236460e+03  3.540723e-05
4.237400e+03  3.537897e-05
4.237600e+03  4.074986e-05
4.304980e+03  3.857802e-05
4.374620e+03  3.648694e-05
4.445370e+03  3.450414e-05
4.517270e+03  3.262434e-05
4.590330e+03  3.084220e-05
4.664580e+03  2.915285e-05
4.740030e+03  2.755216e-05
4.816690e+03  2.603593e-05
4.894600e+03  2.460024e-05
4.973770e+03  2.324039e-05
5.054210e+03  2.195317e-05
5.135960e+03  2.073482e-05
5.219030e+03  1.958185e-05
5.303440e+03  1.849085e-05
5.389220e+03  1.745866e-05
5.476390e+03  1.648252e-05
5.564970e+03  1.555945e-05
5.654980e+03  1.468638e-05
5.746440e+03  1.386123e-05
5.839390e+03  1.308118e-05
5.933830e+03  1.234396e-05
6.029810e+03  1.164716e-05
6.127330e+03  1.098887e-05
6.226440e+03  1.036699e-05
6.327150e+03  9.779510e-06
6.429480e+03  9.224678e-06
6.533480e+03  8.700634e-06
6.639150e+03  8.205752e-06
6.746540e+03  7.738501e-06
6.855650e+03  7.297421e-06
6.966540e+03  6.880962e-06
7.079220e+03  6.487853e-06
7.193720e+03  6.116812e-06
7.310070e+03  5.766777e-06
7.428310e+03  5.436494e-06
7.548450e+03  5.124764e-06
7.670540e+03  4.830608e-06
7.794610e+03  4.553169e-06
7.920680e+03  4.291418e-06
8.048790e+03  4.044573e-06
8.178980e+03  3.811726e-06
8.311260e+03  3.592108e-06
8.445690e+03  3.384894e-06
8.582290e+03  3.189708e-06
8.721110e+03  3.005469e-06
8.862160e+03  2.831823e-06
9.005500e+03  2.668118e-06
9.151160e+03  2.513828e-06
9.299170e+03  2.368386e-06
9.449580e+03  2.231237e-06
9.602420e+03  2.101881e-06
9.757730e+03  1.980048e-06
9.915550e+03  1.865325e-06
1.007590e+04  1.757100e-06
1.023890e+04  1.655083e-06
1.040450e+04  1.558959e-06
1.057280e+04  1.468372e-06
1.074380e+04  1.383020e-06
1.091760e+04  1.302588e-06
1.109420e+04  1.226805e-06
1.127360e+04  1.155416e-06
1.145590e+04  1.088158e-06
1.164120e+04  1.024783e-06
1.182950e+04  9.650759e-07
1.202080e+04  9.088389e-07
1.221530e+04  8.558458e-07
1.241280e+04  8.059479e-07
1.261360e+04  7.589295e-07
1.281760e+04  7.146491e-07
1.302500e+04  6.729309e-07
1.323560e+04  6.336514e-07
1.344970e+04  5.966464e-07
1.366720e+04  5.617964e-07
1.388830e+04  5.289708e-07
1.411290e+04  4.980594e-07
1.434120e+04  4.689436e-07
1.457310e+04  4.415293e-07
1.480890e+04  4.157029e-07
1.504840e+04  3.913888e-07
1.529180e+04  3.684884e-07
1.553910e+04  3.469281e-07
1.579040e+04  3.266229e-07
1.604580e+04  3.075011e-07
1.630540e+04  2.894935e-07
1.656910e+04  2.725396e-07
1.683710e+04  2.565756e-07
1.710940e+04  2.415422e-07
1.738610e+04  2.273897e-07
1.766740e+04  2.140582e-07
1.795310e+04  2.015111e-07
1.824350e+04  1.896938e-07
1.853860e+04  1.785680e-07
1.883840e+04  1.680942e-07
1.914310e+04  1.582312e-07
1.945270e+04  1.489456e-07
1.976740e+04  1.402023e-07
2.008710e+04  1.319714e-07
2.041200e+04  1.242210e-07
2.074210e+04  1.169250e-07
2.107760e+04  1.100551e-07
2.141850e+04  1.035876e-07
2.176500e+04  9.749774e-08
2.211700e+04  9.176532e-08
2.247470e+04  8.636841e-08
2.283820e+04  8.128733e-08
2.320760e+04  7.650363e-08
2.358300e+04  7.199978e-08
2.396440e+04  6.776030e-08
2.435200e+04  6.376876e-08
2.474590e+04  6.001107e-08
2.514620e+04  5.647323e-08
2.555290e+04  5.314312e-08
2.596620e+04  5.000801e-08
2.638610e+04  4.705688e-08
2.681290e+04  4.427843e-08
2.724660e+04  4.166281e-08
2.768730e+04  3.920056e-08
2.793980e+04  3.787236e-08
2.794000e+04  2.380283e-07
2.813510e+04  2.322089e-07
2.859020e+04  2.193272e-07
2.905260e+04  2.071293e-07
2.952250e+04  1.955811e-07
3.000000e+04  1.846514e-07
-1  -1
