  -1
3.025550e+01  1.555457e+00
3.074490e+01  1.589191e+00
3.124210e+01  1.611938e+00
3.174750e+01  1.627216e+00
3.226090e+01  1.642969e+00
3.278270e+01  1.638209e+00
3.331300e+01  1.596291e+00
3.385180e+01  1.527343e+00
3.439930e+01  1.439378e+00
3.495570e+01  1.359349e+00
3.552110e+01  1.278304e+00
3.609560e+01  1.194293e+00
3.667940e+01  1.111953e+00
3.727270e+01  1.044321e+00
3.787550e+01  9.833360e-01
3.848820e+01  9.262187e-01
3.911070e+01  8.713286e-01
3.974320e+01  8.185705e-01
4.038610e+01  7.748130e-01
4.103930e+01  7.361703e-01
4.170310e+01  7.004779e-01
4.237760e+01  6.669506e-01
4.306300e+01  6.346676e-01
4.375950e+01  6.047383e-01
4.446730e+01  5.781026e-01
4.518650e+01  5.525004e-01
4.591740e+01  5.268349e-01
4.666000e+01  5.021144e-01
4.741470e+01  4.732458e-01
4.818160e+01  4.612963e-01
4.896090e+01  4.928931e-01
4.975280e+01  5.497656e-01
5.055760e+01  5.660815e-01
5.137530e+01  5.663844e-01
5.220620e+01  5.614175e-01
5.305060e+01  5.538103e-01
5.390870e+01  5.446066e-01
5.478060e+01  5.343498e-01
5.566670e+01  5.233287e-01
5.656700e+01  5.116977e-01
5.748200e+01  4.994620e-01
5.841170e+01  4.863200e-01
5.935640e+01  4.732828e-01
6.031650e+01  4.679864e-01
6.129210e+01  4.644613e-01
6.228340e+01  4.624349e-01
6.329080e+01  4.672959e-01
6.431450e+01  4.761127e-01
6.535470e+01  4.846097e-01
6.641180e+01  4.866769e-01
6.748590e+01  4.901738e-01
6.857750e+01  4.772606e-01
6.968670e+01  4.608896e-01
7.081380e+01  4.400724e-01
7.195910e+01  4.093074e-01
7.312300e+01  3.776569e-01
7.430570e+01  3.466893e-01
7.550760e+01  3.178113e-01
7.672890e+01  2.907673e-01
7.796990e+01  2.655159e-01
7.923100e+01  2.420503e-01
8.051250e+01  2.203027e-01
8.181470e+01  2.004296e-01
8.313800e+01  1.858962e-01
8.448270e+01  1.727258e-01
8.584910e+01  1.606275e-01
8.723770e+01  1.494401e-01
8.864870e+01  1.390743e-01
9.008250e+01  1.294463e-01
9.153950e+01  1.204662e-01
9.302010e+01  1.131175e-01
9.452460e+01  1.063732e-01
9.605350e+01  1.000850e-01
9.760710e+01  9.420800e-02
9.918580e+01  8.870762e-02
1.007900e+02  8.355511e-02
1.024200e+02  7.870976e-02
1.040770e+02  7.404918e-02
1.057600e+02  6.967467e-02
1.074710e+02  6.556467e-02
1.092090e+02  6.169989e-02
1.109750e+02  5.831958e-02
1.127700e+02  5.549093e-02
1.145940e+02  5.282007e-02
1.164480e+02  5.028237e-02
1.183310e+02  4.815506e-02
1.202450e+02  4.675570e-02
1.221900e+02  4.542632e-02
1.241660e+02  4.414825e-02
1.261750e+02  4.290656e-02
1.282150e+02  4.218690e-02
1.302890e+02  4.167173e-02
1.323970e+02  4.118054e-02
1.345380e+02  4.070896e-02
1.367140e+02  4.025293e-02
1.389250e+02  3.980963e-02
1.411720e+02  3.946220e-02
1.434560e+02  3.934648e-02
1.457760e+02  3.924481e-02
1.481340e+02  3.915352e-02
1.505300e+02  3.907167e-02
1.529640e+02  3.899500e-02
1.554390e+02  3.890574e-02
1.579530e+02  3.882396e-02
1.605070e+02  3.874953e-02
1.631030e+02  3.868167e-02
1.657420e+02  3.862069e-02
1.684220e+02  3.854351e-02
1.711460e+02  3.824513e-02
1.739150e+02  3.794734e-02
1.767270e+02  3.765407e-02
1.795860e+02  3.736390e-02
1.824910e+02  3.707684e-02
1.854420e+02  3.689140e-02
1.884420e+02  3.678174e-02
1.914890e+02  3.668041e-02
1.945870e+02  3.654567e-02
1.977340e+02  3.633988e-02
2.009320e+02  3.613672e-02
2.041820e+02  3.593703e-02
2.074850e+02  3.574101e-02
2.108400e+02  3.554939e-02
2.142510e+02  3.536120e-02
2.177160e+02  3.517934e-02
2.212370e+02  3.492393e-02
2.248160e+02  3.459726e-02
2.284520e+02  3.427427e-02
2.321470e+02  3.395553e-02
2.359020e+02  3.364155e-02
2.397170e+02  3.333327e-02
2.435950e+02  3.303091e-02
2.475350e+02  3.263414e-02
2.515380e+02  3.197296e-02
2.556070e+02  3.131799e-02
2.597410e+02  3.067507e-02
2.639420e+02  3.004411e-02
2.682110e+02  2.942549e-02
2.725490e+02  2.881556e-02
2.769570e+02  2.820314e-02
2.814370e+02  2.760305e-02
2.859890e+02  2.701596e-02
2.906150e+02  2.641916e-02
2.953150e+02  2.580307e-02
3.000920e+02  2.520020e-02
3.049450e+02  2.461121e-02
3.098780e+02  2.403529e-02
3.148900e+02  2.347190e-02
3.199830e+02  2.298680e-02
3.251580e+02  2.251976e-02
3.304180e+02  2.206291e-02
3.357620e+02  2.161586e-02
3.411920e+02  2.117834e-02
3.467110e+02  2.075002e-02
3.523190e+02  2.033092e-02
3.580170e+02  1.992146e-02
3.638080e+02  1.945931e-02
3.696920e+02  1.898665e-02
3.756720e+02  1.852491e-02
3.817480e+02  1.807433e-02
3.879220e+02  1.763478e-02
3.941970e+02  1.720586e-02
4.005730e+02  1.678744e-02
4.070520e+02  1.637946e-02
4.136350e+02  1.598166e-02
4.203260e+02  1.559389e-02
4.271240e+02  1.517427e-02
4.340320e+02  1.472264e-02
4.410520e+02  1.428370e-02
4.481860e+02  1.385764e-02
4.554350e+02  1.344417e-02
4.628020e+02  1.304292e-02
4.702870e+02  1.265370e-02
4.778940e+02  1.227603e-02
4.856230e+02  1.190968e-02
4.934780e+02  1.155423e-02
5.014590e+02  1.120949e-02
5.095700e+02  1.087504e-02
5.178120e+02  1.055066e-02
5.261870e+02  1.023600e-02
5.346980e+02  9.930819e-03
5.433460e+02  9.634867e-03
5.521340e+02  9.348011e-03
5.610650e+02  9.052402e-03
5.701390e+02  8.705626e-03
5.793610e+02  8.371693e-03
5.887320e+02  8.050402e-03
5.982540e+02  7.741409e-03
6.079300e+02  7.444207e-03
6.177630e+02  7.158409e-03
6.277550e+02  6.883555e-03
6.379080e+02  6.619275e-03
6.482260e+02  6.365117e-03
6.587110e+02  6.120738e-03
6.693650e+02  5.885757e-03
6.801910e+02  5.659813e-03
6.911930e+02  5.442542e-03
7.023720e+02  5.233662e-03
7.137330e+02  5.032802e-03
7.252770e+02  4.839664e-03
7.370080e+02  4.653976e-03
7.489280e+02  4.475431e-03
7.610420e+02  4.303747e-03
7.733510e+02  4.138689e-03
7.858590e+02  3.979976e-03
7.985700e+02  3.827375e-03
8.114860e+02  3.680648e-03
8.246110e+02  3.539567e-03
8.379490e+02  3.403928e-03
8.515020e+02  3.273522e-03
8.652740e+02  3.148280e-03
8.792690e+02  2.929567e-03
8.934910e+02  2.801410e-03
9.079430e+02  2.678954e-03
9.226280e+02  2.561863e-03
9.375510e+02  2.446916e-03
9.527150e+02  2.336376e-03
9.681240e+02  2.230193e-03
9.837830e+02  2.128797e-03
9.996950e+02  2.031751e-03
1.015860e+03  1.938882e-03
1.032290e+03  1.848018e-03
1.048990e+03  1.761092e-03
1.065960e+03  1.677951e-03
1.083200e+03  1.598724e-03
1.100720e+03  1.523201e-03
1.118520e+03  1.451235e-03
1.136610e+03  1.382665e-03
1.155000e+03  1.317296e-03
1.173680e+03  1.255002e-03
1.192660e+03  1.195652e-03
1.211950e+03  1.139082e-03
1.231550e+03  1.085163e-03
1.251470e+03  1.033524e-03
1.271720e+03  9.840421e-04
1.292290e+03  9.365988e-04
1.313190e+03  8.914130e-04
1.334430e+03  8.483971e-04
1.356010e+03  8.074526e-04
1.377940e+03  7.684629e-04
1.400230e+03  7.313387e-04
1.422880e+03  6.960053e-04
1.445890e+03  6.623664e-04
1.469280e+03  6.302952e-04
1.493040e+03  5.997222e-04
1.517190e+03  5.704087e-04
1.541730e+03  5.425038e-04
1.566670e+03  5.159640e-04
1.592010e+03  4.906911e-04
1.617760e+03  4.666510e-04
1.643920e+03  4.437897e-04
1.670510e+03  4.220483e-04
1.697530e+03  4.013575e-04
1.724990e+03  3.816576e-04
1.752890e+03  3.626850e-04
1.781240e+03  3.445748e-04
1.810050e+03  3.273004e-04
1.839320e+03  3.108795e-04
1.869070e+03  2.952813e-04
1.899300e+03  2.804713e-04
1.930020e+03  2.663920e-04
1.961240e+03  2.530092e-04
1.992960e+03  2.402841e-04
2.025200e+03  2.282894e-04
2.040300e+03  2.227440e-04
2.040500e+03  6.357289e-04
2.057950e+03  6.188039e-04
2.091240e+03  5.870891e-04
2.116000e+03  5.644698e-04
2.116200e+03  8.318212e-04
2.125060e+03  8.204795e-04
2.159430e+03  7.767821e-04
2.194360e+03  7.353025e-04
2.229850e+03  6.960073e-04
2.265920e+03  6.588093e-04
2.302570e+03  6.235791e-04
2.339810e+03  5.902576e-04
2.377660e+03  5.587078e-04
2.416110e+03  5.288450e-04
2.455190e+03  5.005912e-04
2.494900e+03  4.738504e-04
2.535260e+03  4.485269e-04
2.550600e+03  4.392934e-04
2.550800e+03  5.100087e-04
2.576260e+03  4.926529e-04
2.617930e+03  4.657233e-04
2.660270e+03  4.402577e-04
2.703300e+03  4.162115e-04
2.747030e+03  3.934789e-04
2.791460e+03  3.719998e-04
2.836610e+03  3.517007e-04
2.882490e+03  3.325178e-04
2.908600e+03  3.221842e-04
2.908800e+03  3.424465e-04
2.929110e+03  3.343784e-04
2.976480e+03  3.164560e-04
3.024630e+03  2.995001e-04
3.073550e+03  2.834680e-04
3.123260e+03  2.682959e-04
3.173600e+03  2.539780e-04
3.173800e+03  2.632167e-04
3.225110e+03  2.495305e-04
3.277270e+03  2.365166e-04
3.330280e+03  2.241456e-04
3.384150e+03  2.123902e-04
3.438880e+03  2.012217e-04
3.494500e+03  1.906163e-04
3.551020e+03  1.805347e-04
3.608460e+03  1.709739e-04
3.666820e+03  1.618935e-04
3.726130e+03  1.532820e-04
3.786400e+03  1.450998e-04
3.847640e+03  1.373469e-04
3.909870e+03  1.299962e-04
3.973110e+03  1.230249e-04
4.037380e+03  1.164086e-04
4.102680e+03  1.101481e-04
4.169030e+03  1.042058e-04
4.236460e+03  9.857523e-05
4.304980e+03  9.324040e-05
4.374620e+03  8.818689e-05
4.445370e+03  8.340003e-05
4.517270e+03  7.886639e-05
4.590330e+03  7.457382e-05
4.664580e+03  7.050783e-05
4.740030e+03  6.665932e-05
4.816690e+03  6.301691e-05
4.894600e+03  5.956862e-05
4.973770e+03  5.630473e-05
5.054210e+03  5.321707e-05
5.135960e+03  5.029532e-05
5.219030e+03  4.753110e-05
5.303440e+03  4.491587e-05
5.389220e+03  4.244240e-05
5.476390e+03  4.010297e-05
5.564970e+03  3.789091e-05
5.654980e+03  3.579894e-05
5.746440e+03  3.382077e-05
5.839390e+03  3.195050e-05
5.933830e+03  3.018240e-05
6.029810e+03  2.851080e-05
6.127330e+03  2.693107e-05
6.226440e+03  2.543783e-05
6.327150e+03  2.402666e-05
6.429480e+03  2.269341e-05
6.533480e+03  2.143297e-05
6.639150e+03  2.024219e-05
6.746540e+03  1.911701e-05
6.855650e+03  1.805402e-05
6.966540e+03  1.704914e-05
7.079220e+03  1.610020e-05
7.193720e+03  1.520379e-05
7.310070e+03  1.435726e-05
7.428310e+03  1.355733e-05
7.548450e+03  1.280191e-05
7.670540e+03  1.208855e-05
7.794610e+03  1.141447e-05
7.920680e+03  1.077787e-05
8.048790e+03  1.017677e-05
8.178980e+03  9.608907e-06
8.311260e+03  9.072883e-06
8.445690e+03  8.566559e-06
8.582290e+03  8.088700e-06
8.721110e+03  7.637075e-06
8.862160e+03  7.210918e-06
9.005500e+03  6.808291e-06
9.151160e+03  6.428274e-06
9.299170e+03  6.069367e-06
9.449580e+03  5.730584e-06
9.602420e+03  5.410607e-06
9.757730e+03  5.108699e-06
9.915550e+03  4.823611e-06
1.007590e+04  4.551426e-06
1.023890e+04  4.294808e-06
1.040450e+04  4.052923e-06
1.057280e+04  3.824885e-06
1.074380e+04  3.609952e-06
1.091760e+04  3.407309e-06
1.109420e+04  3.216294e-06
1.121510e+04  3.093294e-06
1.121530e+04  7.933728e-06
1.127360e+04  7.777458e-06
1.145590e+04  7.312780e-06
1.164120e+04  6.875819e-06
1.182950e+04  6.464966e-06
1.202080e+04  6.078708e-06
1.221530e+04  5.715419e-06
1.241280e+04  5.373984e-06
1.261360e+04  5.052848e-06
1.281760e+04  4.750936e-06
1.282400e+04  4.741836e-06
1.282420e+04  6.642792e-06
1.302500e+04  6.282868e-06
1.323560e+04  5.931632e-06
1.341840e+04  5.646888e-06
1.341860e+04  6.402123e-06
1.344970e+04  6.351035e-06
1.366720e+04  6.007799e-06
1.388830e+04  5.682195e-06
1.411290e+04  5.373511e-06
1.434120e+04  5.080868e-06
1.457310e+04  4.803556e-06
1.480890e+04  4.540674e-06
1.504840e+04  4.291727e-06
1.529180e+04  4.055936e-06
1.553910e+04  3.832654e-06
1.579040e+04  3.621246e-06
1.604580e+04  3.421114e-06
1.630540e+04  3.231670e-06
1.656910e+04  3.052438e-06
1.683710e+04  2.882848e-06
1.710940e+04  2.722430e-06
1.738610e+04  2.570701e-06
1.766740e+04  2.427175e-06
1.795310e+04  2.291500e-06
1.824350e+04  2.163209e-06
1.853860e+04  2.041935e-06
1.883840e+04  1.927320e-06
1.914310e+04  1.818992e-06
1.945270e+04  1.716631e-06
1.976740e+04  1.619899e-06
2.008710e+04  1.528526e-06
2.041200e+04  1.442206e-06
2.074210e+04  1.360680e-06
2.107760e+04  1.283676e-06
2.141850e+04  1.210958e-06
2.176500e+04  1.142283e-06
2.211700e+04  1.077455e-06
2.247470e+04  1.016248e-06
2.283820e+04  9.584640e-07
2.320760e+04  9.039209e-07
2.358300e+04  8.524346e-07
2.396440e+04  8.038485e-07
2.435200e+04  7.579950e-07
2.474590e+04  7.147229e-07
2.514620e+04  6.738890e-07
2.555290e+04  6.353675e-07
2.596620e+04  5.990209e-07
2.638610e+04  5.647352e-07
2.681290e+04  5.323875e-07
2.724660e+04  5.018734e-07
2.768730e+04  4.730924e-07
2.813510e+04  4.459476e-07
2.859020e+04  4.203436e-07
2.905260e+04  3.961995e-07
2.952250e+04  3.734295e-07
3.000000e+04  3.519576e-07
-1  -1
