  -1
3.025550e+01  2.469749e-01
3.074490e+01  2.262634e-01
3.124210e+01  2.070588e-01
3.174750e+01  1.893387e-01
3.226090e+01  1.730506e-01
3.278270e+01  1.581169e-01
3.331300e+01  1.444530e-01
3.385180e+01  1.319913e-01
3.439930e+01  1.204914e-01
3.495570e+01  1.088428e-01
3.552110e+01  9.825532e-02
3.609560e+01  8.868554e-02
3.667940e+01  8.004972e-02
3.727270e+01  7.226418e-02
3.787550e+01  6.524896e-02
3.848820e+01  5.892826e-02
3.911070e+01  5.323461e-02
3.974320e+01  4.810562e-02
4.038610e+01  4.348371e-02
4.103930e+01  3.931905e-02
4.170310e+01  3.556642e-02
4.237760e+01  3.205617e-02
4.306300e+01  2.889571e-02
4.375950e+01  2.605391e-02
4.446730e+01  2.349795e-02
4.518650e+01  2.119879e-02
4.591740e+01  1.912974e-02
4.666000e+01  1.726742e-02
4.741470e+01  1.559052e-02
4.818160e+01  1.407989e-02
4.896090e+01  1.271882e-02
4.975280e+01  1.149149e-02
5.055760e+01  1.043859e-02
5.137530e+01  9.499725e-03
5.220620e+01  8.647343e-03
5.305060e+01  7.873064e-03
5.390870e+01  7.169485e-03
5.478060e+01  6.529981e-03
5.566670e+01  5.948429e-03
5.656700e+01  5.442646e-03
5.748200e+01  5.058369e-03
5.841170e+01  4.702344e-03
5.935640e+01  4.372071e-03
6.031650e+01  4.065398e-03
6.129210e+01  3.830128e-03
6.228340e+01  3.644069e-03
6.329080e+01  3.467569e-03
6.431450e+01  3.300025e-03
6.535470e+01  3.142425e-03
6.641180e+01  3.009054e-03
6.748590e+01  2.881658e-03
6.857750e+01  2.759839e-03
6.968670e+01  2.667209e-03
7.081380e+01  2.580844e-03
7.195910e+01  2.497446e-03
7.312300e+01  2.424732e-03
7.430570e+01  2.357736e-03
7.550760e+01  2.292693e-03
7.672890e+01  2.229512e-03
7.796990e+01  2.179031e-03
7.923100e+01  2.138947e-03
8.051250e+01  2.099570e-03
8.181470e+01  2.071627e-03
8.313800e+01  2.054257e-03
8.448270e+01  2.036731e-03
8.584910e+01  2.018782e-03
8.723770e+01  2.002542e-03
8.864870e+01  2.000175e-03
9.008250e+01  2.433361e-03
9.153950e+01  1.518278e-02
9.302010e+01  2.611277e-02
9.370000e+01  3.420825e-02
9.390000e+01  1.816149e-02
9.452460e+01  1.652962e-02
9.605350e+01  1.337017e-02
9.760710e+01  1.081662e-02
9.918580e+01  8.748250e-03
1.007900e+02  6.275698e-03
1.024200e+02  5.479071e-03
1.040770e+02  4.787980e-03
1.057600e+02  4.182570e-03
1.074710e+02  4.306293e-03
1.092090e+02  4.557712e-03
1.109750e+02  4.825323e-03
1.127700e+02  5.109523e-03
1.145940e+02  5.411211e-03
1.164480e+02  5.731352e-03
1.183310e+02  6.071364e-03
1.202450e+02  6.394784e-03
1.221900e+02  6.714598e-03
1.241660e+02  7.051040e-03
1.261750e+02  7.405540e-03
1.282150e+02  7.659737e-03
1.302890e+02  7.879704e-03
1.323970e+02  8.106168e-03
1.345380e+02  8.339715e-03
1.367140e+02  8.580679e-03
1.389250e+02  8.771410e-03
1.411720e+02  8.844071e-03
1.434560e+02  8.916497e-03
1.457760e+02  8.989704e-03
1.481340e+02  9.063586e-03
1.505300e+02  9.138314e-03
1.529640e+02  9.214577e-03
1.554390e+02  9.208963e-03
1.579530e+02  9.185238e-03
1.605070e+02  9.161636e-03
1.631030e+02  9.138021e-03
1.657420e+02  9.114443e-03
1.684220e+02  9.091661e-03
1.711460e+02  9.005090e-03
1.739150e+02  8.897698e-03
1.767270e+02  8.791641e-03
1.795860e+02  8.686522e-03
1.824910e+02  8.582690e-03
1.854420e+02  8.480098e-03
1.884420e+02  8.378699e-03
1.914890e+02  8.269051e-03
1.945870e+02  8.151820e-03
1.977340e+02  8.036254e-03
2.009320e+02  7.922374e-03
2.041820e+02  7.810068e-03
2.074850e+02  7.699445e-03
2.108400e+02  7.567109e-03
2.142510e+02  7.423670e-03
2.177160e+02  7.282886e-03
2.212370e+02  7.144711e-03
2.248160e+02  7.009121e-03
2.284520e+02  6.876147e-03
2.321470e+02  6.745788e-03
2.359020e+02  6.603695e-03
2.397170e+02  6.447614e-03
2.435950e+02  6.295057e-03
2.475350e+02  6.146179e-03
2.515380e+02  6.000810e-03
2.556070e+02  5.858984e-03
2.597410e+02  5.692664e-03
2.639420e+02  5.493432e-03
2.682110e+02  5.300962e-03
2.725490e+02  5.115163e-03
2.769570e+02  4.935781e-03
2.814370e+02  4.762638e-03
2.859890e+02  4.595542e-03
2.906150e+02  4.434288e-03
2.953150e+02  4.278665e-03
3.000920e+02  4.128478e-03
3.049450e+02  3.983578e-03
3.098780e+02  3.843711e-03
3.148900e+02  3.708762e-03
3.199830e+02  3.578565e-03
3.251580e+02  3.452918e-03
3.304180e+02  3.331670e-03
3.357620e+02  3.214697e-03
3.411920e+02  3.101835e-03
3.467110e+02  2.992914e-03
3.523190e+02  2.887821e-03
3.580170e+02  2.786446e-03
3.638080e+02  2.688603e-03
3.696920e+02  2.594222e-03
3.756720e+02  2.503132e-03
3.817480e+02  2.415269e-03
3.879220e+02  2.330502e-03
3.941970e+02  2.248714e-03
4.005730e+02  2.158550e-03
4.070520e+02  2.062325e-03
4.136350e+02  1.970363e-03
4.203260e+02  1.882491e-03
4.271240e+02  1.798532e-03
4.340320e+02  1.718332e-03
4.410520e+02  1.641691e-03
4.481860e+02  1.568467e-03
4.554350e+02  1.498517e-03
4.628020e+02  1.431681e-03
4.702870e+02  1.367836e-03
4.778940e+02  1.306829e-03
4.856230e+02  1.248550e-03
4.934780e+02  1.192877e-03
5.014590e+02  1.139680e-03
5.095700e+02  1.088861e-03
5.178120e+02  1.040313e-03
5.261870e+02  9.939212e-04
5.346980e+02  9.480514e-04
5.433460e+02  9.016923e-04
5.521340e+02  8.575908e-04
5.610650e+02  8.156485e-04
5.701390e+02  7.757578e-04
5.793610e+02  7.378221e-04
5.887320e+02  7.017410e-04
5.982540e+02  6.674227e-04
6.079300e+02  6.347894e-04
6.177630e+02  6.037442e-04
6.277550e+02  5.742250e-04
6.379080e+02  5.461454e-04
6.482260e+02  5.194408e-04
6.587110e+02  4.940446e-04
6.693650e+02  4.698897e-04
6.801910e+02  4.469166e-04
6.911930e+02  4.253267e-04
7.023720e+02  4.048274e-04
7.137330e+02  3.853157e-04
7.252770e+02  3.667451e-04
7.370080e+02  3.490702e-04
7.489280e+02  3.322479e-04
7.610420e+02  3.162362e-04
7.733510e+02  3.009973e-04
7.858590e+02  2.859722e-04
7.985700e+02  2.713818e-04
8.114860e+02  2.575362e-04
8.246110e+02  2.443975e-04
8.379490e+02  2.319288e-04
8.515020e+02  2.184115e-04
8.652740e+02  2.055879e-04
8.792690e+02  1.935177e-04
8.934910e+02  1.821555e-04
9.079430e+02  1.723268e-04
9.226280e+02  1.631783e-04
9.375510e+02  1.545152e-04
9.527150e+02  1.463126e-04
9.681240e+02  1.385455e-04
9.837830e+02  1.312612e-04
9.996950e+02  1.244436e-04
1.015860e+03  1.179790e-04
1.032290e+03  1.118278e-04
1.048990e+03  1.059696e-04
1.065960e+03  1.003904e-04
1.083200e+03  9.510682e-05
1.100720e+03  9.010123e-05
1.118520e+03  8.535991e-05
1.136610e+03  8.086548e-05
1.155000e+03  7.660716e-05
1.173680e+03  7.257478e-05
1.192660e+03  6.875657e-05
1.211950e+03  6.513796e-05
1.231550e+03  6.170858e-05
1.251470e+03  5.844868e-05
1.271720e+03  5.534645e-05
1.292290e+03  5.239298e-05
1.313190e+03  4.959969e-05
1.334430e+03  4.695491e-05
1.356010e+03  4.445047e-05
1.377940e+03  4.207879e-05
1.400230e+03  3.983361e-05
1.422880e+03  3.770918e-05
1.445890e+03  3.569698e-05
1.469280e+03  3.378691e-05
1.493040e+03  3.197265e-05
1.517190e+03  3.022324e-05
1.541730e+03  2.856572e-05
1.566670e+03  2.699956e-05
1.592010e+03  2.551897e-05
1.617760e+03  2.411937e-05
1.643920e+03  2.279668e-05
1.670510e+03  2.154550e-05
1.678300e+03  2.119185e-05
1.678500e+03  1.186105e-04
1.697530e+03  1.143204e-04
1.724990e+03  1.084465e-04
1.752890e+03  1.028731e-04
1.781240e+03  9.758533e-05
1.810050e+03  9.257024e-05
1.839320e+03  8.781097e-05
1.869070e+03  8.329594e-05
1.899300e+03  7.901459e-05
1.920900e+03  7.612806e-05
1.921100e+03  8.651975e-05
1.930020e+03  8.520005e-05
1.961240e+03  8.077686e-05
1.992960e+03  7.658309e-05
2.025200e+03  7.263828e-05
2.057950e+03  6.883514e-05
2.091240e+03  6.521376e-05
2.125060e+03  6.176860e-05
2.159430e+03  5.849371e-05
2.194360e+03  5.537809e-05
2.229850e+03  5.241881e-05
2.265920e+03  4.960721e-05
2.302570e+03  4.693843e-05
2.339810e+03  4.440450e-05
2.377660e+03  4.199982e-05
2.416110e+03  3.971819e-05
2.455190e+03  3.755451e-05
2.494900e+03  3.550274e-05
2.535260e+03  3.355723e-05
2.576260e+03  3.171443e-05
2.617930e+03  2.996864e-05
2.660270e+03  2.831470e-05
2.703300e+03  2.674720e-05
2.747030e+03  2.526405e-05
2.791460e+03  2.386045e-05
2.836610e+03  2.253234e-05
2.882490e+03  2.127386e-05
2.929110e+03  2.008469e-05
2.976480e+03  1.895980e-05
3.024630e+03  1.789550e-05
3.073550e+03  1.688950e-05
3.123260e+03  1.593768e-05
3.173780e+03  1.503843e-05
3.225110e+03  1.418855e-05
3.277270e+03  1.338662e-05
3.330280e+03  1.262734e-05
3.384150e+03  1.191057e-05
3.438880e+03  1.123360e-05
3.494500e+03  1.059427e-05
3.551020e+03  9.990448e-06
3.608460e+03  9.420283e-06
3.666820e+03  8.882040e-06
3.726130e+03  8.374014e-06
3.786400e+03  7.894413e-06
3.847640e+03  7.441776e-06
3.909870e+03  7.014701e-06
3.973110e+03  6.611643e-06
4.037380e+03  6.231439e-06
4.102680e+03  5.872715e-06
4.169030e+03  5.534294e-06
4.236460e+03  5.215118e-06
4.304980e+03  4.914165e-06
4.374620e+03  4.630227e-06
4.445370e+03  4.362519e-06
4.517270e+03  4.110113e-06
4.590330e+03  3.872106e-06
4.664580e+03  3.647697e-06
4.740030e+03  3.436193e-06
4.816690e+03  3.236824e-06
4.894600e+03  3.048885e-06
4.973770e+03  2.871710e-06
5.054210e+03  2.704782e-06
5.135960e+03  2.547440e-06
5.219030e+03  2.399163e-06
5.303440e+03  2.259511e-06
5.389220e+03  2.127852e-06
5.476390e+03  2.003832e-06
5.564970e+03  1.886994e-06
5.654980e+03  1.776892e-06
5.746440e+03  1.673214e-06
5.839390e+03  1.575525e-06
5.933830e+03  1.483523e-06
6.029810e+03  1.396814e-06
6.127330e+03  1.315168e-06
6.226440e+03  1.238297e-06
6.327150e+03  1.165907e-06
6.429480e+03  1.097711e-06
6.533480e+03  1.033437e-06
6.639150e+03  9.729817e-07
6.746540e+03  9.160164e-07
6.855650e+03  8.623981e-07
6.966540e+03  8.118623e-07
7.079220e+03  7.643339e-07
7.193720e+03  7.195360e-07
7.310070e+03  6.773865e-07
7.428310e+03  6.376767e-07
7.548450e+03  6.003273e-07
7.670540e+03  5.651620e-07
7.794610e+03  5.320200e-07
7.920680e+03  5.008281e-07
8.048790e+03  4.714688e-07
8.178980e+03  4.438283e-07
8.311260e+03  4.178121e-07
8.445690e+03  3.933195e-07
8.582290e+03  3.702597e-07
8.721110e+03  3.485560e-07
8.862160e+03  3.281249e-07
9.005500e+03  3.088893e-07
9.151160e+03  2.907867e-07
9.299170e+03  2.737426e-07
9.449580e+03  2.577027e-07
9.602420e+03  2.426027e-07
9.757730e+03  2.283884e-07
9.915550e+03  2.150048e-07
1.007590e+04  2.024123e-07
1.023890e+04  1.905570e-07
1.040450e+04  1.793994e-07
1.057280e+04  1.688960e-07
1.074380e+04  1.590103e-07
1.091760e+04  1.497041e-07
1.109420e+04  1.409446e-07
1.127360e+04  1.327009e-07
1.145590e+04  1.249415e-07
1.164120e+04  1.176363e-07
1.182950e+04  1.107600e-07
1.202080e+04  1.042883e-07
1.221530e+04  9.819460e-08
1.241280e+04  9.246100e-08
1.261360e+04  8.706232e-08
1.281760e+04  8.198105e-08
1.302500e+04  7.719678e-08
1.323560e+04  7.269481e-08
1.344970e+04  6.845610e-08
1.366720e+04  6.446639e-08
1.388830e+04  6.070993e-08
1.411290e+04  5.717425e-08
1.432550e+04  5.406486e-08
1.432570e+04  3.871214e-07
1.434120e+04  3.856495e-07
1.457310e+04  3.644395e-07
1.480890e+04  3.443306e-07
1.504840e+04  3.252819e-07
1.529180e+04  3.072364e-07
1.553910e+04  2.901476e-07
1.579040e+04  2.739682e-07
1.604580e+04  2.586515e-07
1.630540e+04  2.441541e-07
1.656910e+04  2.304405e-07
1.683710e+04  2.174656e-07
1.710940e+04  2.051960e-07
1.738610e+04  1.935943e-07
1.766740e+04  1.826230e-07
1.795310e+04  1.722555e-07
1.824350e+04  1.624557e-07
1.853860e+04  1.531965e-07
1.883840e+04  1.444499e-07
1.914310e+04  1.361874e-07
1.945270e+04  1.283840e-07
1.976740e+04  1.210143e-07
2.008710e+04  1.140573e-07
2.041200e+04  1.074891e-07
2.074210e+04  1.012902e-07
2.107760e+04  9.543966e-08
2.141850e+04  8.991894e-08
2.176500e+04  8.470978e-08
2.211700e+04  7.979588e-08
2.247470e+04  7.516077e-08
2.283820e+04  7.078920e-08
2.320760e+04  6.666636e-08
2.358300e+04  6.277860e-08
2.396440e+04  5.911350e-08
2.435200e+04  5.565791e-08
2.474590e+04  5.240064e-08
2.514620e+04  4.933004e-08
2.555290e+04  4.643681e-08
2.596620e+04  4.371006e-08
2.638610e+04  4.114084e-08
2.681290e+04  3.872004e-08
2.724660e+04  3.643909e-08
2.768730e+04  3.429071e-08
2.813510e+04  3.226689e-08
2.859020e+04  3.036093e-08
2.905260e+04  2.856561e-08
2.952250e+04  2.687522e-08
3.000000e+04  2.528332e-08
-1  -1
