  -1
3.002930e+01  1.086084e+00
3.037530e+01  1.029470e+00
3.072520e+01  9.718108e-01
3.107910e+01  9.140861e-01
3.143720e+01  8.615075e-01
3.179930e+01  8.126539e-01
3.216560e+01  7.657668e-01
3.253620e+01  7.209308e-01
3.291100e+01  6.781604e-01
3.329010e+01  6.374599e-01
3.367360e+01  5.988264e-01
3.406160e+01  5.623535e-01
3.445390e+01  5.271566e-01
3.485080e+01  4.936868e-01
3.525230e+01  4.621213e-01
3.565840e+01  4.324041e-01
3.606920e+01  4.044560e-01
3.648470e+01  3.781928e-01
3.690500e+01  3.534476e-01
3.733020e+01  3.311745e-01
3.776020e+01  3.116225e-01
3.819520e+01  2.935666e-01
3.863520e+01  2.766919e-01
3.908030e+01  2.609061e-01
3.953050e+01  2.461246e-01
3.998590e+01  2.322766e-01
4.044650e+01  2.193021e-01
4.091240e+01  2.071474e-01
4.138370e+01  1.957627e-01
4.186050e+01  1.852542e-01
4.234270e+01  1.738672e-01
4.283050e+01  1.617907e-01
4.332390e+01  1.504425e-01
4.382300e+01  1.398549e-01
4.432780e+01  1.300041e-01
4.483850e+01  1.208517e-01
4.535500e+01  1.123635e-01
4.587750e+01  1.042688e-01
4.640600e+01  9.673184e-02
4.694060e+01  8.975152e-02
4.748130e+01  8.329211e-02
4.802830e+01  7.733069e-02
4.858160e+01  7.147768e-02
4.914130e+01  6.564740e-02
4.970740e+01  6.028274e-02
5.028000e+01  5.535731e-02
5.085920e+01  5.083705e-02
5.144510e+01  4.667130e-02
5.203770e+01  4.352081e-02
5.263720e+01  4.091729e-02
5.324360e+01  3.848922e-02
5.385700e+01  3.621897e-02
5.447740e+01  3.409302e-02
5.510500e+01  3.209942e-02
5.573980e+01  3.023236e-02
5.638190e+01  2.878541e-02
5.703140e+01  2.741991e-02
5.768840e+01  2.612697e-02
5.835300e+01  2.490092e-02
5.902520e+01  2.373751e-02
5.970510e+01  2.263240e-02
6.039290e+01  2.159375e-02
6.108870e+01  2.085808e-02
6.179240e+01  2.015594e-02
6.250420e+01  1.948145e-02
6.322430e+01  1.883331e-02
6.395260e+01  1.820994e-02
6.468930e+01  1.761001e-02
6.543460e+01  1.703227e-02
6.618840e+01  1.648265e-02
6.695080e+01  1.596033e-02
6.772210e+01  1.545642e-02
6.850230e+01  1.497005e-02
6.929140e+01  1.450058e-02
7.008960e+01  1.404702e-02
7.089710e+01  1.360880e-02
7.171380e+01  1.318523e-02
7.253990e+01  1.277566e-02
7.337560e+01  1.237905e-02
7.422090e+01  1.205968e-02
7.507590e+01  1.181672e-02
7.594070e+01  1.158021e-02
7.681560e+01  1.134911e-02
7.770050e+01  1.112327e-02
7.859560e+01  1.090230e-02
7.950100e+01  1.068548e-02
8.041680e+01  1.055361e-02
8.134320e+01  1.044137e-02
8.228030e+01  1.033077e-02
8.322820e+01  1.022151e-02
8.418690e+01  1.011343e-02
8.515680e+01  1.000623e-02
8.613780e+01  9.899518e-03
8.713010e+01  9.894309e-03
8.813380e+01  9.906157e-03
8.914910e+01  9.917700e-03
9.017610e+01  9.928670e-03
9.121490e+01  9.938423e-03
9.226570e+01  9.968952e-03
9.332860e+01  1.019211e-02
9.440370e+01  1.042037e-02
9.549120e+01  1.065328e-02
9.659130e+01  1.079010e-02
9.770400e+01  1.089531e-02
9.882960e+01  1.099682e-02
9.996810e+01  1.115422e-02
1.011200e+02  1.170663e-02
1.022850e+02  1.228274e-02
1.034630e+02  1.287531e-02
1.046550e+02  1.398464e-02
1.058600e+02  1.530674e-02
1.070800e+02  1.724918e-02
1.083130e+02  1.967697e-02
1.095610e+02  2.294448e-02
1.107530e+02  2.823770e-02
1.120080e+02  3.727785e-02
1.132980e+02  5.931696e-02
1.134760e+02  6.327692e-02
1.144870e+02  8.634741e-02
1.151350e+02  1.074379e-01
1.158620e+02  1.312662e-01
1.165670e+02  1.531546e-01
1.179100e+02  1.921012e-01
1.192680e+02  2.141619e-01
1.206420e+02  2.191564e-01
1.220320e+02  2.143018e-01
1.234380e+02  1.972858e-01
1.248600e+02  1.751123e-01
1.262980e+02  1.534122e-01
1.277530e+02  1.378958e-01
1.292250e+02  1.240215e-01
1.307130e+02  1.113379e-01
1.322190e+02  1.000934e-01
1.337420e+02  9.044591e-02
1.352830e+02  8.172752e-02
1.368410e+02  7.294454e-02
1.384180e+02  6.450136e-02
1.400120e+02  5.698906e-02
1.416250e+02  4.991330e-02
1.432570e+02  4.340652e-02
1.449070e+02  3.772758e-02
1.465760e+02  3.291318e-02
1.482650e+02  2.909363e-02
1.499730e+02  2.573031e-02
1.517010e+02  2.275936e-02
1.534480e+02  2.013589e-02
1.552160e+02  1.780535e-02
1.570040e+02  1.563466e-02
1.588130e+02  1.372931e-02
1.606420e+02  1.205783e-02
1.624930e+02  1.059115e-02
1.643650e+02  9.304243e-03
1.662580e+02  8.174881e-03
1.681730e+02  7.183543e-03
1.701110e+02  6.322481e-03
1.720700e+02  5.573064e-03
1.740530e+02  4.913031e-03
1.760580e+02  4.331369e-03
1.780860e+02  3.928335e-03
1.801370e+02  3.571309e-03
1.822130e+02  3.228941e-03
1.843120e+02  2.933148e-03
1.864350e+02  2.708263e-03
1.885830e+02  2.521672e-03
1.907550e+02  2.348675e-03
1.929530e+02  2.313370e-03
1.951750e+02  2.295858e-03
1.974240e+02  2.278617e-03
1.996980e+02  2.320859e-03
2.019990e+02  2.381465e-03
2.043260e+02  2.443898e-03
2.066790e+02  2.504016e-03
2.090600e+02  2.563622e-03
2.114690e+02  2.624837e-03
2.139050e+02  2.672459e-03
2.163690e+02  2.717508e-03
2.188620e+02  2.763441e-03
2.213830e+02  2.810289e-03
2.239330e+02  2.858071e-03
2.265130e+02  2.906783e-03
2.291220e+02  2.947491e-03
2.317620e+02  2.970289e-03
2.344320e+02  2.993332e-03
2.371320e+02  3.016648e-03
2.398640e+02  3.040210e-03
2.426270e+02  3.064041e-03
2.454220e+02  3.088139e-03
2.482490e+02  3.112532e-03
2.511090e+02  3.130025e-03
2.540020e+02  3.141702e-03
2.569280e+02  3.153490e-03
2.598880e+02  3.165371e-03
2.628820e+02  3.177362e-03
2.659100e+02  3.189477e-03
2.689730e+02  3.201705e-03
2.720720e+02  3.214024e-03
2.752060e+02  3.226491e-03
2.783770e+02  3.239149e-03
2.815830e+02  3.212082e-03
2.848270e+02  3.167455e-03
2.881080e+02  3.123438e-03
2.914270e+02  3.080029e-03
2.947850e+02  3.037219e-03
2.981810e+02  2.995034e-03
3.016160e+02  2.953450e-03
3.050900e+02  2.912472e-03
3.086050e+02  2.872056e-03
3.121600e+02  2.832381e-03
3.157560e+02  2.797323e-03
3.193930e+02  2.762738e-03
3.230730e+02  2.728577e-03
3.267940e+02  2.694888e-03
3.305590e+02  2.661610e-03
3.343670e+02  2.628770e-03
3.382190e+02  2.596355e-03
3.421150e+02  2.564355e-03
3.460560e+02  2.532772e-03
3.500430e+02  2.501584e-03
3.540750e+02  2.470818e-03
3.581540e+02  2.436996e-03
3.622800e+02  2.396695e-03
3.664540e+02  2.357043e-03
3.706750e+02  2.318073e-03
3.749450e+02  2.279749e-03
3.792650e+02  2.242059e-03
3.836340e+02  2.205006e-03
3.880530e+02  2.168580e-03
3.925230e+02  2.132763e-03
3.970450e+02  2.097541e-03
4.016190e+02  2.062909e-03
4.062460e+02  2.028860e-03
4.109260e+02  1.992099e-03
4.156600e+02  1.955676e-03
4.204480e+02  1.919928e-03
4.252910e+02  1.884842e-03
4.301910e+02  1.850393e-03
4.351470e+02  1.816582e-03
4.401590e+02  1.783402e-03
4.452300e+02  1.750827e-03
4.503590e+02  1.718856e-03
4.555470e+02  1.687476e-03
4.607950e+02  1.656687e-03
4.661030e+02  1.616059e-03
4.714730e+02  1.575544e-03
4.769040e+02  1.536050e-03
4.823980e+02  1.497546e-03
4.879550e+02  1.460008e-03
4.935760e+02  1.423416e-03
4.992620e+02  1.387742e-03
5.050140e+02  1.352961e-03
5.108310e+02  1.319065e-03
5.167160e+02  1.280138e-03
5.226690e+02  1.242198e-03
5.286900e+02  1.205386e-03
5.347800e+02  1.169664e-03
5.409410e+02  1.134999e-03
5.471720e+02  1.101366e-03
5.534760e+02  1.068727e-03
5.598520e+02  1.037058e-03
5.663010e+02  1.006332e-03
5.728250e+02  9.760454e-04
5.794240e+02  9.440312e-04
5.860990e+02  9.130673e-04
5.928510e+02  8.831177e-04
5.996800e+02  8.541530e-04
6.065890e+02  8.261359e-04
6.135760e+02  7.990412e-04
6.206450e+02  7.728324e-04
6.277950e+02  7.474841e-04
6.350270e+02  7.233474e-04
6.423420e+02  7.015087e-04
6.497420e+02  6.803293e-04
6.572270e+02  6.597899e-04
6.647980e+02  6.398712e-04
6.724560e+02  6.205555e-04
6.802030e+02  6.018220e-04
6.880390e+02  5.836536e-04
6.959650e+02  5.660347e-04
7.039820e+02  5.480902e-04
7.120920e+02  5.294058e-04
7.202960e+02  5.113560e-04
7.285930e+02  4.939222e-04
7.369870e+02  4.770801e-04
7.454770e+02  4.608109e-04
7.540640e+02  4.450961e-04
7.627510e+02  4.299128e-04
7.715380e+02  4.152443e-04
7.804260e+02  4.010723e-04
7.894160e+02  3.873784e-04
7.985100e+02  3.741421e-04
8.077090e+02  3.613437e-04
8.170140e+02  3.489562e-04
8.264260e+02  3.369291e-04
8.359000e+02  3.244665e-04
8.361000e+02  1.844715e-03
8.455760e+02  1.775539e-03
8.553170e+02  1.702933e-03
8.651700e+02  1.632922e-03
8.751370e+02  1.565637e-03
8.852190e+02  1.501039e-03
8.954160e+02  1.439053e-03
9.057310e+02  1.379590e-03
9.161650e+02  1.322557e-03
9.267190e+02  1.267865e-03
9.373950e+02  1.215414e-03
9.481940e+02  1.165117e-03
9.591170e+02  1.120032e-03
9.701660e+02  1.091110e-03
9.813420e+02  1.062946e-03
9.926470e+02  1.035504e-03
1.004080e+03  1.008778e-03
1.015650e+03  9.827314e-04
1.027350e+03  9.573590e-04
1.039180e+03  9.326494e-04
1.051160e+03  9.085528e-04
1.059000e+03  8.932645e-04
1.067000e+03  8.796942e-04
1.079290e+03  8.594423e-04
1.091730e+03  8.396469e-04
1.104300e+03  8.203273e-04
1.117020e+03  8.014446e-04
1.129890e+03  7.829944e-04
1.142910e+03  7.649637e-04
1.156070e+03  7.473639e-04
1.169390e+03  7.301584e-04
1.182860e+03  7.133506e-04
1.196490e+03  6.969241e-04
1.210270e+03  6.808839e-04
1.224210e+03  6.652169e-04
1.238320e+03  6.493421e-04
1.252580e+03  6.329580e-04
1.267010e+03  6.161230e-04
1.281610e+03  5.975494e-04
1.296370e+03  5.795425e-04
1.311310e+03  5.620698e-04
1.326410e+03  5.451326e-04
1.341690e+03  5.286959e-04
1.357150e+03  5.127530e-04
1.372780e+03  4.973002e-04
1.388600e+03  4.823080e-04
1.404590e+03  4.677742e-04
1.420770e+03  4.536732e-04
1.437140e+03  4.399957e-04
1.453700e+03  4.267306e-04
1.470440e+03  4.134763e-04
1.487380e+03  4.003970e-04
1.504520e+03  3.868672e-04
1.521850e+03  3.729530e-04
1.539380e+03  3.595399e-04
1.557120e+03  3.466094e-04
1.575050e+03  3.341501e-04
1.593200e+03  3.221285e-04
1.611550e+03  3.105446e-04
1.630120e+03  2.993739e-04
1.648890e+03  2.886104e-04
1.667890e+03  2.782292e-04
1.687100e+03  2.682236e-04
1.706540e+03  2.585777e-04
1.726200e+03  2.492807e-04
1.746080e+03  2.402391e-04
1.766200e+03  2.315035e-04
1.786550e+03  2.230663e-04
1.807130e+03  2.149299e-04
1.827940e+03  2.070932e-04
1.849000e+03  1.995411e-04
1.870300e+03  1.922644e-04
1.891850e+03  1.852502e-04
1.913640e+03  1.784948e-04
1.935690e+03  1.719852e-04
1.957990e+03  1.657124e-04
1.980540e+03  1.596676e-04
2.003360e+03  1.538504e-04
2.026440e+03  1.482950e-04
2.049780e+03  1.428521e-04
2.073390e+03  1.375991e-04
2.097280e+03  1.325358e-04
2.121440e+03  1.276557e-04
2.145880e+03  1.229485e-04
2.170600e+03  1.184088e-04
2.195600e+03  1.140335e-04
2.220900e+03  1.098147e-04
2.246480e+03  1.057522e-04
2.272360e+03  1.018284e-04
2.298540e+03  9.804810e-05
2.325020e+03  9.440537e-05
2.351800e+03  9.089441e-05
2.378890e+03  8.751022e-05
2.406300e+03  8.424805e-05
2.434020e+03  8.110470e-05
2.462060e+03  7.807386e-05
2.490420e+03  7.515670e-05
2.519110e+03  7.234189e-05
2.548130e+03  6.962855e-05
2.577480e+03  6.701509e-05
2.607180e+03  6.449400e-05
2.637210e+03  6.206497e-05
2.667590e+03  5.972667e-05
2.698320e+03  5.747308e-05
2.729410e+03  5.530057e-05
2.760850e+03  5.321084e-05
2.792650e+03  5.119645e-05
2.824820e+03  4.925464e-05
2.857360e+03  4.738222e-05
2.890280e+03  4.557888e-05
2.923580e+03  4.384324e-05
2.957260e+03  4.217136e-05
2.991320e+03  4.056093e-05
3.025780e+03  3.900712e-05
3.060640e+03  3.751224e-05
3.095900e+03  3.607233e-05
3.131560e+03  3.468555e-05
3.167640e+03  3.334994e-05
3.204130e+03  3.206374e-05
3.241040e+03  3.082519e-05
3.278380e+03  2.963236e-05
3.316140e+03  2.848389e-05
3.354350e+03  2.737729e-05
3.392990e+03  2.631228e-05
3.432070e+03  2.528689e-05
3.471610e+03  2.429937e-05
3.511600e+03  2.334879e-05
3.552060e+03  2.243364e-05
3.592980e+03  2.155269e-05
3.634370e+03  2.070466e-05
3.676240e+03  1.988821e-05
3.718590e+03  1.910213e-05
3.761420e+03  1.834582e-05
3.804750e+03  1.761765e-05
3.848580e+03  1.691693e-05
3.892920e+03  1.624262e-05
3.937770e+03  1.559367e-05
3.983130e+03  1.496919e-05
4.029010e+03  1.436828e-05
4.075430e+03  1.378982e-05
4.122380e+03  1.323337e-05
4.169870e+03  1.269793e-05
4.217900e+03  1.218299e-05
4.266490e+03  1.168757e-05
4.315640e+03  1.121087e-05
4.365360e+03  1.075257e-05
4.415650e+03  1.031148e-05
4.466510e+03  9.887322e-06
4.517970e+03  9.479336e-06
4.570010e+03  9.086994e-06
4.622660e+03  8.709688e-06
4.675910e+03  8.346937e-06
4.729780e+03  7.998198e-06
4.784270e+03  7.662856e-06
4.839380e+03  7.340446e-06
4.895130e+03  7.030657e-06
4.951520e+03  6.732566e-06
5.008560e+03  6.446128e-06
5.066260e+03  6.170780e-06
5.124620e+03  5.906161e-06
5.183660e+03  5.651891e-06
5.243370e+03  5.407641e-06
5.303780e+03  5.172915e-06
5.364880e+03  4.947512e-06
5.426680e+03  4.730678e-06
5.482600e+03  4.544554e-06
5.482800e+03  1.410794e-05
5.489190e+03  1.404563e-05
5.552430e+03  1.344510e-05
5.616390e+03  1.287031e-05
5.681090e+03  1.232010e-05
5.746540e+03  1.179330e-05
5.812740e+03  1.128916e-05
5.879700e+03  1.080646e-05
5.890500e+03  1.073098e-05
5.890700e+03  1.475807e-05
5.947430e+03  1.423802e-05
6.015950e+03  1.364046e-05
6.085250e+03  1.306784e-05
6.155350e+03  1.251930e-05
6.226260e+03  1.199362e-05
6.266200e+03  1.170979e-05
6.266400e+03  1.343015e-05
6.297990e+03  1.319764e-05
6.370540e+03  1.268277e-05
6.443930e+03  1.218709e-05
6.518160e+03  1.170970e-05
6.593250e+03  1.125012e-05
6.669200e+03  1.080759e-05
6.746030e+03  1.038167e-05
6.823740e+03  9.971873e-06
6.902350e+03  9.577461e-06
6.981870e+03  9.198124e-06
7.062300e+03  8.833061e-06
7.143660e+03  8.481968e-06
7.225950e+03  8.144304e-06
7.309190e+03  7.819368e-06
7.393390e+03  7.506987e-06
7.478560e+03  7.206715e-06
7.564720e+03  6.917975e-06
7.651860e+03  6.640460e-06
7.740010e+03  6.373673e-06
7.829180e+03  6.117236e-06
7.919370e+03  5.870796e-06
8.010600e+03  5.633995e-06
8.102880e+03  5.406477e-06
8.196220e+03  5.187794e-06
8.290640e+03  4.977783e-06
8.386150e+03  4.776011e-06
8.482760e+03  4.582178e-06
8.580480e+03  4.396031e-06
8.679330e+03  4.217249e-06
8.779310e+03  4.045486e-06
8.880450e+03  3.880534e-06
8.982750e+03  3.722177e-06
9.086230e+03  3.570162e-06
9.190900e+03  3.424234e-06
9.296780e+03  3.284119e-06
9.403880e+03  3.149574e-06
9.512210e+03  3.020413e-06
9.621790e+03  2.896508e-06
9.732630e+03  2.777565e-06
9.844750e+03  2.663382e-06
9.958160e+03  2.553814e-06
1.007290e+04  2.448657e-06
1.018890e+04  2.347778e-06
1.030630e+04  2.250952e-06
1.042500e+04  2.158070e-06
1.054510e+04  2.068945e-06
1.066660e+04  1.983431e-06
1.078950e+04  1.901395e-06
1.091380e+04  1.822705e-06
1.103950e+04  1.747233e-06
1.116670e+04  1.674820e-06
1.129530e+04  1.605386e-06
1.142540e+04  1.538781e-06
1.155700e+04  1.474903e-06
1.169020e+04  1.413619e-06
1.182490e+04  1.354857e-06
1.196110e+04  1.298518e-06
1.209890e+04  1.244484e-06
1.223820e+04  1.192690e-06
1.237920e+04  1.143007e-06
1.252180e+04  1.095375e-06
1.266610e+04  1.049697e-06
1.281200e+04  1.005911e-06
1.295960e+04  9.639287e-07
1.310890e+04  9.236826e-07
1.325990e+04  8.850999e-07
1.341260e+04  8.481207e-07
1.356720e+04  8.126526e-07
1.372340e+04  7.786756e-07
1.388150e+04  7.460953e-07
1.404150e+04  7.148592e-07
1.420320e+04  6.849318e-07
1.436680e+04  6.562459e-07
1.453230e+04  6.287484e-07
1.469970e+04  6.023949e-07
1.486910e+04  5.771330e-07
1.504040e+04  5.529264e-07
1.521360e+04  5.297333e-07
1.538890e+04  5.074985e-07
1.556620e+04  4.861916e-07
1.574550e+04  4.657772e-07
1.592690e+04  4.462129e-07
1.611040e+04  4.274637e-07
1.629600e+04  4.094989e-07
1.648370e+04  3.922873e-07
1.667360e+04  3.757940e-07
1.686570e+04  3.599882e-07
1.705990e+04  3.448503e-07
1.725650e+04  3.303378e-07
1.745530e+04  3.164373e-07
1.765630e+04  3.031214e-07
1.785980e+04  2.903577e-07
1.806550e+04  2.781327e-07
1.827360e+04  2.664204e-07
1.848410e+04  2.551992e-07
1.869710e+04  2.444474e-07
1.891240e+04  2.341501e-07
1.913030e+04  2.242833e-07
1.935070e+04  2.148299e-07
1.957360e+04  2.057758e-07
1.979910e+04  1.971006e-07
2.002720e+04  1.887907e-07
2.025790e+04  1.808309e-07
2.049130e+04  1.732049e-07
2.072730e+04  1.659006e-07
2.096610e+04  1.589030e-07
2.120760e+04  1.522010e-07
2.145190e+04  1.457806e-07
2.169910e+04  1.396296e-07
2.194900e+04  1.337392e-07
2.220190e+04  1.280961e-07
2.245760e+04  1.226917e-07
2.271630e+04  1.175141e-07
2.297800e+04  1.125552e-07
2.324270e+04  1.078050e-07
2.351050e+04  1.032550e-07
2.378130e+04  9.889745e-08
2.405530e+04  9.472301e-08
2.433240e+04  9.072521e-08
2.461270e+04  8.689563e-08
2.489630e+04  8.322747e-08
2.518310e+04  7.971493e-08
2.547320e+04  7.634996e-08
2.576660e+04  7.312774e-08
2.606340e+04  7.004139e-08
2.636370e+04  6.708440e-08
2.666740e+04  6.425309e-08
2.697460e+04  6.154086e-08
2.728530e+04  5.894385e-08
2.759970e+04  5.645556e-08
2.791760e+04  5.407285e-08
2.823920e+04  5.179107e-08
2.856450e+04  4.960519e-08
2.889360e+04  4.751181e-08
2.922640e+04  4.550703e-08
2.956310e+04  4.358656e-08
2.990370e+04  4.174734e-08
3.000000e+04  4.124506e-08
-1  -1
