  -1
3.025550e+01  1.925784e-01
3.074490e+01  2.519141e-01
3.124210e+01  3.040597e-01
3.174750e+01  3.501016e-01
3.226090e+01  3.846412e-01
3.278270e+01  4.073425e-01
3.331300e+01  4.270483e-01
3.385180e+01  4.406824e-01
3.439930e+01  4.514841e-01
3.495570e+01  4.642569e-01
3.552110e+01  4.788766e-01
3.609560e+01  4.940641e-01
3.667940e+01  4.978956e-01
3.727270e+01  4.990823e-01
3.787550e+01  4.995609e-01
3.848820e+01  4.958671e-01
3.911070e+01  4.771383e-01
3.974320e+01  4.613743e-01
4.038610e+01  4.465704e-01
4.103930e+01  4.314312e-01
4.170310e+01  4.160041e-01
4.237760e+01  4.005534e-01
4.306300e+01  3.852405e-01
4.375950e+01  3.688845e-01
4.446730e+01  3.513334e-01
4.518650e+01  3.337383e-01
4.591740e+01  3.169571e-01
4.666000e+01  3.019696e-01
4.741470e+01  2.874280e-01
4.818160e+01  2.746574e-01
4.896090e+01  2.644599e-01
4.975280e+01  2.549806e-01
5.055760e+01  2.453416e-01
5.137530e+01  2.344190e-01
5.220620e+01  2.237399e-01
5.305060e+01  2.133931e-01
5.390870e+01  2.037810e-01
5.478060e+01  1.950828e-01
5.566670e+01  1.867821e-01
5.656700e+01  1.788308e-01
5.748200e+01  1.712123e-01
5.841170e+01  1.639092e-01
5.935640e+01  1.569036e-01
6.031650e+01  1.502955e-01
6.129210e+01  1.441116e-01
6.228340e+01  1.381984e-01
6.329080e+01  1.325492e-01
6.431450e+01  1.267909e-01
6.535470e+01  1.212432e-01
6.641180e+01  1.158785e-01
6.748590e+01  1.116789e-01
6.857750e+01  1.078300e-01
6.968670e+01  1.041586e-01
7.081380e+01  1.006386e-01
7.195910e+01  9.723163e-02
7.312300e+01  9.384748e-02
7.430570e+01  9.058845e-02
7.550760e+01  8.745438e-02
7.672890e+01  8.444964e-02
7.796990e+01  8.120298e-02
7.923100e+01  7.780507e-02
8.051250e+01  7.452848e-02
8.181470e+01  7.137174e-02
8.313800e+01  6.831379e-02
8.448270e+01  6.624547e-02
8.584910e+01  6.514532e-02
8.723770e+01  6.413183e-02
8.864870e+01  6.282831e-02
9.008250e+01  6.118030e-02
9.153950e+01  5.957481e-02
9.302010e+01  5.801704e-02
9.452460e+01  5.643304e-02
9.605350e+01  5.467844e-02
9.760710e+01  5.297261e-02
9.918580e+01  5.131565e-02
1.007900e+02  4.977052e-02
1.024200e+02  4.849079e-02
1.040770e+02  4.724968e-02
1.057600e+02  4.604440e-02
1.074710e+02  4.486755e-02
1.092090e+02  4.392209e-02
1.109750e+02  4.305221e-02
1.127700e+02  4.220574e-02
1.145940e+02  4.137887e-02
1.164480e+02  4.061840e-02
1.183310e+02  3.990739e-02
1.202450e+02  3.921288e-02
1.221900e+02  3.853320e-02
1.241660e+02  3.786833e-02
1.261750e+02  3.722901e-02
1.282150e+02  3.663704e-02
1.302890e+02  3.605692e-02
1.323970e+02  3.548842e-02
1.345380e+02  3.493177e-02
1.367140e+02  3.438488e-02
1.389250e+02  3.384710e-02
1.411720e+02  3.331946e-02
1.434560e+02  3.280224e-02
1.457760e+02  3.229750e-02
1.481340e+02  3.168105e-02
1.505300e+02  3.104028e-02
1.529640e+02  3.041233e-02
1.554390e+02  2.979658e-02
1.579530e+02  2.919446e-02
1.605070e+02  2.857871e-02
1.631030e+02  2.795651e-02
1.657420e+02  2.734748e-02
1.684220e+02  2.675220e-02
1.711460e+02  2.616976e-02
1.739150e+02  2.559986e-02
1.767270e+02  2.505718e-02
1.795860e+02  2.453338e-02
1.824910e+02  2.401887e-02
1.854420e+02  2.350676e-02
1.884420e+02  2.300312e-02
1.914890e+02  2.252629e-02
1.945870e+02  2.215864e-02
1.977340e+02  2.182871e-02
2.009320e+02  2.153042e-02
2.041820e+02  2.123786e-02
2.074850e+02  2.095162e-02
2.108400e+02  2.067376e-02
2.142510e+02  2.015648e-02
2.177160e+02  1.960063e-02
2.212370e+02  1.901931e-02
2.248160e+02  1.845366e-02
2.284520e+02  1.790423e-02
2.321470e+02  1.737054e-02
2.359020e+02  1.685252e-02
2.397170e+02  1.634977e-02
2.435950e+02  1.586161e-02
2.475350e+02  1.538850e-02
2.515380e+02  1.492930e-02
2.556070e+02  1.448309e-02
2.597410e+02  1.405098e-02
2.639420e+02  1.363159e-02
2.682110e+02  1.322439e-02
2.725490e+02  1.282967e-02
2.769570e+02  1.245961e-02
2.814370e+02  1.211658e-02
2.859890e+02  1.179364e-02
2.906150e+02  1.148077e-02
2.953150e+02  1.117629e-02
3.000920e+02  1.088034e-02
3.049450e+02  1.059220e-02
3.098780e+02  1.031126e-02
3.148900e+02  1.003828e-02
3.199830e+02  9.772725e-03
3.251580e+02  9.514273e-03
3.304180e+02  9.262630e-03
3.357620e+02  9.017832e-03
3.411920e+02  8.779734e-03
3.467110e+02  8.547587e-03
3.523190e+02  8.321629e-03
3.580170e+02  8.102015e-03
3.638080e+02  7.888127e-03
3.696920e+02  7.680095e-03
3.756720e+02  7.477735e-03
3.817480e+02  7.280677e-03
3.879220e+02  7.084166e-03
3.941970e+02  6.882794e-03
4.005730e+02  6.655032e-03
4.070520e+02  6.422367e-03
4.136350e+02  6.198007e-03
4.203260e+02  5.981227e-03
4.271240e+02  5.772000e-03
4.340320e+02  5.570062e-03
4.410520e+02  5.375158e-03
4.481860e+02  5.189290e-03
4.554350e+02  5.021081e-03
4.628020e+02  4.866062e-03
4.702870e+02  4.719965e-03
4.778940e+02  4.578445e-03
4.856230e+02  4.441012e-03
4.934780e+02  4.307688e-03
5.014590e+02  4.178671e-03
5.095700e+02  4.053351e-03
5.178120e+02  3.929314e-03
5.261870e+02  3.800573e-03
5.346980e+02  3.660295e-03
5.433460e+02  3.517634e-03
5.521340e+02  3.380522e-03
5.610650e+02  3.246926e-03
5.701390e+02  3.117649e-03
5.793610e+02  2.992674e-03
5.887320e+02  2.872577e-03
5.982540e+02  2.757203e-03
6.079300e+02  2.646455e-03
6.177630e+02  2.540171e-03
6.277550e+02  2.438003e-03
6.379080e+02  2.338053e-03
6.482260e+02  2.239518e-03
6.587110e+02  2.143427e-03
6.693650e+02  2.051444e-03
6.801910e+02  1.966534e-03
6.911930e+02  1.887432e-03
7.023720e+02  1.811799e-03
7.137330e+02  1.735778e-03
7.252770e+02  1.660688e-03
7.370080e+02  1.588824e-03
7.489280e+02  1.520055e-03
7.610420e+02  1.454228e-03
7.733510e+02  1.390961e-03
7.858590e+02  1.329549e-03
7.985700e+02  1.270140e-03
8.114860e+02  1.213365e-03
8.246110e+02  1.159117e-03
8.379490e+02  1.107283e-03
8.515020e+02  1.057652e-03
8.652740e+02  1.010140e-03
8.792690e+02  9.646645e-04
8.934910e+02  9.212160e-04
9.079430e+02  8.797141e-04
9.226280e+02  8.400753e-04
9.375510e+02  8.018531e-04
9.527150e+02  7.652792e-04
9.681240e+02  7.303048e-04
9.837830e+02  6.969145e-04
9.996950e+02  6.649322e-04
1.015860e+03  6.343021e-04
1.032290e+03  6.041068e-04
1.048990e+03  5.752097e-04
1.065960e+03  5.475668e-04
1.083200e+03  5.212549e-04
1.100720e+03  4.961953e-04
1.118520e+03  4.723385e-04
1.136610e+03  4.495989e-04
1.155000e+03  4.279473e-04
1.173680e+03  4.073442e-04
1.192660e+03  3.877207e-04
1.211950e+03  3.690320e-04
1.231550e+03  3.512382e-04
1.251470e+03  3.342924e-04
1.271720e+03  3.181710e-04
1.292290e+03  3.028344e-04
1.313190e+03  2.882382e-04
1.334430e+03  2.743354e-04
1.356010e+03  2.610914e-04
1.377940e+03  2.484894e-04
1.400230e+03  2.364890e-04
1.422880e+03  2.250615e-04
1.445890e+03  2.141790e-04
1.469280e+03  2.037739e-04
1.493040e+03  1.938103e-04
1.517190e+03  1.840889e-04
1.541730e+03  1.748180e-04
1.566670e+03  1.660015e-04
1.588400e+03  1.586608e-04
1.588600e+03  5.148175e-04
1.592010e+03  5.111567e-04
1.617760e+03  4.825288e-04
1.643920e+03  5.825287e-04
1.670510e+03  6.521848e-04
1.697530e+03  6.167395e-04
1.724990e+03  5.831645e-04
1.752890e+03  5.514222e-04
1.781240e+03  5.214089e-04
1.810050e+03  4.930302e-04
1.839320e+03  4.661915e-04
1.869070e+03  4.408101e-04
1.899300e+03  4.168132e-04
1.930020e+03  3.941228e-04
1.961240e+03  3.726677e-04
1.992960e+03  3.523864e-04
2.023500e+03  3.341772e-04
2.023700e+03  3.408909e-04
2.025200e+03  3.400151e-04
2.057950e+03  3.215163e-04
2.091240e+03  3.040184e-04
2.125060e+03  2.874849e-04
2.159430e+03  2.718456e-04
2.194360e+03  2.570660e-04
2.229850e+03  2.430894e-04
2.263400e+03  2.307355e-04
2.263600e+03  2.851397e-04
2.265920e+03  2.841562e-04
2.302570e+03  2.688716e-04
2.339810e+03  2.544037e-04
2.377660e+03  2.407134e-04
2.416110e+03  2.277695e-04
2.455190e+03  2.155292e-04
2.491100e+03  2.050218e-04
2.491300e+03  2.047366e-04
2.494900e+03  2.044447e-04
2.535260e+03  2.012505e-04
2.576260e+03  1.907771e-04
2.617930e+03  1.808277e-04
2.660270e+03  1.713791e-04
2.703300e+03  1.624019e-04
2.747030e+03  1.538798e-04
2.791460e+03  1.457937e-04
2.836610e+03  1.381200e-04
2.882490e+03  1.308397e-04
2.929110e+03  1.239296e-04
2.976480e+03  1.173760e-04
3.024630e+03  1.111583e-04
3.073550e+03  1.052649e-04
3.123260e+03  9.967613e-05
3.173780e+03  9.437314e-05
3.225110e+03  8.934974e-05
3.277270e+03  8.458219e-05
3.330280e+03  8.006685e-05
3.384150e+03  7.578902e-05
3.438880e+03  7.173329e-05
3.494500e+03  6.788974e-05
3.551020e+03  6.424634e-05
3.608460e+03  6.079894e-05
3.666820e+03  5.752882e-05
3.726130e+03  5.443542e-05
3.786400e+03  5.149993e-05
3.847640e+03  4.872381e-05
3.909870e+03  4.609340e-05
3.973110e+03  4.360269e-05
4.037380e+03  4.124413e-05
4.102680e+03  3.901126e-05
4.169030e+03  3.689749e-05
4.236460e+03  3.489619e-05
4.304980e+03  3.300216e-05
4.374620e+03  3.120893e-05
4.445370e+03  2.951189e-05
4.517270e+03  2.790596e-05
4.590330e+03  2.638582e-05
4.664580e+03  2.494774e-05
4.740030e+03  2.358688e-05
4.816690e+03  2.229929e-05
4.894600e+03  2.108112e-05
4.973770e+03  1.992861e-05
5.054210e+03  1.883857e-05
5.135960e+03  1.780736e-05
5.219030e+03  1.683182e-05
5.303440e+03  1.590909e-05
5.389220e+03  1.503634e-05
5.476390e+03  1.421108e-05
5.564970e+03  1.343049e-05
5.654980e+03  1.269235e-05
5.746440e+03  1.199440e-05
5.839390e+03  1.133430e-05
5.933830e+03  1.071022e-05
6.029810e+03  1.012005e-05
6.127330e+03  9.561991e-06
6.226440e+03  9.034378e-06
6.327150e+03  8.535722e-06
6.429480e+03  8.064006e-06
6.533480e+03  7.618265e-06
6.639150e+03  7.196818e-06
6.746540e+03  6.798404e-06
6.855650e+03  6.421798e-06
6.966540e+03  6.065897e-06
7.079220e+03  5.729396e-06
7.193720e+03  5.411408e-06
7.310070e+03  5.110914e-06
7.428310e+03  4.826617e-06
7.548450e+03  4.558196e-06
7.670540e+03  4.304440e-06
7.794610e+03  4.064598e-06
7.920680e+03  3.837868e-06
8.048790e+03  3.623660e-06
8.178980e+03  3.421278e-06
8.311260e+03  3.230039e-06
8.445690e+03  3.049338e-06
8.582290e+03  2.878550e-06
8.721110e+03  2.717069e-06
8.862160e+03  2.564643e-06
9.005500e+03  2.420507e-06
9.151160e+03  2.284397e-06
9.244000e+03  2.202699e-06
9.244200e+03  6.005710e-06
9.299170e+03  5.869953e-06
9.449580e+03  5.517464e-06
9.602420e+03  5.186293e-06
9.757730e+03  4.875104e-06
9.915550e+03  4.582503e-06
1.007590e+04  4.307454e-06
1.023890e+04  4.048871e-06
1.034850e+04  3.885905e-06
1.034870e+04  5.461758e-06
1.040450e+04  5.348950e-06
1.057280e+04  5.026006e-06
1.074380e+04  4.722552e-06
1.087030e+04  4.512790e-06
1.087050e+04  5.072053e-06
1.091760e+04  4.998611e-06
1.109420e+04  4.735208e-06
1.127360e+04  4.484676e-06
1.145590e+04  4.246455e-06
1.164120e+04  4.019977e-06
1.182950e+04  3.804768e-06
1.202080e+04  3.600398e-06
1.221530e+04  3.406303e-06
1.241280e+04  3.222107e-06
1.261360e+04  3.047298e-06
1.281760e+04  2.881504e-06
1.302500e+04  2.724202e-06
1.323560e+04  2.575136e-06
1.344970e+04  2.433809e-06
1.366720e+04  2.299907e-06
1.388830e+04  2.173028e-06
1.411290e+04  2.052875e-06
1.434120e+04  1.939081e-06
1.457310e+04  1.831372e-06
1.480890e+04  1.729387e-06
1.504840e+04  1.632901e-06
1.529180e+04  1.541608e-06
1.553910e+04  1.455254e-06
1.579040e+04  1.373579e-06
1.604580e+04  1.296340e-06
1.630540e+04  1.223304e-06
1.656910e+04  1.154277e-06
1.683710e+04  1.089032e-06
1.710940e+04  1.027378e-06
1.738610e+04  9.691256e-07
1.766740e+04  9.140789e-07
1.795310e+04  8.620979e-07
1.824350e+04  8.129962e-07
1.853860e+04  7.666291e-07
1.883840e+04  7.228528e-07
1.914310e+04  6.815203e-07
1.945270e+04  6.425052e-07
1.976740e+04  6.056741e-07
2.008710e+04  5.709193e-07
2.041200e+04  5.381205e-07
2.074210e+04  5.071752e-07
2.107760e+04  4.779770e-07
2.141850e+04  4.504339e-07
2.176500e+04  4.244481e-07
2.211700e+04  3.999438e-07
2.247470e+04  3.768327e-07
2.283820e+04  3.550380e-07
2.320760e+04  3.344854e-07
2.358300e+04  3.151071e-07
2.396440e+04  2.968390e-07
2.435200e+04  2.796168e-07
2.474590e+04  2.633808e-07
2.514620e+04  2.480771e-07
2.555290e+04  2.336547e-07
2.596620e+04  2.200617e-07
2.638610e+04  2.072525e-07
2.681290e+04  1.951813e-07
2.724660e+04  1.838061e-07
2.768730e+04  1.730890e-07
2.813510e+04  1.629915e-07
2.859020e+04  1.534785e-07
2.905260e+04  1.445168e-07
2.952250e+04  1.360749e-07
3.000000e+04  1.281228e-07
-1  -1
