  -1
3.037290e+01  1.215770e-02
3.085470e+01  1.165592e-02
3.134420e+01  1.117735e-02
3.184150e+01  1.072064e-02
3.234660e+01  1.028474e-02
3.285980e+01  9.868306e-03
3.338110e+01  9.470449e-03
3.391070e+01  9.090103e-03
3.444860e+01  8.732121e-03
3.499510e+01  8.425903e-03
3.555030e+01  8.131713e-03
3.611430e+01  7.848867e-03
3.668720e+01  7.576837e-03
3.726920e+01  7.315057e-03
3.786050e+01  7.063207e-03
3.846110e+01  6.820588e-03
3.907120e+01  6.586795e-03
3.969110e+01  6.262299e-03
4.032080e+01  5.944620e-03
4.096040e+01  5.642846e-03
4.161020e+01  5.356160e-03
4.227030e+01  5.083653e-03
4.294090e+01  4.831730e-03
4.362210e+01  4.592968e-03
4.431420e+01  4.365042e-03
4.501720e+01  4.147162e-03
4.573130e+01  3.948713e-03
4.645680e+01  3.767274e-03
4.719380e+01  3.590423e-03
4.794250e+01  3.415416e-03
4.812500e+01  3.372789e-03
4.862500e+01  3.260401e-03
4.912500e+01  3.315353e-03
4.925000e+01  3.362963e-03
4.937500e+01  3.577315e-03
4.940000e+01  3.619977e-03
4.960000e+01  1.654066e-02
4.962500e+01  2.267330e-02
4.975000e+01  3.128788e-02
4.987500e+01  3.330162e-02
5.000000e+01  3.359872e-02
5.010000e+01  4.431160e-02
5.030000e+01  4.389302e-02
5.070000e+01  3.920615e-02
5.090000e+01  3.786605e-02
5.110000e+01  3.746237e-02
5.150000e+01  4.064160e-02
5.170000e+01  4.160389e-02
5.250000e+01  4.118160e-02
5.333290e+01  4.119013e-02
5.350000e+01  4.118221e-02
5.410000e+01  4.158957e-02
5.495830e+01  4.545724e-02
5.583010e+01  4.765607e-02
5.671580e+01  4.846998e-02
5.761560e+01  4.915384e-02
5.852960e+01  5.013357e-02
5.945810e+01  5.149803e-02
6.040140e+01  5.290200e-02
6.135960e+01  5.508666e-02
6.233300e+01  5.774614e-02
6.332190e+01  6.057949e-02
6.432650e+01  6.359272e-02
6.534700e+01  6.679597e-02
6.638360e+01  7.037621e-02
6.743680e+01  7.446571e-02
6.850660e+01  7.893655e-02
6.959340e+01  8.267228e-02
7.069750e+01  8.518538e-02
7.181900e+01  8.549248e-02
7.295840e+01  8.247453e-02
7.411580e+01  7.620790e-02
7.529160e+01  6.968413e-02
7.648600e+01  6.417250e-02
7.769940e+01  6.185002e-02
7.893210e+01  6.110724e-02
8.018430e+01  6.090632e-02
8.145630e+01  6.082224e-02
8.274860e+01  6.075265e-02
8.406130e+01  6.070046e-02
8.539490e+01  6.066593e-02
8.674960e+01  6.065703e-02
8.812580e+01  6.062356e-02
8.840000e+01  6.062238e-02
8.940000e+01  6.140667e-02
9.081830e+01  6.005000e-02
9.225900e+01  5.871842e-02
9.372270e+01  5.739802e-02
9.520950e+01  5.610335e-02
9.671990e+01  5.444159e-02
9.825430e+01  5.205398e-02
9.940000e+01  5.036832e-02
9.990000e+01  5.047085e-02
1.014850e+02  4.806665e-02
1.030950e+02  4.575151e-02
1.047300e+02  4.340393e-02
1.063920e+02  4.119662e-02
1.080800e+02  3.909202e-02
1.097940e+02  3.708714e-02
1.115000e+02  3.599079e-02
1.120000e+02  3.420703e-02
1.137770e+02  3.334315e-02
1.155820e+02  3.248243e-02
1.174150e+02  3.193387e-02
1.192780e+02  3.162841e-02
1.211700e+02  3.134362e-02
1.230930e+02  3.108391e-02
1.250450e+02  3.073360e-02
1.270290e+02  2.969920e-02
1.290440e+02  2.869517e-02
1.310920e+02  2.742337e-02
1.320000e+02  2.681056e-02
1.324000e+02  2.601203e-02
1.345000e+02  2.498741e-02
1.366340e+02  2.400534e-02
1.388020e+02  2.278781e-02
1.410040e+02  2.163521e-02
1.432410e+02  2.095197e-02
1.455130e+02  2.029413e-02
1.478220e+02  1.965804e-02
1.501670e+02  1.904281e-02
1.525490e+02  1.844745e-02
1.549690e+02  1.790056e-02
1.574270e+02  1.737411e-02
1.599250e+02  1.686410e-02
1.624620e+02  1.637141e-02
1.650390e+02  1.580722e-02
1.676580e+02  1.500963e-02
1.703170e+02  1.425142e-02
1.730190e+02  1.352924e-02
1.757640e+02  1.284216e-02
1.785520e+02  1.219203e-02
1.813850e+02  1.161370e-02
1.842630e+02  1.106262e-02
1.871860e+02  1.054039e-02
1.880000e+02  1.040109e-02
1.890000e+02  1.005521e-02
1.919980e+02  9.635167e-03
1.950440e+02  9.232665e-03
1.981380e+02  8.847425e-03
2.012820e+02  8.478420e-03
2.044750e+02  8.125103e-03
2.077190e+02  7.786775e-03
2.110140e+02  7.462712e-03
2.143620e+02  7.129448e-03
2.177620e+02  6.779423e-03
2.212170e+02  6.446405e-03
2.247270e+02  6.129723e-03
2.282920e+02  5.828627e-03
2.319130e+02  5.542369e-03
2.355920e+02  5.270162e-03
2.393300e+02  5.011342e-03
2.431270e+02  4.765281e-03
2.469840e+02  4.531329e-03
2.509020e+02  4.308913e-03
2.548820e+02  4.097454e-03
2.589260e+02  3.896378e-03
2.630340e+02  3.705211e-03
2.672060e+02  3.523487e-03
2.714450e+02  3.350683e-03
2.757520e+02  3.186379e-03
2.801260e+02  3.030184e-03
2.845700e+02  2.880058e-03
2.890850e+02  2.726981e-03
2.936710e+02  2.582038e-03
2.983300e+02  2.444814e-03
3.030630e+02  2.314891e-03
3.078700e+02  2.191907e-03
3.127550e+02  2.075441e-03
3.177160e+02  1.965201e-03
3.227570e+02  1.860814e-03
3.278770e+02  1.761994e-03
3.330780e+02  1.668439e-03
3.383620e+02  1.579855e-03
3.437300e+02  1.495987e-03
3.491830e+02  1.416580e-03
3.547230e+02  1.341393e-03
3.603500e+02  1.270212e-03
3.660670e+02  1.202811e-03
3.718740e+02  1.139001e-03
3.777740e+02  1.078574e-03
3.837670e+02  1.021366e-03
3.898550e+02  9.671961e-04
3.960400e+02  9.159064e-04
4.023230e+02  8.673384e-04
4.087050e+02  8.213559e-04
4.151890e+02  7.778111e-04
4.217760e+02  7.365791e-04
4.284670e+02  6.975379e-04
4.352640e+02  6.605714e-04
4.421690e+02  6.248216e-04
4.491840e+02  5.901744e-04
4.563100e+02  5.574491e-04
4.635490e+02  5.265415e-04
4.709030e+02  4.973506e-04
4.783730e+02  4.697804e-04
4.859620e+02  4.437408e-04
4.936720e+02  4.191441e-04
5.015030e+02  3.959129e-04
5.094590e+02  3.739722e-04
5.175420e+02  3.532473e-04
5.257520e+02  3.336727e-04
5.340930e+02  3.151831e-04
5.425660e+02  2.976075e-04
5.511730e+02  2.795018e-04
5.599170e+02  2.626368e-04
5.688000e+02  2.479131e-04
5.778230e+02  2.340167e-04
5.869900e+02  2.208985e-04
5.963020e+02  2.085180e-04
6.057620e+02  1.968303e-04
6.153720e+02  1.858003e-04
6.251340e+02  1.753867e-04
6.350520e+02  1.655588e-04
6.451260e+02  1.562806e-04
6.553610e+02  1.475172e-04
6.657580e+02  1.392366e-04
6.763190e+02  1.314211e-04
6.870490e+02  1.240439e-04
6.979480e+02  1.170816e-04
7.090210e+02  1.104721e-04
7.202690e+02  1.038807e-04
7.316950e+02  9.768255e-05
7.433030e+02  9.185439e-05
7.550950e+02  8.637416e-05
7.670740e+02  8.114744e-05
7.792430e+02  7.616965e-05
7.916050e+02  7.149719e-05
8.041630e+02  6.763061e-05
8.169210e+02  6.403521e-05
8.298810e+02  6.063108e-05
8.430460e+02  5.740813e-05
8.564200e+02  5.392581e-05
8.700070e+02  5.021658e-05
8.838090e+02  4.676268e-05
8.978300e+02  4.354628e-05
9.120730e+02  4.069711e-05
9.265430e+02  3.805915e-05
9.412420e+02  3.559222e-05
9.561740e+02  3.328527e-05
9.713430e+02  3.112786e-05
9.867520e+02  2.911030e-05
1.002410e+03  2.719295e-05
1.018310e+03  2.524506e-05
1.034460e+03  2.343677e-05
1.050870e+03  2.175791e-05
1.067550e+03  2.019894e-05
1.084480e+03  1.875222e-05
1.101690e+03  1.739771e-05
1.119160e+03  1.604678e-05
1.136920e+03  1.480049e-05
1.154950e+03  1.365123e-05
1.173280e+03  1.259091e-05
1.191890e+03  1.161315e-05
1.210800e+03  1.073667e-05
1.230010e+03  9.944128e-06
1.249520e+03  9.210094e-06
1.269340e+03  8.530196e-06
1.289480e+03  7.900151e-06
1.302500e+03  7.521165e-06
1.302900e+03  7.509078e-06
1.303100e+03  1.561827e-04
1.304000e+03  1.558349e-04
1.324690e+03  1.475901e-04
1.345700e+03  1.397413e-04
1.367050e+03  1.323053e-04
1.388740e+03  1.252642e-04
1.410770e+03  1.185966e-04
1.433150e+03  1.122834e-04
1.455890e+03  1.063058e-04
1.478980e+03  1.006512e-04
1.502450e+03  9.529803e-05
1.526280e+03  9.023552e-05
1.550490e+03  8.544120e-05
1.575090e+03  8.090102e-05
1.600080e+03  7.660245e-05
1.625460e+03  7.253301e-05
1.651250e+03  6.867950e-05
1.677450e+03  6.503019e-05
1.704060e+03  6.157531e-05
1.731090e+03  5.830140e-05
1.758550e+03  5.512665e-05
1.786450e+03  5.211291e-05
1.814790e+03  4.925375e-05
1.843580e+03  4.655093e-05
1.872830e+03  4.399648e-05
1.902540e+03  4.158227e-05
1.932720e+03  3.930110e-05
1.963380e+03  3.714463e-05
1.994530e+03  3.510575e-05
2.000000e+03  3.476263e-05
2.026000e+03  3.321061e-05
2.052000e+03  3.170783e-05
2.079000e+03  3.023493e-05
2.106000e+03  2.884528e-05
2.134000e+03  2.748760e-05
2.161000e+03  2.625190e-05
2.190000e+03  2.500027e-05
2.218000e+03  2.386177e-05
2.247000e+03  2.274908e-05
2.277000e+03  2.166434e-05
2.306000e+03  2.067625e-05
2.337000e+03  1.968118e-05
2.367000e+03  1.877365e-05
2.398000e+03  1.788997e-05
2.429000e+03  1.705860e-05
2.461000e+03  1.624841e-05
2.493000e+03  1.548531e-05
2.526000e+03  1.474514e-05
2.559000e+03  1.404828e-05
2.592000e+03  1.339154e-05
2.626000e+03  1.275511e-05
2.660000e+03  1.215519e-05
2.695000e+03  1.157385e-05
2.730000e+03  1.102660e-05
2.766000e+03  1.049689e-05
2.802000e+03  9.998388e-06
2.839000e+03  9.516336e-06
2.876000e+03  9.062875e-06
2.914000e+03  8.624714e-06
2.952000e+03  8.212579e-06
2.990000e+03  7.824722e-06
3.029000e+03  7.450001e-06
3.069000e+03  7.088578e-06
3.109000e+03  6.748699e-06
3.150000e+03  6.421112e-06
3.191000e+03  6.112984e-06
3.232000e+03  5.823158e-06
3.275000e+03  5.537248e-06
3.317000e+03  5.274660e-06
3.361000e+03  5.016076e-06
3.405000e+03  4.772944e-06
3.449000e+03  4.544373e-06
3.494000e+03  4.324539e-06
3.540000e+03  4.113308e-06
3.586000e+03  3.914766e-06
3.633000e+03  3.724000e-06
3.680000e+03  3.544729e-06
3.729000e+03  3.369186e-06
3.777000e+03  3.207489e-06
3.827000e+03  3.049243e-06
3.877000e+03  2.900652e-06
3.927000e+03  2.760914e-06
3.979000e+03  2.624400e-06
4.031000e+03  2.496177e-06
4.083000e+03  2.375588e-06
4.137000e+03  2.258022e-06
4.191000e+03  2.147574e-06
4.245000e+03  2.043815e-06
4.301000e+03  1.942718e-06
4.357000e+03  1.847760e-06
4.414000e+03  1.756916e-06
4.472000e+03  1.670162e-06
4.530000e+03  1.588656e-06
4.589000e+03  1.510827e-06
4.649000e+03  1.436437e-06
4.710000e+03  1.365400e-06
4.771000e+03  1.298768e-06
4.834000e+03  1.234089e-06
4.897000e+03  1.173385e-06
4.961000e+03  1.115449e-06
5.026000e+03  1.060213e-06
5.091000e+03  1.008408e-06
5.158000e+03  9.582063e-07
5.225000e+03  9.110598e-07
5.294000e+03  8.655596e-07
5.363000e+03  8.227657e-07
5.433000e+03  7.820521e-07
5.504000e+03  7.432978e-07
5.576000e+03  7.063878e-07
5.649000e+03  6.713340e-07
5.722000e+03  6.383120e-07
5.797000e+03  6.065644e-07
5.873000e+03  5.763133e-07
5.950000e+03  5.475718e-07
6.027000e+03  5.205953e-07
6.106000e+03  4.946164e-07
6.186000e+03  4.699278e-07
6.267000e+03  4.464772e-07
6.349000e+03  4.242018e-07
6.432000e+03  4.030446e-07
6.516000e+03  3.829581e-07
6.601000e+03  3.638772e-07
6.687000e+03  3.457643e-07
6.774000e+03  3.285700e-07
6.863000e+03  3.120702e-07
6.952000e+03  2.965849e-07
7.043000e+03  2.817267e-07
7.135000e+03  2.676335e-07
7.229000e+03  2.541338e-07
7.323000e+03  2.414662e-07
7.419000e+03  2.293360e-07
7.516000e+03  2.178341e-07
7.614000e+03  2.069355e-07
7.713000e+03  1.966039e-07
7.814000e+03  1.867200e-07
7.916000e+03  1.773556e-07
8.019000e+03  1.684823e-07
8.124000e+03  1.600014e-07
8.230000e+03  1.519684e-07
8.338000e+03  1.442948e-07
8.447000e+03  1.370322e-07
8.557000e+03  1.301606e-07
8.669000e+03  1.235962e-07
8.782000e+03  1.173863e-07
8.897000e+03  1.114585e-07
9.013000e+03  1.058494e-07
9.131000e+03  1.005040e-07
9.250000e+03  9.544399e-08
9.371000e+03  9.062108e-08
9.494000e+03  8.602533e-08
9.618000e+03  8.168205e-08
9.743000e+03  7.757538e-08
9.897570e+03  7.284556e-08
1.005460e+04  6.840242e-08
1.021410e+04  6.422816e-08
1.037610e+04  6.030684e-08
1.054070e+04  5.662316e-08
1.070800e+04  5.316182e-08
1.087780e+04  4.991148e-08
1.105040e+04  4.685765e-08
1.122570e+04  4.398949e-08
1.140380e+04  4.129538e-08
1.158470e+04  3.876515e-08
1.176850e+04  3.638854e-08
1.195520e+04  3.415655e-08
1.214490e+04  3.206020e-08
1.233750e+04  3.009199e-08
1.253320e+04  2.824344e-08
1.273210e+04  2.650711e-08
1.293410e+04  2.487686e-08
1.313930e+04  2.334608e-08
1.334770e+04  2.190887e-08
1.355940e+04  2.055941e-08
1.377460e+04  1.929198e-08
1.399310e+04  1.810232e-08
1.421510e+04  1.698527e-08
1.444060e+04  1.593664e-08
1.466970e+04  1.495211e-08
1.490240e+04  1.402794e-08
1.513880e+04  1.316035e-08
1.537900e+04  1.234583e-08
1.562300e+04  1.158130e-08
1.587080e+04  1.086375e-08
1.612260e+04  1.019017e-08
1.637840e+04  9.557936e-09
1.663820e+04  8.964600e-09
1.690210e+04  8.407774e-09
1.717030e+04  7.885060e-09
1.744270e+04  7.394585e-09
1.771940e+04  6.934310e-09
1.800050e+04  6.502379e-09
1.828610e+04  6.097049e-09
1.857610e+04  5.716788e-09
1.887080e+04  5.359914e-09
1.917020e+04  5.025068e-09
1.947430e+04  4.710927e-09
1.978330e+04  4.416174e-09
2.009710e+04  4.140105e-09
2.041600e+04  3.880732e-09
2.073980e+04  3.637575e-09
2.106890e+04  3.409506e-09
2.140310e+04  3.195695e-09
2.174270e+04  2.995173e-09
2.208760e+04  2.807187e-09
2.243800e+04  2.630917e-09
2.279390e+04  2.465654e-09
2.315560e+04  2.310677e-09
2.352290e+04  2.165401e-09
2.389610e+04  2.029185e-09
2.427520e+04  1.901491e-09
2.466030e+04  1.781777e-09
2.505150e+04  1.669549e-09
2.544890e+04  1.564345e-09
2.585260e+04  1.465720e-09
2.626280e+04  1.373262e-09
2.667940e+04  1.286606e-09
2.710270e+04  1.205367e-09
2.753260e+04  1.129238e-09
2.796940e+04  1.057871e-09
2.841310e+04  9.909840e-10
2.886390e+04  9.282848e-10
2.932180e+04  8.695316e-10
2.978700e+04  8.144633e-10
3.000000e+04  7.906808e-10
-1  -1
