  -1
3.025550e+01  1.465827e+00
3.074490e+01  1.352925e+00
3.124210e+01  1.247260e+00
3.174750e+01  1.148803e+00
3.226090e+01  1.057465e+00
3.278270e+01  9.729468e-01
3.331300e+01  8.948809e-01
3.385180e+01  8.229652e-01
3.439930e+01  7.582059e-01
3.495570e+01  6.990649e-01
3.552110e+01  6.449388e-01
3.609560e+01  5.953712e-01
3.667940e+01  5.500222e-01
3.727270e+01  5.087847e-01
3.787550e+01  4.677881e-01
3.848820e+01  4.293187e-01
3.911070e+01  3.937510e-01
3.974320e+01  3.609836e-01
4.038610e+01  3.307905e-01
4.103930e+01  3.029645e-01
4.170310e+01  2.775657e-01
4.237760e+01  2.540418e-01
4.306300e+01  2.320663e-01
4.375950e+01  2.119891e-01
4.446730e+01  1.992792e-01
4.518650e+01  1.870952e-01
4.591740e+01  1.741833e-01
4.666000e+01  1.795432e-01
4.741470e+01  1.956113e-01
4.818160e+01  2.139225e-01
4.896090e+01  2.321411e-01
4.975280e+01  2.887329e-01
5.055760e+01  3.861734e-01
5.137530e+01  4.292998e-01
5.220620e+01  4.688649e-01
5.305060e+01  4.834331e-01
5.390870e+01  4.904836e-01
5.478060e+01  4.777823e-01
5.566670e+01  4.587362e-01
5.656700e+01  4.366278e-01
5.748200e+01  4.128251e-01
5.841170e+01  3.882831e-01
5.935640e+01  3.635219e-01
6.031650e+01  3.404425e-01
6.129210e+01  3.201210e-01
6.228340e+01  3.007392e-01
6.329080e+01  2.822351e-01
6.431450e+01  2.646117e-01
6.535470e+01  2.478691e-01
6.641180e+01  2.319730e-01
6.748590e+01  2.174854e-01
6.857750e+01  2.040717e-01
6.968670e+01  1.914572e-01
7.081380e+01  1.795802e-01
7.195910e+01  1.683935e-01
7.312300e+01  1.578260e-01
7.430570e+01  1.486745e-01
7.550760e+01  1.409763e-01
7.672890e+01  1.337734e-01
7.796990e+01  1.269810e-01
7.923100e+01  1.205623e-01
8.051250e+01  1.144835e-01
8.181470e+01  1.088589e-01
8.313800e+01  1.039390e-01
8.448270e+01  9.928660e-02
8.584910e+01  9.486963e-02
8.723770e+01  9.067069e-02
8.864870e+01  8.667539e-02
9.008250e+01  8.287052e-02
9.153950e+01  7.924416e-02
9.302010e+01  7.578471e-02
9.452460e+01  7.247839e-02
9.605350e+01  6.929679e-02
9.760710e+01  6.706854e-02
9.918580e+01  6.503342e-02
1.007900e+02  6.308617e-02
1.024200e+02  6.121706e-02
1.040770e+02  5.941797e-02
1.057600e+02  5.768617e-02
1.074710e+02  5.601537e-02
1.092090e+02  5.440404e-02
1.109750e+02  5.284805e-02
1.127700e+02  5.136468e-02
1.145940e+02  4.993575e-02
1.164480e+02  4.855387e-02
1.183310e+02  4.721800e-02
1.202450e+02  4.592472e-02
1.221900e+02  4.467273e-02
1.241660e+02  4.346086e-02
1.261750e+02  4.228643e-02
1.282150e+02  4.115023e-02
1.302890e+02  4.003325e-02
1.323970e+02  3.887598e-02
1.345380e+02  3.775514e-02
1.367140e+02  3.666894e-02
1.389250e+02  3.561701e-02
1.411720e+02  3.459804e-02
1.434560e+02  3.361090e-02
1.457760e+02  3.265561e-02
1.481340e+02  3.173140e-02
1.505300e+02  3.073294e-02
1.529640e+02  2.964665e-02
1.554390e+02  2.859652e-02
1.579530e+02  2.758442e-02
1.605070e+02  2.660894e-02
1.631030e+02  2.566850e-02
1.657420e+02  2.476190e-02
1.684220e+02  2.388874e-02
1.711460e+02  2.304707e-02
1.739150e+02  2.223581e-02
1.767270e+02  2.144850e-02
1.795860e+02  2.067450e-02
1.824910e+02  1.992908e-02
1.854420e+02  1.921138e-02
1.884420e+02  1.851997e-02
1.914890e+02  1.785444e-02
1.945870e+02  1.721316e-02
1.977340e+02  1.659576e-02
2.009320e+02  1.599629e-02
2.041820e+02  1.541722e-02
2.074850e+02  1.485955e-02
2.108400e+02  1.432275e-02
2.142510e+02  1.380563e-02
2.177160e+02  1.330778e-02
2.212370e+02  1.282838e-02
2.248160e+02  1.236656e-02
2.284520e+02  1.192196e-02
2.321470e+02  1.149375e-02
2.359020e+02  1.108143e-02
2.397170e+02  1.068469e-02
2.435950e+02  1.023330e-02
2.475350e+02  9.763681e-03
2.515380e+02  9.315427e-03
2.556070e+02  8.887708e-03
2.597410e+02  8.479767e-03
2.639420e+02  8.090656e-03
2.682110e+02  7.719530e-03
2.725490e+02  7.365573e-03
2.769570e+02  7.027976e-03
2.814370e+02  6.705973e-03
2.859890e+02  6.398877e-03
2.906150e+02  6.105981e-03
2.953150e+02  5.816496e-03
3.000920e+02  5.537464e-03
3.049450e+02  5.271933e-03
3.098780e+02  5.019176e-03
3.148900e+02  4.778641e-03
3.199830e+02  4.549719e-03
3.251580e+02  4.331863e-03
3.304180e+02  4.124477e-03
3.357620e+02  3.927111e-03
3.411920e+02  3.739266e-03
3.467110e+02  3.560452e-03
3.523190e+02  3.390248e-03
3.580170e+02  3.227922e-03
3.638080e+02  3.073271e-03
3.696920e+02  2.926090e-03
3.756720e+02  2.785982e-03
3.817480e+02  2.652646e-03
3.879220e+02  2.525720e-03
3.941970e+02  2.404899e-03
4.005730e+02  2.289890e-03
4.070520e+02  2.180418e-03
4.136350e+02  2.076217e-03
4.203260e+02  1.974516e-03
4.271240e+02  1.872297e-03
4.340320e+02  1.775375e-03
4.410520e+02  1.683487e-03
4.481860e+02  1.596368e-03
4.554350e+02  1.513773e-03
4.628020e+02  1.435461e-03
4.702870e+02  1.361215e-03
4.778940e+02  1.290813e-03
4.856230e+02  1.226624e-03
4.934780e+02  1.167036e-03
5.014590e+02  1.110351e-03
5.095700e+02  1.056427e-03
5.178120e+02  1.005125e-03
5.261870e+02  9.563173e-04
5.346980e+02  9.099014e-04
5.433460e+02  8.663759e-04
5.521340e+02  8.249374e-04
5.610650e+02  7.847937e-04
5.701390e+02  7.463017e-04
5.793610e+02  7.097885e-04
5.887320e+02  6.750920e-04
5.982540e+02  6.420893e-04
6.079300e+02  6.106417e-04
6.177630e+02  5.806303e-04
6.277550e+02  5.518391e-04
6.379080e+02  5.225650e-04
6.386000e+02  5.187836e-04
6.388000e+02  4.473435e-03
6.482260e+02  4.308801e-03
6.587110e+02  4.101583e-03
6.693650e+02  3.901773e-03
6.801910e+02  3.710690e-03
6.911930e+02  3.528414e-03
7.023720e+02  3.354789e-03
7.137330e+02  3.186867e-03
7.252770e+02  3.025211e-03
7.370080e+02  2.861860e-03
7.489280e+02  2.771302e-03
7.610420e+02  2.729801e-03
7.733510e+02  2.689092e-03
7.858590e+02  2.595267e-03
7.985700e+02  2.461978e-03
8.114860e+02  2.329195e-03
8.246110e+02  2.203551e-03
8.379490e+02  2.084653e-03
8.515020e+02  1.974135e-03
8.652740e+02  1.871423e-03
8.792690e+02  1.775715e-03
8.934910e+02  1.684909e-03
9.079430e+02  1.598756e-03
9.226280e+02  1.516998e-03
9.375510e+02  1.438125e-03
9.527150e+02  1.363043e-03
9.681240e+02  1.291617e-03
9.837830e+02  1.223942e-03
9.996950e+02  1.159748e-03
1.015860e+03  1.098876e-03
1.032290e+03  1.040722e-03
1.048990e+03  9.852927e-04
1.065960e+03  9.324623e-04
1.083200e+03  8.824610e-04
1.100720e+03  8.351424e-04
1.118520e+03  7.903693e-04
1.136610e+03  7.479999e-04
1.155000e+03  7.078902e-04
1.173680e+03  6.699377e-04
1.192660e+03  6.340295e-04
1.211950e+03  6.000433e-04
1.231550e+03  5.678795e-04
1.251470e+03  5.373092e-04
1.271720e+03  5.082523e-04
1.292290e+03  4.806250e-04
1.313190e+03  4.545000e-04
1.334430e+03  4.297936e-04
1.356010e+03  4.064328e-04
1.377940e+03  3.843388e-04
1.400230e+03  3.634440e-04
1.422880e+03  3.436887e-04
1.445890e+03  3.250118e-04
1.469280e+03  3.073116e-04
1.493040e+03  2.905275e-04
1.517190e+03  2.744545e-04
1.541730e+03  2.592451e-04
1.566670e+03  2.448786e-04
1.592010e+03  2.313154e-04
1.617760e+03  2.185012e-04
1.643920e+03  2.063929e-04
1.670510e+03  1.949586e-04
1.697530e+03  1.841599e-04
1.724990e+03  1.739600e-04
1.752890e+03  1.641925e-04
1.781240e+03  1.549308e-04
1.810050e+03  1.461612e-04
1.839320e+03  1.378891e-04
1.869070e+03  1.300856e-04
1.899300e+03  1.227272e-04
1.930020e+03  1.157826e-04
1.961240e+03  1.092295e-04
1.992960e+03  1.030462e-04
2.025200e+03  9.726323e-05
2.057950e+03  9.171757e-05
2.091240e+03  8.647726e-05
2.125060e+03  8.152769e-05
2.159430e+03  7.686058e-05
2.194360e+03  7.245497e-05
2.229850e+03  6.829449e-05
2.265920e+03  6.436883e-05
2.302570e+03  6.066516e-05
2.339810e+03  5.717118e-05
2.377660e+03  5.387421e-05
2.416110e+03  5.076556e-05
2.455190e+03  4.783276e-05
2.494900e+03  4.506752e-05
2.535260e+03  4.245940e-05
2.576260e+03  4.000061e-05
2.617930e+03  3.768246e-05
2.660270e+03  3.549701e-05
2.703300e+03  3.343711e-05
2.747030e+03  3.149509e-05
2.791460e+03  2.966493e-05
2.836610e+03  2.794018e-05
2.882490e+03  2.631510e-05
2.929110e+03  2.478361e-05
2.976480e+03  2.334071e-05
3.024630e+03  2.198102e-05
3.073550e+03  2.069991e-05
3.123260e+03  1.949330e-05
3.173780e+03  1.835650e-05
3.225110e+03  1.728592e-05
3.277270e+03  1.627756e-05
3.330280e+03  1.532770e-05
3.384150e+03  1.443330e-05
3.438880e+03  1.359080e-05
3.494500e+03  1.279745e-05
3.551020e+03  1.205032e-05
3.608460e+03  1.134670e-05
3.666820e+03  1.068431e-05
3.726130e+03  1.006071e-05
3.786400e+03  9.473349e-06
3.847640e+03  8.920493e-06
3.909870e+03  8.400148e-06
3.973110e+03  7.910011e-06
4.037380e+03  7.448416e-06
4.102680e+03  7.014183e-06
4.169030e+03  6.605265e-06
4.236460e+03  6.220409e-06
4.304980e+03  5.858009e-06
4.374620e+03  5.516744e-06
4.445370e+03  5.195810e-06
4.517270e+03  4.893506e-06
4.590330e+03  4.608914e-06
4.664580e+03  4.341101e-06
4.740030e+03  4.088935e-06
4.816690e+03  3.851695e-06
4.894600e+03  3.628290e-06
4.973770e+03  3.418130e-06
5.054210e+03  3.220048e-06
5.135960e+03  3.033772e-06
5.219030e+03  2.858405e-06
5.303440e+03  2.693334e-06
5.389220e+03  2.537923e-06
5.476390e+03  2.391638e-06
5.564970e+03  2.253931e-06
5.654980e+03  2.124285e-06
5.746440e+03  2.002246e-06
5.839390e+03  1.887359e-06
5.933830e+03  1.779182e-06
6.029810e+03  1.677350e-06
6.127330e+03  1.581486e-06
6.226440e+03  1.491219e-06
6.327150e+03  1.406217e-06
6.429480e+03  1.326175e-06
6.533480e+03  1.250796e-06
6.538900e+03  1.247000e-06
6.539100e+03  1.004283e-05
6.639150e+03  9.531038e-06
6.746540e+03  9.018299e-06
6.855650e+03  8.531370e-06
6.966540e+03  8.068810e-06
7.079220e+03  7.629794e-06
7.193720e+03  7.213097e-06
7.310070e+03  6.818016e-06
7.428310e+03  6.443271e-06
7.548450e+03  6.087808e-06
7.670540e+03  5.751071e-06
7.794610e+03  5.432060e-06
7.920680e+03  5.129821e-06
8.048790e+03  4.843544e-06
8.178980e+03  4.572593e-06
8.311260e+03  4.316108e-06
8.445690e+03  4.073458e-06
8.582290e+03  3.843773e-06
8.721110e+03  3.626477e-06
8.862160e+03  3.421060e-06
9.005500e+03  3.226920e-06
9.151160e+03  3.043350e-06
9.299170e+03  2.869787e-06
9.449580e+03  2.705823e-06
9.602420e+03  2.550905e-06
9.757730e+03  2.404692e-06
9.915550e+03  2.266433e-06
1.007590e+04  2.135958e-06
1.023890e+04  2.012763e-06
1.040450e+04  1.896471e-06
1.057280e+04  1.786708e-06
1.074380e+04  1.683137e-06
1.091760e+04  1.585402e-06
1.109420e+04  1.493201e-06
1.127360e+04  1.406242e-06
1.145590e+04  1.324223e-06
1.164120e+04  1.246862e-06
1.182950e+04  1.173920e-06
1.202080e+04  1.105149e-06
1.221530e+04  1.040311e-06
1.241280e+04  9.792095e-07
1.261360e+04  9.216167e-07
1.281760e+04  8.673393e-07
1.302500e+04  8.161916e-07
1.323560e+04  7.680101e-07
1.344970e+04  7.226167e-07
1.366720e+04  6.798589e-07
1.388830e+04  6.395786e-07
1.411290e+04  6.016496e-07
1.434120e+04  5.659254e-07
1.457310e+04  5.322975e-07
1.480890e+04  5.006189e-07
1.504840e+04  4.708039e-07
1.529180e+04  4.427360e-07
1.553910e+04  4.163170e-07
1.579040e+04  3.914502e-07
1.604580e+04  3.680456e-07
1.630540e+04  3.460165e-07
1.656910e+04  3.252913e-07
1.683710e+04  3.057887e-07
1.710940e+04  2.874406e-07
1.738610e+04  2.701790e-07
1.766740e+04  2.539362e-07
1.795310e+04  2.386617e-07
1.824350e+04  2.242921e-07
1.853860e+04  2.107770e-07
1.883840e+04  1.980680e-07
1.914310e+04  1.861148e-07
1.945270e+04  1.748751e-07
1.976740e+04  1.643047e-07
2.008710e+04  1.543674e-07
2.041200e+04  1.450237e-07
2.074210e+04  1.362404e-07
2.107760e+04  1.279823e-07
2.141850e+04  1.202199e-07
2.176500e+04  1.129223e-07
2.211700e+04  1.060640e-07
2.247470e+04  9.961831e-08
2.283820e+04  9.356004e-08
2.320760e+04  8.786637e-08
2.358300e+04  8.251573e-08
2.396440e+04  7.748823e-08
2.435200e+04  7.276397e-08
2.474590e+04  6.832487e-08
2.514620e+04  6.415389e-08
2.555290e+04  6.023576e-08
2.596620e+04  5.655459e-08
2.638610e+04  5.309663e-08
2.681290e+04  4.984787e-08
2.724660e+04  4.679629e-08
2.768730e+04  4.392998e-08
2.813510e+04  4.123774e-08
2.859020e+04  3.870898e-08
2.905260e+04  3.633427e-08
2.952250e+04  3.410395e-08
3.000000e+04  3.200940e-08
-1  -1
