  -1
3.030280e+01  9.601378e-01
3.079300e+01  8.127497e-01
3.129100e+01  6.997509e-01
3.179710e+01  6.034176e-01
3.231140e+01  5.346677e-01
3.283400e+01  4.874992e-01
3.336510e+01  4.468995e-01
3.390480e+01  4.168715e-01
3.445310e+01  3.958946e-01
3.501040e+01  3.777084e-01
3.557660e+01  3.607118e-01
3.615210e+01  3.449651e-01
3.673680e+01  3.423318e-01
3.733100e+01  3.427513e-01
3.793480e+01  3.425087e-01
3.854840e+01  3.419170e-01
3.917180e+01  3.501512e-01
3.980540e+01  3.927769e-01
4.044920e+01  4.473699e-01
4.110350e+01  4.845299e-01
4.176830e+01  5.286105e-01
4.244390e+01  5.688186e-01
4.313040e+01  6.201188e-01
4.382790e+01  6.587748e-01
4.453680e+01  6.810725e-01
4.525720e+01  6.997064e-01
4.598920e+01  7.169880e-01
4.673300e+01  7.287149e-01
4.748890e+01  7.362410e-01
4.825700e+01  7.388626e-01
4.903750e+01  7.387361e-01
4.983060e+01  7.395061e-01
5.063660e+01  7.420368e-01
5.145560e+01  7.491132e-01
5.228790e+01  7.576113e-01
5.313360e+01  7.535834e-01
5.399300e+01  7.406057e-01
5.486630e+01  7.224215e-01
5.575370e+01  6.947018e-01
5.665550e+01  6.669492e-01
5.757180e+01  6.380104e-01
5.850300e+01  5.938079e-01
5.944920e+01  5.386646e-01
6.041080e+01  4.791059e-01
6.050000e+01  4.719098e-01
6.075000e+01  4.890635e-01
6.100000e+01  4.788728e-01
6.125000e+01  4.326054e-01
6.150000e+01  4.307874e-01
6.175000e+01  4.366229e-01
6.200000e+01  4.045017e-01
6.225000e+01  3.936952e-01
6.250000e+01  3.966416e-01
6.275000e+01  3.974694e-01
6.300000e+01  3.666164e-01
6.325000e+01  3.552241e-01
6.350000e+01  3.512082e-01
6.375000e+01  3.404343e-01
6.400000e+01  3.383714e-01
6.425000e+01  3.005702e-01
6.450000e+01  3.388808e-01
6.475000e+01  3.070536e-01
6.500000e+01  2.881556e-01
6.525000e+01  2.797563e-01
6.550000e+01  2.704718e-01
6.575000e+01  2.734933e-01
6.599900e+01  2.612755e-01
6.625000e+01  2.552865e-01
6.675000e+01  2.415378e-01
6.750000e+01  2.125615e-01
6.775000e+01  2.082359e-01
6.800000e+01  1.978531e-01
6.850000e+01  1.834754e-01
6.875000e+01  1.743258e-01
6.900000e+01  1.673398e-01
6.925000e+01  1.631256e-01
6.950000e+01  1.549654e-01
6.975000e+01  1.512940e-01
7.000000e+01  1.458504e-01
7.025000e+01  1.439884e-01
7.050000e+01  1.386699e-01
7.075000e+01  1.315037e-01
7.100000e+01  1.279697e-01
7.125000e+01  1.209664e-01
7.150000e+01  1.177665e-01
7.175000e+01  1.168345e-01
7.200000e+01  1.130367e-01
7.225000e+01  1.098442e-01
7.250000e+01  1.054844e-01
7.275000e+01  1.037823e-01
7.325000e+01  9.697796e-02
7.350000e+01  9.514381e-02
7.375000e+01  9.247515e-02
7.400000e+01  8.919151e-02
7.425000e+01  8.704003e-02
7.450000e+01  8.580595e-02
7.500000e+01  8.005246e-02
7.600000e+01  7.097075e-02
7.700000e+01  6.222480e-02
7.725000e+01  6.005937e-02
7.750000e+01  5.830597e-02
7.850000e+01  5.102227e-02
7.875000e+01  4.954329e-02
7.950000e+01  4.482959e-02
8.000000e+01  4.219846e-02
8.100000e+01  3.744731e-02
8.175000e+01  3.455356e-02
8.200000e+01  3.349996e-02
8.225000e+01  3.277409e-02
8.275000e+01  3.111999e-02
8.408840e+01  2.757758e-02
8.425000e+01  2.719327e-02
8.500000e+01  2.566482e-02
8.525000e+01  2.461621e-02
8.600000e+01  2.336885e-02
8.650000e+01  2.247693e-02
8.675000e+01  2.225275e-02
8.700000e+01  2.181430e-02
8.725000e+01  2.155139e-02
8.750000e+01  2.106307e-02
8.891520e+01  1.935028e-02
8.925000e+01  1.897189e-02
9.000100e+01  1.801629e-02
9.100100e+01  1.702959e-02
9.125000e+01  1.684506e-02
9.150000e+01  1.658786e-02
9.175000e+01  1.641917e-02
9.225000e+01  1.589543e-02
9.250000e+01  1.572361e-02
9.275000e+01  1.546949e-02
9.325000e+01  1.508426e-02
9.375000e+01  1.477627e-02
9.400000e+01  1.456603e-02
9.425000e+01  1.442616e-02
9.500000e+01  1.389829e-02
9.550000e+01  1.368554e-02
9.600000e+01  1.338574e-02
9.700000e+01  1.296058e-02
9.725000e+01  1.290247e-02
9.775000e+01  1.267688e-02
9.933100e+01  1.222583e-02
9.950000e+01  1.217946e-02
1.000000e+02  1.197615e-02
1.010000e+02  1.195423e-02
1.015000e+02  1.170345e-02
1.020000e+02  1.158825e-02
1.025000e+02  1.171379e-02
1.030000e+02  1.151909e-02
1.035000e+02  1.161509e-02
1.040000e+02  1.140294e-02
1.045000e+02  1.131836e-02
1.050000e+02  1.130687e-02
1.055000e+02  1.121614e-02
1.060000e+02  1.118525e-02
1.065000e+02  1.120302e-02
1.070000e+02  1.104822e-02
1.075000e+02  1.101941e-02
1.080000e+02  1.086644e-02
1.085000e+02  1.093953e-02
1.090000e+02  1.090208e-02
1.095000e+02  1.076774e-02
1.112710e+02  1.053721e-02
1.115000e+02  1.050842e-02
1.120000e+02  1.039166e-02
1.125000e+02  1.038411e-02
1.135000e+02  1.027351e-02
1.140000e+02  1.032211e-02
1.145000e+02  1.023427e-02
1.155000e+02  1.029970e-02
1.160000e+02  1.022481e-02
1.165000e+02  1.020104e-02
1.170000e+02  1.012823e-02
1.180000e+02  1.017153e-02
1.185000e+02  1.007569e-02
1.190000e+02  1.009530e-02
1.195000e+02  1.006045e-02
1.200000e+02  1.008128e-02
1.215000e+02  9.850507e-03
1.220000e+02  9.665177e-03
1.230000e+02  9.521372e-03
1.240000e+02  9.432460e-03
1.250000e+02  9.396968e-03
1.260000e+02  9.284117e-03
1.280000e+02  9.381758e-03
1.290000e+02  9.050069e-03
1.300000e+02  8.986096e-03
1.310000e+02  9.036444e-03
1.320000e+02  8.903160e-03
1.340000e+02  8.742221e-03
1.350000e+02  8.588369e-03
1.360000e+02  8.624145e-03
1.380000e+02  8.444840e-03
1.390000e+02  8.495371e-03
1.400000e+02  8.413563e-03
1.410000e+02  8.200876e-03
1.420000e+02  8.345485e-03
1.430000e+02  8.244358e-03
1.440000e+02  8.271381e-03
1.460000e+02  8.101325e-03
1.470000e+02  8.139415e-03
1.480000e+02  8.124885e-03
1.490000e+02  8.052275e-03
1.510000e+02  8.025058e-03
1.520000e+02  7.950842e-03
1.530000e+02  7.922578e-03
1.540000e+02  7.826051e-03
1.560000e+02  7.736903e-03
1.585230e+02  7.528392e-03
1.600000e+02  7.410593e-03
1.610000e+02  7.310308e-03
1.620000e+02  7.272556e-03
1.630000e+02  7.158301e-03
1.656360e+02  7.000909e-03
1.670000e+02  6.921999e-03
1.680000e+02  6.803363e-03
1.690000e+02  6.845780e-03
1.700000e+02  6.736720e-03
1.720000e+02  6.647154e-03
1.730000e+02  6.545655e-03
1.750000e+02  6.441416e-03
1.760000e+02  6.328004e-03
1.788470e+02  6.249009e-03
1.790000e+02  6.244980e-03
1.810000e+02  6.066830e-03
1.820000e+02  6.065166e-03
1.830000e+02  6.013571e-03
1.840000e+02  6.009498e-03
1.850000e+02  5.901269e-03
1.860000e+02  5.825318e-03
1.870000e+02  5.808991e-03
1.880000e+02  5.948621e-03
1.900000e+02  5.898982e-03
1.910000e+02  5.856695e-03
1.920000e+02  5.783661e-03
1.930000e+02  5.746840e-03
1.950000e+02  5.607792e-03
1.970000e+02  5.541909e-03
2.000000e+02  5.400430e-03
2.010000e+02  5.411768e-03
2.030000e+02  5.262172e-03
2.040000e+02  5.249744e-03
2.050000e+02  5.177991e-03
2.060000e+02  5.155088e-03
2.093320e+02  5.016225e-03
2.120000e+02  4.909526e-03
2.150000e+02  4.829369e-03
2.160000e+02  4.768380e-03
2.180000e+02  4.726301e-03
2.200000e+02  4.644164e-03
2.220000e+02  4.593774e-03
2.230000e+02  4.541411e-03
2.250000e+02  4.478656e-03
2.260000e+02  4.474814e-03
2.270000e+02  4.417332e-03
2.280000e+02  4.766940e-03
2.290000e+02  4.694280e-03
2.300000e+02  4.662161e-03
2.310000e+02  4.839206e-03
2.320000e+02  4.872813e-03
2.330000e+02  4.864704e-03
2.340000e+02  4.917889e-03
2.350000e+02  4.939636e-03
2.360000e+02  4.935640e-03
2.370000e+02  4.955269e-03
2.400000e+02  5.365294e-03
2.410000e+02  5.637628e-03
2.420000e+02  5.788230e-03
2.430000e+02  5.996131e-03
2.440000e+02  6.242547e-03
2.450000e+02  6.438565e-03
2.460000e+02  6.403151e-03
2.499790e+02  6.673024e-03
2.510000e+02  6.742179e-03
2.530000e+02  7.177752e-03
2.550000e+02  7.747241e-03
2.580000e+02  8.909534e-03
2.600000e+02  9.853572e-03
2.620000e+02  1.080257e-02
2.630000e+02  1.136463e-02
2.660000e+02  1.281404e-02
2.670000e+02  1.323832e-02
2.690000e+02  1.380588e-02
2.733510e+02  1.477675e-02
2.740000e+02  1.492591e-02
2.760000e+02  1.524323e-02
2.780000e+02  1.531814e-02
2.810000e+02  1.523775e-02
2.830000e+02  1.522702e-02
2.875770e+02  1.527928e-02
2.922290e+02  1.533041e-02
2.950000e+02  1.535883e-02
2.990000e+02  1.555862e-02
3.000000e+02  1.550700e-02
3.010000e+02  1.565705e-02
3.030000e+02  1.568484e-02
3.040000e+02  1.596872e-02
3.050000e+02  1.579867e-02
3.070000e+02  1.600643e-02
3.090000e+02  1.611206e-02
3.100000e+02  1.622038e-02
3.140000e+02  1.627777e-02
3.190000e+02  1.614530e-02
3.230000e+02  1.594204e-02
3.240000e+02  1.578688e-02
3.270000e+02  1.549970e-02
3.310000e+02  1.515438e-02
3.350000e+02  1.494383e-02
3.360000e+02  1.493178e-02
3.380000e+02  1.484139e-02
3.430000e+02  1.457107e-02
3.440000e+02  1.445395e-02
3.495640e+02  1.413213e-02
3.500000e+02  1.410883e-02
3.540000e+02  1.396620e-02
3.597260e+02  1.357149e-02
3.630000e+02  1.335211e-02
3.670000e+02  1.317903e-02
3.700000e+02  1.300763e-02
3.707500e+02  1.280276e-02
3.710100e+02  1.286757e-02
3.715000e+02  1.283486e-02
3.717500e+02  1.285646e-02
3.722500e+02  1.276851e-02
3.727500e+02  1.272871e-02
3.735000e+02  1.274846e-02
3.752500e+02  1.266736e-02
3.760000e+02  1.265500e-02
3.762500e+02  1.261928e-02
3.765000e+02  1.265700e-02
3.785100e+02  1.262835e-02
3.787500e+02  1.266569e-02
3.795000e+02  1.258357e-02
3.797400e+02  1.265035e-02
3.802500e+02  1.262595e-02
3.804900e+02  1.269901e-02
3.809900e+02  1.264962e-02
3.830000e+02  1.268677e-02
3.835000e+02  1.260210e-02
3.837600e+02  1.267700e-02
3.860000e+02  1.263701e-02
3.865000e+02  1.263130e-02
3.867400e+02  1.268991e-02
3.877500e+02  1.266581e-02
3.882500e+02  1.270176e-02
3.887500e+02  1.267627e-02
3.895000e+02  1.279374e-02
3.900000e+02  1.281420e-02
3.912500e+02  1.318684e-02
3.917500e+02  1.346870e-02
3.922500e+02  1.387921e-02
3.927500e+02  1.443109e-02
3.930000e+02  1.485474e-02
3.932500e+02  1.522190e-02
3.934900e+02  1.569527e-02
3.937500e+02  1.604387e-02
3.939900e+02  1.626576e-02
3.942600e+02  1.638118e-02
3.945000e+02  1.641750e-02
3.947500e+02  1.636351e-02
3.952500e+02  1.591816e-02
3.955000e+02  1.560339e-02
3.957600e+02  1.521484e-02
3.967500e+02  1.414424e-02
3.970000e+02  1.397531e-02
3.972500e+02  1.372595e-02
3.977500e+02  1.341671e-02
3.990000e+02  1.292754e-02
4.002600e+02  1.268492e-02
4.014900e+02  1.261764e-02
4.017600e+02  1.264916e-02
4.022500e+02  1.263532e-02
4.027400e+02  1.268843e-02
4.032500e+02  1.273923e-02
4.035000e+02  1.279861e-02
4.037500e+02  1.280114e-02
4.040000e+02  1.286743e-02
4.047500e+02  1.287706e-02
4.050000e+02  1.281175e-02
4.055000e+02  1.275214e-02
4.062500e+02  1.264330e-02
4.065000e+02  1.264391e-02
4.075000e+02  1.247315e-02
4.085000e+02  1.239062e-02
4.092600e+02  1.246601e-02
4.095100e+02  1.245203e-02
4.102600e+02  1.277216e-02
4.112600e+02  1.336408e-02
4.117700e+02  1.340256e-02
4.124900e+02  1.312988e-02
4.129900e+02  1.288170e-02
4.132500e+02  1.268080e-02
4.145000e+02  1.206755e-02
4.147500e+02  1.201887e-02
4.150000e+02  1.187822e-02
4.167500e+02  1.149404e-02
4.177400e+02  1.142691e-02
4.180000e+02  1.137025e-02
4.197500e+02  1.132017e-02
4.200000e+02  1.135375e-02
4.205000e+02  1.133030e-02
4.207500e+02  1.147275e-02
4.210000e+02  1.135259e-02
4.215000e+02  1.140948e-02
4.227500e+02  1.135049e-02
4.230000e+02  1.124945e-02
4.232500e+02  1.128781e-02
4.235000e+02  1.123344e-02
4.240000e+02  1.125065e-02
4.245000e+02  1.114727e-02
4.247500e+02  1.119242e-02
4.250100e+02  1.111073e-02
4.257500e+02  1.101379e-02
4.270000e+02  1.096946e-02
4.272500e+02  1.092029e-02
4.292500e+02  1.085950e-02
4.295000e+02  1.088048e-02
4.302600e+02  1.084366e-02
4.315000e+02  1.080934e-02
4.317500e+02  1.078423e-02
4.320000e+02  1.080461e-02
4.322500e+02  1.076828e-02
4.325000e+02  1.086678e-02
4.327500e+02  1.076814e-02
4.330000e+02  1.074365e-02
4.342500e+02  1.075274e-02
4.350000e+02  1.070757e-02
4.352500e+02  1.074634e-02
4.360000e+02  1.071206e-02
4.375000e+02  1.072540e-02
4.377500e+02  1.069018e-02
4.392500e+02  1.075939e-02
4.450000e+02  1.067957e-02
4.480000e+02  1.052361e-02
4.490000e+02  1.045176e-02
4.500000e+02  1.046508e-02
4.510000e+02  1.021691e-02
4.530000e+02  1.007075e-02
4.540000e+02  9.952055e-03
4.550000e+02  9.765649e-03
4.560000e+02  9.792812e-03
4.580000e+02  9.687981e-03
4.600000e+02  9.527288e-03
4.610000e+02  9.501280e-03
4.620000e+02  9.391746e-03
4.670000e+02  9.037628e-03
4.680000e+02  9.001244e-03
4.690000e+02  8.896473e-03
4.700000e+02  8.967636e-03
4.710000e+02  8.948174e-03
4.720000e+02  8.753458e-03
4.750000e+02  8.633643e-03
4.760000e+02  8.554582e-03
4.780000e+02  8.530126e-03
4.790000e+02  8.618805e-03
4.800000e+02  8.455407e-03
4.840000e+02  8.277300e-03
4.850000e+02  8.203320e-03
4.860000e+02  8.359760e-03
4.870000e+02  8.137986e-03
4.880000e+02  8.212782e-03
4.890000e+02  8.090005e-03
4.900000e+02  8.096302e-03
4.930000e+02  7.908765e-03
4.960000e+02  7.870660e-03
4.970000e+02  7.829506e-03
4.980000e+02  7.822240e-03
4.990000e+02  7.780272e-03
5.010000e+02  7.796574e-03
5.020000e+02  7.831196e-03
5.030000e+02  7.714738e-03
5.040000e+02  7.756183e-03
5.050000e+02  7.749370e-03
5.060000e+02  7.703226e-03
5.070000e+02  7.608457e-03
5.080000e+02  7.764127e-03
5.090000e+02  7.678259e-03
5.100000e+02  7.704694e-03
5.110000e+02  7.640922e-03
5.130000e+02  7.596275e-03
5.150000e+02  7.611981e-03
5.160000e+02  7.707154e-03
5.170000e+02  7.592496e-03
5.180000e+02  7.585853e-03
5.190000e+02  7.540663e-03
5.210000e+02  7.561279e-03
5.220000e+02  7.411672e-03
5.230000e+02  7.475019e-03
5.240000e+02  7.395864e-03
5.250000e+02  7.388660e-03
5.260000e+02  7.431218e-03
5.270000e+02  7.316816e-03
5.280000e+02  7.386377e-03
5.290000e+02  7.128211e-03
5.300000e+02  7.136812e-03
5.310000e+02  7.295336e-03
5.320000e+02  7.153852e-03
5.330000e+02  7.101624e-03
5.340000e+02  6.936176e-03
5.350000e+02  6.841393e-03
5.360000e+02  7.136862e-03
5.370000e+02  6.815930e-03
5.380000e+02  6.760262e-03
5.390000e+02  6.658005e-03
5.400000e+02  6.737006e-03
5.410000e+02  6.668402e-03
5.420000e+02  6.745328e-03
5.430100e+02  6.588537e-03
5.440000e+02  6.518517e-03
5.450000e+02  6.193738e-03
5.460000e+02  6.485802e-03
5.490000e+02  6.353276e-03
5.500000e+02  6.199176e-03
5.510000e+02  6.257688e-03
5.540000e+02  6.113980e-03
5.550000e+02  6.008473e-03
5.560000e+02  6.011264e-03
5.570000e+02  6.069698e-03
5.580000e+02  5.910709e-03
5.590000e+02  5.971808e-03
5.600000e+02  5.865468e-03
5.620000e+02  5.989613e-03
5.629900e+02  5.874941e-03
5.640000e+02  5.940710e-03
5.650000e+02  5.835066e-03
5.660000e+02  5.820109e-03
5.670000e+02  5.769673e-03
5.690100e+02  5.742432e-03
5.700000e+02  5.748184e-03
5.720000e+02  5.816141e-03
5.800000e+02  5.332914e-03
5.820000e+02  5.314540e-03
5.840000e+02  5.203767e-03
5.860000e+02  5.241466e-03
5.899900e+02  5.239967e-03
5.995330e+02  5.097172e-03
6.000000e+02  5.090339e-03
6.020000e+02  5.020607e-03
6.040000e+02  5.001813e-03
6.100000e+02  4.867928e-03
6.120000e+02  4.805629e-03
6.140000e+02  4.766920e-03
6.200000e+02  4.608496e-03
6.300100e+02  4.418856e-03
6.400000e+02  4.233904e-03
6.480000e+02  4.099323e-03
6.520000e+02  4.022710e-03
6.560000e+02  3.964356e-03
6.579900e+02  3.918894e-03
6.620000e+02  3.863434e-03
6.640000e+02  3.822318e-03
6.747400e+02  3.668687e-03
6.840000e+02  3.543199e-03
6.940000e+02  3.404083e-03
7.020000e+02  3.281257e-03
7.039900e+02  3.240049e-03
7.100000e+02  3.150089e-03
7.120000e+02  3.137204e-03
7.140000e+02  3.092452e-03
7.220000e+02  2.977938e-03
7.240000e+02  2.972125e-03
7.280100e+02  2.912740e-03
7.397850e+02  2.784386e-03
7.440000e+02  2.740263e-03
7.480000e+02  2.701028e-03
7.500000e+02  2.686417e-03
7.580000e+02  2.595996e-03
7.680000e+02  2.488168e-03
7.700000e+02  2.474966e-03
7.720000e+02  2.446769e-03
7.740000e+02  2.429622e-03
7.760000e+02  2.391409e-03
7.885510e+02  2.268075e-03
8.013050e+02  2.151246e-03
8.020000e+02  2.145115e-03
8.060000e+02  2.112167e-03
8.159900e+02  2.048853e-03
8.291880e+02  1.952314e-03
8.300100e+02  1.946528e-03
8.320000e+02  1.937507e-03
8.340100e+02  1.916217e-03
8.360000e+02  1.903700e-03
8.380000e+02  1.882829e-03
8.400000e+02  1.874722e-03
8.535860e+02  1.776745e-03
8.620000e+02  1.719355e-03
8.719900e+02  1.647037e-03
8.780000e+02  1.611298e-03
8.800000e+02  1.597456e-03
8.820000e+02  1.591026e-03
8.880000e+02  1.548421e-03
8.960000e+02  1.511661e-03
8.979900e+02  1.496174e-03
8.999900e+02  1.491378e-03
9.040000e+02  1.468433e-03
9.060000e+02  1.458927e-03
9.079900e+02  1.440981e-03
9.160000e+02  1.407531e-03
9.180000e+02  1.394347e-03
9.200100e+02  1.388972e-03
9.220000e+02  1.376033e-03
9.240000e+02  1.377661e-03
9.260000e+02  1.353295e-03
9.280100e+02  1.346215e-03
9.430200e+02  1.272331e-03
9.582720e+02  1.202481e-03
9.737720e+02  1.140257e-03
9.895220e+02  1.089450e-03
1.005530e+03  1.038717e-03
1.021790e+03  9.850585e-04
1.038320e+03  9.341585e-04
1.055110e+03  8.858940e-04
1.072180e+03  8.401183e-04
1.089520e+03  7.967255e-04
1.107140e+03  7.555683e-04
1.125050e+03  7.165311e-04
1.143240e+03  6.795289e-04
1.161730e+03  6.444355e-04
1.180520e+03  6.111533e-04
1.199620e+03  5.795850e-04
1.219020e+03  5.496571e-04
1.238740e+03  5.212712e-04
1.258770e+03  4.943592e-04
1.279130e+03  4.684164e-04
1.299820e+03  4.437312e-04
1.320850e+03  4.203438e-04
1.342210e+03  3.981967e-04
1.363920e+03  3.772144e-04
1.385980e+03  3.573394e-04
1.408400e+03  3.385107e-04
1.431180e+03  3.206765e-04
1.454320e+03  3.037855e-04
1.477850e+03  2.877789e-04
1.501750e+03  2.726201e-04
1.526040e+03  2.582595e-04
1.550720e+03  2.444485e-04
1.575800e+03  2.312984e-04
1.601290e+03  2.188551e-04
1.627190e+03  2.070822e-04
1.653510e+03  1.959428e-04
1.680250e+03  1.854036e-04
1.707430e+03  1.754305e-04
1.735050e+03  1.659939e-04
1.763110e+03  1.570664e-04
1.791630e+03  1.486181e-04
1.820600e+03  1.406264e-04
1.850050e+03  1.330629e-04
1.879970e+03  1.259071e-04
1.910380e+03  1.191355e-04
1.941280e+03  1.127287e-04
1.972680e+03  1.066213e-04
2.004580e+03  1.008233e-04
2.037010e+03  9.533964e-05
2.069950e+03  9.015520e-05
2.103430e+03  8.525258e-05
2.137460e+03  8.061578e-05
2.172030e+03  7.623188e-05
2.207160e+03  7.208638e-05
2.242860e+03  6.816630e-05
2.279130e+03  6.445979e-05
2.316000e+03  6.095408e-05
2.353460e+03  5.763944e-05
2.391520e+03  5.450505e-05
2.430200e+03  5.154064e-05
2.469510e+03  4.873697e-05
2.493000e+03  4.715395e-05
2.520100e+03  4.539740e-05
2.520300e+03  1.560439e-04
2.526000e+03  1.548658e-04
2.566860e+03  1.465447e-04
2.592000e+03  1.417030e-04
2.625000e+03  1.356390e-04
2.625200e+03  1.861517e-04
2.626000e+03  1.859700e-04
2.668470e+03  1.761226e-04
2.711630e+03  1.667821e-04
2.755490e+03  1.579355e-04
2.800060e+03  1.495571e-04
2.839000e+03  1.427008e-04
2.865400e+03  1.382761e-04
2.865600e+03  1.571372e-04
2.876000e+03  1.552025e-04
2.922520e+03  1.468912e-04
2.969790e+03  1.390230e-04
3.017820e+03  1.315761e-04
3.066630e+03  1.245283e-04
3.116230e+03  1.178572e-04
3.166630e+03  1.115442e-04
3.217850e+03  1.055686e-04
3.269900e+03  9.991280e-05
3.322790e+03  9.454439e-05
3.376530e+03  8.934046e-05
3.431140e+03  8.442278e-05
3.486640e+03  7.977581e-05
3.543030e+03  7.538506e-05
3.600340e+03  7.123548e-05
3.658570e+03  6.731410e-05
3.717740e+03  6.360934e-05
3.777880e+03  6.010770e-05
3.838980e+03  5.679928e-05
3.901070e+03  5.367299e-05
3.964170e+03  5.067919e-05
4.028290e+03  4.782629e-05
4.093440e+03  4.513411e-05
4.159650e+03  4.259327e-05
4.226930e+03  4.019558e-05
4.295290e+03  3.793301e-05
4.364770e+03  3.579760e-05
4.435360e+03  3.378259e-05
4.507100e+03  3.188083e-05
4.580000e+03  3.008618e-05
4.654080e+03  2.839258e-05
4.729350e+03  2.679440e-05
4.805850e+03  2.528608e-05
4.883580e+03  2.384628e-05
4.962570e+03  2.247967e-05
5.042830e+03  2.119142e-05
5.124400e+03  1.997693e-05
5.207280e+03  1.883212e-05
5.291500e+03  1.775291e-05
5.377090e+03  1.673547e-05
5.464060e+03  1.577640e-05
5.552440e+03  1.487226e-05
5.642240e+03  1.402003e-05
5.733500e+03  1.321658e-05
5.826240e+03  1.245910e-05
5.920470e+03  1.174515e-05
6.016230e+03  1.107205e-05
6.113540e+03  1.043755e-05
6.212420e+03  9.839423e-06
6.312900e+03  9.272066e-06
6.415010e+03  8.733450e-06
6.518760e+03  8.226155e-06
6.624200e+03  7.748313e-06
6.731340e+03  7.298241e-06
6.840210e+03  6.874321e-06
6.950850e+03  6.475009e-06
7.063270e+03  6.098885e-06
7.177520e+03  5.744610e-06
7.293610e+03  5.410933e-06
7.411570e+03  5.096640e-06
7.531450e+03  4.800591e-06
7.653270e+03  4.521737e-06
7.777050e+03  4.259085e-06
7.902840e+03  4.011691e-06
8.030660e+03  3.778671e-06
8.160550e+03  3.559182e-06
8.292540e+03  3.352438e-06
8.426670e+03  3.157704e-06
8.562960e+03  2.974286e-06
8.701460e+03  2.801519e-06
8.842200e+03  2.638792e-06
8.985220e+03  2.485519e-06
9.130540e+03  2.340470e-06
9.278220e+03  2.203733e-06
9.428290e+03  2.074979e-06
9.580790e+03  1.953749e-06
9.735750e+03  1.839602e-06
9.893220e+03  1.732044e-06
1.005320e+04  1.630770e-06
1.021580e+04  1.535392e-06
1.038110e+04  1.445549e-06
1.054900e+04  1.360967e-06
1.071960e+04  1.281314e-06
1.089300e+04  1.206301e-06
1.106920e+04  1.135666e-06
1.124820e+04  1.069159e-06
1.143010e+04  1.006539e-06
1.161500e+04  9.475643e-07
1.180290e+04  8.920336e-07
1.199380e+04  8.397538e-07
1.218780e+04  7.905278e-07
1.238490e+04  7.441837e-07
1.258520e+04  7.005519e-07
1.278880e+04  6.594629e-07
1.299560e+04  6.207877e-07
1.320580e+04  5.843691e-07
1.341940e+04  5.500786e-07
1.363640e+04  5.178035e-07
1.385700e+04  4.874125e-07
1.408110e+04  4.587995e-07
1.430890e+04  4.318628e-07
1.454030e+04  4.065070e-07
1.477550e+04  3.826329e-07
1.501450e+04  3.601582e-07
1.525730e+04  3.390029e-07
1.550410e+04  3.190846e-07
1.575480e+04  3.003367e-07
1.600970e+04  2.826824e-07
1.626860e+04  2.660671e-07
1.653170e+04  2.504253e-07
1.679910e+04  2.356991e-07
1.707080e+04  2.218369e-07
1.734700e+04  2.087849e-07
1.762750e+04  1.965025e-07
1.791260e+04  1.849386e-07
1.820240e+04  1.740513e-07
1.849680e+04  1.638044e-07
1.879590e+04  1.541592e-07
1.909990e+04  1.450789e-07
1.940890e+04  1.365301e-07
1.972280e+04  1.284840e-07
2.000030e+04  1.218645e-07
2.000050e+04  8.213745e-07
2.004180e+04  8.153411e-07
2.036600e+04  7.699142e-07
2.069540e+04  7.269137e-07
2.103010e+04  6.862210e-07
2.137020e+04  6.477171e-07
2.171590e+04  6.112868e-07
2.206710e+04  5.768362e-07
2.242400e+04  5.442586e-07
2.278670e+04  5.134551e-07
2.315530e+04  4.843367e-07
2.352980e+04  4.568194e-07
2.391040e+04  4.308154e-07
2.429710e+04  4.062504e-07
2.469010e+04  3.830423e-07
2.508940e+04  3.611241e-07
2.549520e+04  3.404262e-07
2.590760e+04  3.208814e-07
2.632660e+04  3.024310e-07
2.675250e+04  2.850136e-07
2.718520e+04  2.685761e-07
2.762480e+04  2.530658e-07
2.807170e+04  2.384279e-07
2.852570e+04  2.246196e-07
2.898710e+04  2.115933e-07
2.945590e+04  1.993072e-07
2.993230e+04  1.877191e-07
3.000000e+04  1.861427e-07
-1  -1
