  -1
3.025550e+01  2.877659e-01
3.074490e+01  2.743665e-01
3.124210e+01  2.613855e-01
3.174750e+01  2.488400e-01
3.226090e+01  2.367171e-01
3.278270e+01  2.252591e-01
3.331300e+01  2.145617e-01
3.385180e+01  2.043423e-01
3.439930e+01  1.945657e-01
3.495570e+01  1.852139e-01
3.552110e+01  1.762711e-01
3.609560e+01  1.677162e-01
3.667940e+01  1.595119e-01
3.720000e+01  1.524204e-01
3.740000e+01  1.525173e-01
3.787550e+01  1.469572e-01
3.848820e+01  1.399361e-01
3.911070e+01  1.331948e-01
3.974320e+01  1.267536e-01
4.038610e+01  1.206091e-01
4.103930e+01  1.147548e-01
4.170310e+01  1.091800e-01
4.237760e+01  1.038737e-01
4.306300e+01  9.882530e-02
4.375950e+01  9.402285e-02
4.446730e+01  8.945604e-02
4.518650e+01  8.511419e-02
4.591740e+01  8.099258e-02
4.666000e+01  7.695680e-02
4.741470e+01  7.305338e-02
4.818160e+01  6.934544e-02
4.896090e+01  6.582576e-02
4.975280e+01  6.248500e-02
5.055760e+01  5.931377e-02
5.137530e+01  5.630342e-02
5.220620e+01  5.344165e-02
5.305060e+01  5.070456e-02
5.390870e+01  4.933351e-02
5.478060e+01  4.716612e-02
5.566670e+01  4.496863e-02
5.656700e+01  4.287648e-02
5.748200e+01  4.088310e-02
5.841170e+01  3.898503e-02
5.935640e+01  3.716319e-02
6.031650e+01  3.540494e-02
6.129210e+01  3.372010e-02
6.228340e+01  3.209143e-02
6.329080e+01  3.054194e-02
6.431450e+01  2.906834e-02
6.535470e+01  2.766764e-02
6.641180e+01  2.633622e-02
6.748590e+01  2.507043e-02
6.857750e+01  2.386674e-02
6.968670e+01  2.271169e-02
7.081380e+01  2.160744e-02
7.195910e+01  2.054475e-02
7.312300e+01  1.953263e-02
7.430570e+01  1.857129e-02
7.550760e+01  1.765788e-02
7.672890e+01  1.679037e-02
7.796990e+01  1.596637e-02
7.923100e+01  1.517813e-02
8.051250e+01  1.442931e-02
8.181470e+01  1.371185e-02
8.313800e+01  1.302690e-02
8.448270e+01  1.237664e-02
8.584910e+01  1.175934e-02
8.723770e+01  1.117327e-02
8.864870e+01  1.061621e-02
9.008250e+01  1.008656e-02
9.153950e+01  9.582672e-03
9.302010e+01  9.102499e-03
9.452460e+01  8.646758e-03
9.605350e+01  8.214220e-03
9.760710e+01  7.803538e-03
9.918580e+01  7.413761e-03
1.007900e+02  7.038730e-03
1.024200e+02  6.678483e-03
1.040770e+02  6.337871e-03
1.057600e+02  6.014858e-03
1.074710e+02  5.708379e-03
1.092090e+02  5.417689e-03
1.109750e+02  5.142019e-03
1.127700e+02  4.880492e-03
1.145940e+02  4.632371e-03
1.164480e+02  4.397059e-03
1.183310e+02  4.173887e-03
1.202450e+02  3.962036e-03
1.221900e+02  3.761017e-03
1.241660e+02  3.570294e-03
1.261750e+02  3.389334e-03
1.282150e+02  3.217731e-03
1.302890e+02  3.054400e-03
1.323970e+02  2.896802e-03
1.345380e+02  2.747382e-03
1.367140e+02  2.605725e-03
1.389250e+02  2.471456e-03
1.411720e+02  2.344165e-03
1.434560e+02  2.223447e-03
1.457760e+02  2.108977e-03
1.481340e+02  2.000456e-03
1.505300e+02  1.897574e-03
1.529640e+02  1.799999e-03
1.554390e+02  1.707441e-03
1.579530e+02  1.619693e-03
1.605070e+02  1.535883e-03
1.631030e+02  1.453733e-03
1.657420e+02  1.373025e-03
1.684220e+02  1.296836e-03
1.711460e+02  1.224885e-03
1.739150e+02  1.156925e-03
1.767270e+02  1.092775e-03
1.795860e+02  1.032175e-03
1.824910e+02  9.749517e-04
1.854420e+02  9.209226e-04
1.884420e+02  8.698848e-04
1.914890e+02  8.216978e-04
1.945870e+02  7.761761e-04
1.977340e+02  7.331916e-04
2.009320e+02  6.925941e-04
2.041820e+02  6.542502e-04
2.074850e+02  6.180327e-04
2.108400e+02  5.838331e-04
2.142510e+02  5.515224e-04
2.177160e+02  5.210096e-04
2.212370e+02  4.921479e-04
2.248160e+02  4.643223e-04
2.284520e+02  4.380780e-04
2.321470e+02  4.133193e-04
2.359020e+02  3.899617e-04
2.397170e+02  3.679295e-04
2.435950e+02  3.471403e-04
2.475350e+02  3.275304e-04
2.515380e+02  3.090313e-04
2.556070e+02  2.915768e-04
2.597410e+02  2.751115e-04
2.639420e+02  2.595772e-04
2.682110e+02  2.449214e-04
2.725490e+02  2.310943e-04
2.769570e+02  2.180491e-04
2.814370e+02  2.057403e-04
2.859890e+02  1.941284e-04
2.906150e+02  1.831714e-04
2.953150e+02  1.728354e-04
3.000920e+02  1.630815e-04
3.049450e+02  1.538805e-04
3.098780e+02  1.451980e-04
3.148900e+02  1.361992e-04
3.199830e+02  1.272457e-04
3.251580e+02  1.188810e-04
3.304180e+02  1.110655e-04
3.357620e+02  1.037648e-04
3.411920e+02  9.694445e-05
3.467110e+02  9.057160e-05
3.523190e+02  8.461776e-05
3.580170e+02  7.905593e-05
3.638080e+02  7.386276e-05
3.696920e+02  6.905112e-05
3.756720e+02  6.455226e-05
3.817480e+02  6.034622e-05
3.879220e+02  5.641275e-05
3.941970e+02  5.273345e-05
4.005730e+02  4.928988e-05
4.070520e+02  4.605520e-05
4.098000e+02  4.469321e-05
4.100000e+02  1.192636e-03
4.136350e+02  1.160569e-03
4.203260e+02  1.101051e-03
4.271240e+02  1.044269e-03
4.340320e+02  9.903159e-04
4.410520e+02  9.390995e-04
4.481860e+02  8.905027e-04
4.554350e+02  8.444017e-04
4.628020e+02  8.006733e-04
4.702870e+02  7.592042e-04
4.778940e+02  7.198763e-04
4.856230e+02  6.825808e-04
4.934780e+02  6.472126e-04
5.014590e+02  6.136765e-04
5.095700e+02  5.818755e-04
5.178120e+02  5.517211e-04
5.261870e+02  5.231284e-04
5.346980e+02  4.960150e-04
5.433460e+02  4.703080e-04
5.521340e+02  4.459330e-04
5.610650e+02  4.228196e-04
5.701390e+02  4.000112e-04
5.793610e+02  3.778357e-04
5.887320e+02  3.568879e-04
5.982540e+02  3.371032e-04
6.079300e+02  3.184138e-04
6.177630e+02  3.007621e-04
6.277550e+02  2.840873e-04
6.379080e+02  2.683389e-04
6.482260e+02  2.534614e-04
6.587110e+02  2.394100e-04
6.693650e+02  2.261377e-04
6.801910e+02  2.136013e-04
6.911930e+02  2.017605e-04
7.023720e+02  1.905751e-04
7.137330e+02  1.800104e-04
7.252770e+02  1.700313e-04
7.370080e+02  1.606055e-04
7.489280e+02  1.517035e-04
7.610420e+02  1.432937e-04
7.733510e+02  1.352732e-04
7.858590e+02  1.275771e-04
7.985700e+02  1.202614e-04
8.114860e+02  1.133647e-04
8.246110e+02  1.068642e-04
8.379490e+02  1.007363e-04
8.515020e+02  9.498315e-05
8.652740e+02  8.958207e-05
8.792690e+02  8.450748e-05
8.934910e+02  7.971933e-05
9.079430e+02  7.520352e-05
9.226280e+02  7.094435e-05
9.375510e+02  6.688632e-05
9.527150e+02  6.305200e-05
9.681240e+02  5.943010e-05
9.837830e+02  5.601616e-05
9.996950e+02  5.279945e-05
1.015860e+03  4.976862e-05
1.032290e+03  4.692395e-05
1.048990e+03  4.422121e-05
1.065960e+03  4.165322e-05
1.083200e+03  3.923491e-05
1.100720e+03  3.695661e-05
1.118520e+03  3.481044e-05
1.136610e+03  3.278858e-05
1.155000e+03  3.088399e-05
1.173680e+03  2.909079e-05
1.192660e+03  2.740173e-05
1.211950e+03  2.581065e-05
1.231550e+03  2.431208e-05
1.251470e+03  2.289110e-05
1.271720e+03  2.154354e-05
1.292290e+03  2.026459e-05
1.313190e+03  1.906134e-05
1.334430e+03  1.792957e-05
1.356010e+03  1.686529e-05
1.377940e+03  1.586331e-05
1.400230e+03  1.492108e-05
1.422880e+03  1.403551e-05
1.445890e+03  1.320198e-05
1.469280e+03  1.241745e-05
1.493040e+03  1.167929e-05
1.517190e+03  1.098106e-05
1.541730e+03  1.032433e-05
1.566670e+03  9.707264e-06
1.592010e+03  9.126941e-06
1.617760e+03  8.581284e-06
1.643920e+03  8.068273e-06
1.670510e+03  7.585893e-06
1.697530e+03  7.132357e-06
1.724990e+03  6.705936e-06
1.752890e+03  6.302223e-06
1.781240e+03  5.921937e-06
1.810050e+03  5.563956e-06
1.839320e+03  5.227685e-06
1.869070e+03  4.911691e-06
1.899300e+03  4.614793e-06
1.930020e+03  4.335822e-06
1.961240e+03  4.073719e-06
1.992960e+03  3.827510e-06
2.025200e+03  3.597473e-06
2.057950e+03  3.379081e-06
2.091240e+03  3.173669e-06
2.125060e+03  2.980623e-06
2.159430e+03  2.799103e-06
2.194360e+03  2.628525e-06
2.229850e+03  2.468195e-06
2.265920e+03  2.317542e-06
2.302570e+03  2.175929e-06
2.339810e+03  2.042888e-06
2.377660e+03  1.917814e-06
2.416110e+03  1.800336e-06
2.455190e+03  1.689960e-06
2.494900e+03  1.586287e-06
2.535260e+03  1.488868e-06
2.576260e+03  1.397364e-06
2.617930e+03  1.311447e-06
2.660270e+03  1.230677e-06
2.703300e+03  1.154876e-06
2.747030e+03  1.083668e-06
2.791460e+03  1.016788e-06
2.836610e+03  9.540218e-07
2.882490e+03  8.950536e-07
2.929110e+03  8.396581e-07
2.976480e+03  7.876820e-07
3.024630e+03  7.388723e-07
3.073550e+03  6.930387e-07
3.123260e+03  6.500217e-07
3.173780e+03  6.096370e-07
3.225110e+03  5.717699e-07
3.277270e+03  5.361683e-07
3.330280e+03  5.027873e-07
3.384150e+03  4.714562e-07
3.438880e+03  4.420553e-07
3.494500e+03  4.144596e-07
3.551020e+03  3.885611e-07
3.608460e+03  3.642594e-07
3.666820e+03  3.414600e-07
3.726130e+03  3.200693e-07
3.786400e+03  2.999973e-07
3.847640e+03  2.811695e-07
3.909870e+03  2.635071e-07
3.973110e+03  2.469392e-07
4.037380e+03  2.313625e-07
4.102680e+03  2.167939e-07
4.169030e+03  2.031321e-07
4.236460e+03  1.903270e-07
4.304980e+03  1.783187e-07
4.374620e+03  1.670609e-07
4.445370e+03  1.565091e-07
4.517270e+03  1.466169e-07
4.590330e+03  1.373445e-07
4.664580e+03  1.286529e-07
4.740030e+03  1.205049e-07
4.816690e+03  1.128713e-07
4.894600e+03  1.057137e-07
4.973770e+03  9.900748e-08
5.054210e+03  9.272270e-08
5.135960e+03  8.683332e-08
5.219030e+03  8.131498e-08
5.303440e+03  7.614213e-08
5.389220e+03  7.129708e-08
5.476390e+03  6.675599e-08
5.564970e+03  6.250085e-08
5.654980e+03  5.851686e-08
5.746440e+03  5.478291e-08
5.839390e+03  5.128497e-08
5.933830e+03  4.800728e-08
6.029810e+03  4.493824e-08
6.127330e+03  4.206242e-08
6.226440e+03  3.936934e-08
6.327150e+03  3.684764e-08
6.429480e+03  3.448614e-08
6.533480e+03  3.227381e-08
6.639150e+03  3.020128e-08
6.746540e+03  2.826031e-08
6.855650e+03  2.644446e-08
6.966540e+03  2.474323e-08
7.079220e+03  2.315110e-08
7.193720e+03  2.165960e-08
7.310070e+03  2.026306e-08
7.428310e+03  1.895582e-08
7.548450e+03  1.773219e-08
7.670540e+03  1.658661e-08
7.794610e+03  1.551429e-08
7.920680e+03  1.451059e-08
8.048790e+03  1.357122e-08
8.178980e+03  1.269186e-08
8.311260e+03  1.186892e-08
8.445690e+03  1.109896e-08
8.582290e+03  1.037816e-08
8.721110e+03  9.703763e-09
8.862160e+03  9.072804e-09
9.005500e+03  8.482338e-09
9.151160e+03  7.929953e-09
9.299170e+03  7.413147e-09
9.449580e+03  6.929595e-09
9.602420e+03  6.477402e-09
9.757730e+03  6.054257e-09
9.915550e+03  5.658543e-09
1.007590e+04  5.288412e-09
1.023890e+04  4.942174e-09
1.040450e+04  4.618405e-09
1.057280e+04  4.315623e-09
1.074380e+04  4.032494e-09
1.091760e+04  3.767717e-09
1.109420e+04  3.520154e-09
1.127360e+04  3.288720e-09
1.145590e+04  3.072356e-09
1.164120e+04  2.870054e-09
1.182950e+04  2.680933e-09
1.202080e+04  2.504179e-09
1.221530e+04  2.338916e-09
1.241280e+04  2.184511e-09
1.261360e+04  2.040169e-09
1.281760e+04  1.905291e-09
1.302500e+04  1.779221e-09
1.323560e+04  1.661457e-09
1.344970e+04  1.551400e-09
1.366720e+04  1.448585e-09
1.388830e+04  1.352512e-09
1.411290e+04  1.262774e-09
1.434120e+04  1.178935e-09
1.457310e+04  1.100635e-09
1.480890e+04  1.027481e-09
1.504840e+04  9.591705e-10
1.529180e+04  8.953714e-10
1.553910e+04  8.357978e-10
1.579040e+04  7.801637e-10
1.604580e+04  7.282148e-10
1.630540e+04  6.797037e-10
1.656910e+04  6.344212e-10
1.683710e+04  5.921445e-10
1.710940e+04  5.526800e-10
1.738610e+04  5.158417e-10
1.766740e+04  4.814504e-10
1.795310e+04  4.493577e-10
1.824350e+04  4.194039e-10
1.853860e+04  3.914485e-10
1.883840e+04  3.653657e-10
1.914310e+04  3.410242e-10
1.945270e+04  3.183124e-10
1.976740e+04  2.971187e-10
2.008710e+04  2.774391e-10
2.041200e+04  2.589870e-10
2.074210e+04  2.417701e-10
2.107760e+04  2.257023e-10
2.141850e+04  2.107083e-10
2.176500e+04  1.967138e-10
2.211700e+04  1.836544e-10
2.247470e+04  1.714663e-10
2.283820e+04  1.600905e-10
2.320760e+04  1.494718e-10
2.358300e+04  1.395611e-10
2.396440e+04  1.303099e-10
2.435200e+04  1.216747e-10
2.474590e+04  1.136135e-10
2.514620e+04  1.060875e-10
2.555290e+04  9.906287e-11
2.596620e+04  9.250523e-11
2.638610e+04  8.638324e-11
2.681290e+04  8.066690e-11
2.724660e+04  7.533001e-11
2.768730e+04  7.034731e-11
2.813510e+04  6.569509e-11
2.859020e+04  6.135127e-11
2.905260e+04  5.729542e-11
2.952250e+04  5.350806e-11
3.000000e+04  4.997175e-11
-1  -1
