  -1
3.025550e+01  1.146820e-03
3.040000e+01  1.095312e-03
3.060000e+01  7.145145e-02
3.074490e+01  7.393705e-02
3.124210e+01  7.701323e-02
3.174750e+01  7.837353e-02
3.226090e+01  7.920830e-02
3.278270e+01  7.978218e-02
3.331300e+01  8.020032e-02
3.385180e+01  8.051672e-02
3.439930e+01  8.076091e-02
3.495570e+01  8.095283e-02
3.552110e+01  8.110593e-02
3.609560e+01  8.123176e-02
3.667940e+01  8.134026e-02
3.727270e+01  8.137566e-02
3.787550e+01  8.102306e-02
3.848820e+01  8.063688e-02
3.911070e+01  8.022999e-02
3.974320e+01  7.980896e-02
4.038610e+01  7.937594e-02
4.103930e+01  7.893477e-02
4.170310e+01  7.848692e-02
4.237760e+01  7.803429e-02
4.306300e+01  7.757897e-02
4.375950e+01  7.712230e-02
4.446730e+01  7.666693e-02
4.518650e+01  7.622042e-02
4.591740e+01  7.555693e-02
4.666000e+01  7.477723e-02
4.741470e+01  7.399203e-02
4.818160e+01  7.320774e-02
4.896090e+01  7.242589e-02
4.975280e+01  7.164850e-02
5.055760e+01  7.087706e-02
5.137530e+01  7.011681e-02
5.220620e+01  6.920238e-02
5.305060e+01  6.822807e-02
5.390870e+01  6.725836e-02
5.478060e+01  6.629704e-02
5.566670e+01  6.534459e-02
5.656700e+01  6.440252e-02
5.748200e+01  6.347076e-02
5.841170e+01  6.255055e-02
5.935640e+01  6.164313e-02
6.031650e+01  6.069960e-02
6.129210e+01  5.975692e-02
6.228340e+01  5.882658e-02
6.329080e+01  5.790909e-02
6.431450e+01  5.700511e-02
6.535470e+01  5.611515e-02
6.641180e+01  5.523963e-02
6.748590e+01  5.438004e-02
6.857750e+01  5.353996e-02
6.968670e+01  5.253803e-02
7.081380e+01  5.119853e-02
7.195910e+01  4.987814e-02
7.312300e+01  4.858461e-02
7.430570e+01  4.731944e-02
7.550760e+01  4.608323e-02
7.672890e+01  4.487624e-02
7.796990e+01  4.369838e-02
7.923100e+01  4.254952e-02
8.051250e+01  4.142942e-02
8.181470e+01  4.033787e-02
8.313800e+01  3.927493e-02
8.448270e+01  3.824112e-02
8.584910e+01  3.716605e-02
8.723770e+01  3.591857e-02
8.864870e+01  3.470757e-02
9.008250e+01  3.353406e-02
9.153950e+01  3.239818e-02
9.302010e+01  3.129921e-02
9.452460e+01  3.023649e-02
9.605350e+01  2.920918e-02
9.760710e+01  2.821665e-02
9.918580e+01  2.725928e-02
1.007900e+02  2.620859e-02
1.024200e+02  2.510914e-02
1.040770e+02  2.405295e-02
1.057600e+02  2.303999e-02
1.074710e+02  2.206828e-02
1.092090e+02  2.113699e-02
1.109750e+02  2.024446e-02
1.127700e+02  1.938896e-02
1.145940e+02  1.856928e-02
1.164480e+02  1.778378e-02
1.183310e+02  1.703164e-02
1.202450e+02  1.631102e-02
1.221900e+02  1.562076e-02
1.241660e+02  1.495592e-02
1.261750e+02  1.431495e-02
1.282150e+02  1.370175e-02
1.302890e+02  1.311458e-02
1.323970e+02  1.255248e-02
1.345380e+02  1.201468e-02
1.367140e+02  1.149989e-02
1.389250e+02  1.100727e-02
1.411720e+02  1.053577e-02
1.434560e+02  1.008446e-02
1.457760e+02  9.652731e-03
1.481340e+02  9.239704e-03
1.505300e+02  8.802317e-03
1.529640e+02  8.380493e-03
1.554390e+02  7.978620e-03
1.579530e+02  7.596079e-03
1.605070e+02  7.231954e-03
1.631030e+02  6.885242e-03
1.657420e+02  6.555104e-03
1.684220e+02  6.240929e-03
1.711460e+02  5.941825e-03
1.739150e+02  5.657024e-03
1.767270e+02  5.386020e-03
1.795860e+02  5.127946e-03
1.824910e+02  4.882289e-03
1.854420e+02  4.648501e-03
1.884420e+02  4.425877e-03
1.914890e+02  4.214024e-03
1.945870e+02  4.012273e-03
1.977340e+02  3.820290e-03
2.009320e+02  3.626460e-03
2.041820e+02  3.439682e-03
2.074850e+02  3.262509e-03
2.108400e+02  3.094523e-03
2.142510e+02  2.935155e-03
2.177160e+02  2.784043e-03
2.212370e+02  2.640732e-03
2.248160e+02  2.504789e-03
2.284520e+02  2.375883e-03
2.321470e+02  2.253620e-03
2.359020e+02  2.137664e-03
2.397170e+02  2.027698e-03
2.435950e+02  1.923383e-03
2.475350e+02  1.824459e-03
2.515380e+02  1.730645e-03
2.556070e+02  1.641653e-03
2.597410e+02  1.557262e-03
2.639420e+02  1.474026e-03
2.682110e+02  1.393791e-03
2.725490e+02  1.317926e-03
2.769570e+02  1.246202e-03
2.814370e+02  1.178380e-03
2.859890e+02  1.114259e-03
2.906150e+02  1.053632e-03
2.953150e+02  9.963142e-04
3.000920e+02  9.421105e-04
3.049450e+02  8.908732e-04
3.098780e+02  8.424170e-04
3.148900e+02  7.966034e-04
3.199830e+02  7.532841e-04
3.251580e+02  7.123276e-04
3.304180e+02  6.735939e-04
3.357620e+02  6.369742e-04
3.411920e+02  6.023526e-04
3.467110e+02  5.696107e-04
3.523190e+02  5.378834e-04
3.580170e+02  5.077094e-04
3.638080e+02  4.792296e-04
3.696920e+02  4.523502e-04
3.756720e+02  4.269774e-04
3.817480e+02  4.030324e-04
3.879220e+02  3.804308e-04
3.941970e+02  3.590961e-04
4.005730e+02  3.389596e-04
4.070520e+02  3.199543e-04
4.136350e+02  3.020147e-04
4.203260e+02  2.850825e-04
4.271240e+02  2.690997e-04
4.340320e+02  2.540159e-04
4.410520e+02  2.397770e-04
4.481860e+02  2.263359e-04
4.554350e+02  2.136507e-04
4.628020e+02  2.016746e-04
4.702870e+02  1.903714e-04
4.778940e+02  1.797030e-04
4.856230e+02  1.697380e-04
4.934780e+02  1.603520e-04
5.014590e+02  1.514861e-04
5.095700e+02  1.431045e-04
5.178120e+02  1.351833e-04
5.261870e+02  1.277004e-04
5.346980e+02  1.206246e-04
5.433460e+02  1.139352e-04
5.521340e+02  1.075962e-04
5.610650e+02  1.016084e-04
5.701390e+02  9.595149e-05
5.793610e+02  9.059185e-05
5.887320e+02  8.553139e-05
5.982540e+02  8.078175e-05
6.079300e+02  7.647413e-05
6.177630e+02  7.242719e-05
6.277550e+02  6.860254e-05
6.379080e+02  6.482910e-05
6.482260e+02  6.105592e-05
6.587110e+02  5.737371e-05
6.693650e+02  5.391496e-05
6.801910e+02  5.081133e-05
6.911930e+02  4.799446e-05
7.023720e+02  4.536359e-05
7.137330e+02  4.279650e-05
7.252770e+02  4.032228e-05
7.370080e+02  3.798946e-05
7.489280e+02  3.579297e-05
7.610420e+02  3.372398e-05
7.733510e+02  3.177166e-05
7.858590e+02  2.992269e-05
7.985700e+02  2.817386e-05
8.114860e+02  2.652898e-05
8.246110e+02  2.497956e-05
8.379490e+02  2.352010e-05
8.515020e+02  2.215069e-05
8.652740e+02  2.086514e-05
8.792690e+02  1.965773e-05
8.934910e+02  1.852020e-05
9.079430e+02  1.744853e-05
9.226280e+02  1.643894e-05
9.375510e+02  1.546355e-05
9.527150e+02  1.454032e-05
9.681240e+02  1.366738e-05
9.837830e+02  1.284681e-05
9.996950e+02  1.207574e-05
1.015860e+03  1.135130e-05
1.032290e+03  1.067172e-05
1.048990e+03  1.003264e-05
1.065960e+03  9.431357e-06
1.070700e+03  9.269518e-06
1.070900e+03  1.395404e-04
1.083200e+03  1.340035e-04
1.100720e+03  1.265464e-04
1.118520e+03  1.195016e-04
1.136610e+03  1.128488e-04
1.155000e+03  1.065640e-04
1.173680e+03  1.006295e-04
1.192660e+03  9.502626e-05
1.211950e+03  8.973428e-05
1.231550e+03  8.473654e-05
1.251470e+03  8.001761e-05
1.271720e+03  7.556051e-05
1.292290e+03  7.135243e-05
1.313190e+03  6.737839e-05
1.334430e+03  6.362557e-05
1.356010e+03  6.008183e-05
1.377940e+03  5.673625e-05
1.400230e+03  5.357637e-05
1.422880e+03  5.059195e-05
1.445890e+03  4.777493e-05
1.469280e+03  4.511415e-05
1.493040e+03  4.260182e-05
1.517190e+03  4.023001e-05
1.541730e+03  3.799051e-05
1.566670e+03  3.587565e-05
1.592010e+03  3.387851e-05
1.617760e+03  3.199266e-05
1.643920e+03  3.021224e-05
1.670510e+03  2.853023e-05
1.697530e+03  2.694212e-05
1.724990e+03  2.544264e-05
1.752890e+03  2.400337e-05
1.781240e+03  2.263818e-05
1.810050e+03  2.134564e-05
1.839320e+03  2.012702e-05
1.869070e+03  1.897780e-05
1.899300e+03  1.789416e-05
1.930020e+03  1.687235e-05
1.961240e+03  1.590896e-05
1.992960e+03  1.500080e-05
2.025200e+03  1.415217e-05
2.057950e+03  1.333629e-05
2.091240e+03  1.256524e-05
2.125060e+03  1.183785e-05
2.159430e+03  1.115152e-05
2.194360e+03  1.050376e-05
2.229850e+03  9.892605e-06
2.265920e+03  9.316228e-06
2.302570e+03  8.772175e-06
2.339810e+03  8.259431e-06
2.377660e+03  7.775858e-06
2.416110e+03  7.319957e-06
2.455190e+03  6.890111e-06
2.494900e+03  6.485030e-06
2.535260e+03  6.103102e-06
2.576260e+03  5.743276e-06
2.617930e+03  5.404258e-06
2.660270e+03  5.084807e-06
2.703300e+03  4.783782e-06
2.747030e+03  4.500266e-06
2.791460e+03  4.233238e-06
2.836610e+03  3.981774e-06
2.882490e+03  3.744978e-06
2.929110e+03  3.522019e-06
2.976480e+03  3.312104e-06
3.024630e+03  3.114425e-06
3.073550e+03  2.928426e-06
3.123260e+03  2.753280e-06
3.173780e+03  2.588463e-06
3.225110e+03  2.433375e-06
3.277270e+03  2.287406e-06
3.330280e+03  2.150070e-06
3.384150e+03  2.020880e-06
3.438880e+03  1.899314e-06
3.494500e+03  1.784983e-06
3.551020e+03  1.677375e-06
3.608460e+03  1.576205e-06
3.666820e+03  1.481039e-06
3.726130e+03  1.391552e-06
3.786400e+03  1.307398e-06
3.847640e+03  1.228273e-06
3.909870e+03  1.153877e-06
3.973110e+03  1.083926e-06
4.037380e+03  1.018158e-06
4.102680e+03  9.563073e-07
4.169030e+03  8.982121e-07
4.236460e+03  8.435683e-07
4.304980e+03  7.922505e-07
4.374620e+03  7.439756e-07
4.445370e+03  6.986236e-07
4.517270e+03  6.560025e-07
4.590330e+03  6.159534e-07
4.664580e+03  5.783304e-07
4.740030e+03  5.429879e-07
4.816690e+03  5.097825e-07
4.894600e+03  4.785801e-07
4.973770e+03  4.492330e-07
5.054210e+03  4.217060e-07
5.135960e+03  3.958458e-07
5.219030e+03  3.715593e-07
5.303440e+03  3.487242e-07
5.389220e+03  3.272935e-07
5.476390e+03  3.071630e-07
5.564970e+03  2.882618e-07
5.654980e+03  2.705094e-07
5.746440e+03  2.538420e-07
5.839390e+03  2.381911e-07
5.933830e+03  2.234978e-07
6.029810e+03  2.097005e-07
6.127330e+03  1.967469e-07
6.226440e+03  1.845878e-07
6.327150e+03  1.731733e-07
6.429480e+03  1.624574e-07
6.533480e+03  1.523984e-07
6.639150e+03  1.429574e-07
6.746540e+03  1.340950e-07
6.855650e+03  1.257781e-07
6.966540e+03  1.179729e-07
7.079220e+03  1.106480e-07
7.193720e+03  1.037719e-07
7.310070e+03  9.732287e-08
7.428310e+03  9.126769e-08
7.548450e+03  8.558805e-08
7.670540e+03  8.025823e-08
7.794610e+03  7.525867e-08
7.920680e+03  7.056764e-08
8.048790e+03  6.616496e-08
8.178980e+03  6.203696e-08
8.311260e+03  5.816232e-08
8.445690e+03  5.452890e-08
8.582290e+03  5.112129e-08
8.721110e+03  4.792330e-08
8.862160e+03  4.492425e-08
9.005500e+03  4.211232e-08
9.151160e+03  3.947288e-08
9.299170e+03  3.699876e-08
9.449580e+03  3.467845e-08
9.602420e+03  3.250265e-08
9.757730e+03  3.046234e-08
9.915550e+03  2.854854e-08
1.007590e+04  2.675446e-08
1.023890e+04  2.507198e-08
1.040450e+04  2.349462e-08
1.057280e+04  2.201561e-08
1.074380e+04  2.062906e-08
1.091760e+04  1.932901e-08
1.109420e+04  1.811027e-08
1.127360e+04  1.696797e-08
1.145590e+04  1.589715e-08
1.164120e+04  1.489323e-08
1.182950e+04  1.395220e-08
1.202080e+04  1.307027e-08
1.221530e+04  1.224345e-08
1.241280e+04  1.146880e-08
1.261360e+04  1.074257e-08
1.281760e+04  1.006207e-08
1.302500e+04  9.424186e-09
1.323560e+04  8.826622e-09
1.344970e+04  8.266567e-09
1.366720e+04  7.741811e-09
1.388830e+04  7.250048e-09
1.411290e+04  6.789343e-09
1.434120e+04  6.357639e-09
1.457310e+04  5.953247e-09
1.480890e+04  5.574273e-09
1.504840e+04  5.219313e-09
1.529180e+04  4.886775e-09
1.553910e+04  4.575286e-09
1.579040e+04  4.283490e-09
1.604580e+04  4.010160e-09
1.630540e+04  3.754104e-09
1.656910e+04  3.514327e-09
1.683710e+04  3.289723e-09
1.710940e+04  3.079394e-09
1.738610e+04  2.882411e-09
1.766740e+04  2.697906e-09
1.795310e+04  2.525161e-09
1.824350e+04  2.363387e-09
1.853860e+04  2.211903e-09
1.883840e+04  2.070068e-09
1.914310e+04  1.937262e-09
1.945270e+04  1.812925e-09
1.976740e+04  1.696495e-09
2.008710e+04  1.587833e-09
2.041200e+04  1.485795e-09
2.074210e+04  1.390296e-09
2.107760e+04  1.300902e-09
2.141850e+04  1.217231e-09
2.176500e+04  1.138908e-09
2.211700e+04  1.065611e-09
2.247470e+04  9.970160e-10
2.283820e+04  9.328120e-10
2.320760e+04  8.727155e-10
2.358300e+04  8.164728e-10
2.396440e+04  7.638451e-10
2.435200e+04  7.145885e-10
2.474590e+04  6.684871e-10
2.514620e+04  6.253433e-10
2.555290e+04  5.849758e-10
2.596620e+04  5.471938e-10
2.638610e+04  5.118427e-10
2.681290e+04  4.787609e-10
2.724660e+04  4.478030e-10
2.768730e+04  4.188358e-10
2.813510e+04  3.917318e-10
2.859020e+04  3.663697e-10
2.905260e+04  3.426403e-10
2.952250e+04  3.204378e-10
3.000000e+04  2.996649e-10
-1  -1
