  -1
3.005000e+01  2.061201e-01
3.042000e+01  2.571183e-01
3.080000e+01  3.022897e-01
3.099000e+01  2.983511e-01
3.139000e+01  2.973373e-01
3.159000e+01  2.776995e-01
3.209120e+01  2.799128e-01
3.260030e+01  3.098351e-01
3.262000e+01  3.110635e-01
3.306000e+01  3.312268e-01
3.358450e+01  3.506307e-01
3.411730e+01  3.702385e-01
3.444000e+01  3.802260e-01
3.468000e+01  4.026053e-01
3.517000e+01  4.229381e-01
3.545800e+01  4.495919e-01
3.602050e+01  4.824772e-01
3.659200e+01  5.207031e-01
3.717250e+01  5.649548e-01
3.776220e+01  6.090779e-01
3.836120e+01  6.566835e-01
3.896980e+01  7.102176e-01
3.958800e+01  7.585989e-01
4.021610e+01  7.982685e-01
4.085410e+01  8.342029e-01
4.150220e+01  8.588532e-01
4.216060e+01  8.718373e-01
4.282940e+01  8.743323e-01
4.350890e+01  8.743851e-01
4.419910e+01  8.785496e-01
4.490030e+01  8.836091e-01
4.561260e+01  8.889546e-01
4.633620e+01  8.956918e-01
4.707130e+01  9.078931e-01
4.781810e+01  9.134334e-01
4.857670e+01  9.039093e-01
4.934730e+01  8.860237e-01
5.013020e+01  8.534812e-01
5.092540e+01  8.151394e-01
5.173330e+01  7.682540e-01
5.255410e+01  7.130264e-01
5.338780e+01  6.575620e-01
5.423470e+01  5.972247e-01
5.509510e+01  5.347669e-01
5.596920e+01  4.758377e-01
5.685710e+01  4.217018e-01
5.775910e+01  3.727353e-01
5.867540e+01  3.284223e-01
5.876000e+01  3.244885e-01
5.904000e+01  3.188643e-01
5.960000e+01  2.876843e-01
6.054550e+01  2.535691e-01
6.107000e+01  2.385245e-01
6.137000e+01  2.258945e-01
6.168000e+01  2.174817e-01
6.265850e+01  1.883116e-01
6.365250e+01  1.621535e-01
6.466230e+01  1.400163e-01
6.568820e+01  1.210761e-01
6.673020e+01  1.047741e-01
6.778890e+01  9.074756e-02
6.886430e+01  7.836206e-02
6.995680e+01  6.716305e-02
7.004000e+01  6.638935e-02
7.105000e+01  5.605903e-02
7.146000e+01  5.230342e-02
7.259370e+01  4.533124e-02
7.374530e+01  3.949877e-02
7.491520e+01  3.447727e-02
7.610370e+01  3.046760e-02
7.731100e+01  2.739658e-02
7.853750e+01  2.466180e-02
7.978340e+01  2.221688e-02
8.104910e+01  2.024330e-02
8.233490e+01  1.849640e-02
8.364110e+01  1.691103e-02
8.496800e+01  1.546840e-02
8.631600e+01  1.442744e-02
8.768530e+01  1.352316e-02
8.907640e+01  1.268106e-02
9.048950e+01  1.212128e-02
9.192500e+01  1.161165e-02
9.338340e+01  1.112766e-02
9.486480e+01  1.079871e-02
9.636980e+01  1.050143e-02
9.789860e+01  1.021622e-02
9.945170e+01  9.941942e-03
1.010290e+02  9.677779e-03
1.026320e+02  9.433414e-03
1.042600e+02  9.286439e-03
1.059140e+02  9.144494e-03
1.075950e+02  9.006820e-03
1.093020e+02  8.873582e-03
1.110360e+02  8.720946e-03
1.127970e+02  8.565303e-03
1.145860e+02  8.413949e-03
1.164040e+02  8.266598e-03
1.182510e+02  8.123038e-03
1.201270e+02  7.983179e-03
1.220330e+02  7.846843e-03
1.239690e+02  7.713893e-03
1.259350e+02  7.584245e-03
1.279330e+02  7.457551e-03
1.299630e+02  7.349304e-03
1.320240e+02  7.249112e-03
1.341190e+02  7.150989e-03
1.362470e+02  7.055005e-03
1.384080e+02  6.961107e-03
1.406040e+02  6.869278e-03
1.428340e+02  6.742427e-03
1.451000e+02  6.584233e-03
1.474020e+02  6.430025e-03
1.497410e+02  6.279733e-03
1.521160e+02  6.133421e-03
1.545290e+02  5.990839e-03
1.569810e+02  5.851805e-03
1.594710e+02  5.716360e-03
1.620010e+02  5.584311e-03
1.645710e+02  5.455559e-03
1.671820e+02  5.329997e-03
1.698340e+02  5.207534e-03
1.725290e+02  5.088033e-03
1.752660e+02  4.971443e-03
1.780460e+02  4.857691e-03
1.808710e+02  4.746603e-03
1.837400e+02  4.638157e-03
1.866550e+02  4.527333e-03
1.896160e+02  4.418773e-03
1.926240e+02  4.312695e-03
1.956800e+02  4.208886e-03
1.987840e+02  4.106895e-03
2.006100e+02  4.045133e-03
2.012600e+02  4.703566e-03
2.019200e+02  4.663574e-03
2.032400e+02  4.368569e-03
2.039100e+02  4.637855e-03
2.045800e+02  4.697078e-03
2.073200e+02  4.553865e-03
2.087100e+02  4.660748e-03
2.108400e+02  4.730972e-03
2.141850e+02  5.416352e-03
2.175830e+02  6.189820e-03
2.210340e+02  6.396036e-03
2.245410e+02  7.006176e-03
2.262300e+02  7.423328e-03
2.296900e+02  8.722397e-03
2.304400e+02  8.267150e-03
2.340960e+02  9.939779e-03
2.375000e+02  1.178429e-02
2.402600e+02  1.285582e-02
2.440500e+02  1.357728e-02
2.459900e+02  1.403216e-02
2.498920e+02  1.441755e-02
2.509600e+02  1.452197e-02
2.540500e+02  1.438959e-02
2.561500e+02  1.484312e-02
2.602140e+02  1.519493e-02
2.604500e+02  1.521769e-02
2.615500e+02  1.571034e-02
2.637800e+02  1.592397e-02
2.660400e+02  1.589663e-02
2.702610e+02  1.614368e-02
2.730700e+02  1.631246e-02
2.755000e+02  1.632091e-02
2.798710e+02  1.650372e-02
2.817600e+02  1.658634e-02
2.843500e+02  1.650251e-02
2.888610e+02  1.636901e-02
2.934440e+02  1.623966e-02
2.980990e+02  1.572745e-02
3.028280e+02  1.508330e-02
3.076320e+02  1.492829e-02
3.125120e+02  1.469513e-02
3.174700e+02  1.439092e-02
3.225070e+02  1.412321e-02
3.276230e+02  1.386437e-02
3.328200e+02  1.356295e-02
3.381000e+02  1.326610e-02
3.434640e+02  1.301090e-02
3.489130e+02  1.292065e-02
3.544480e+02  1.282957e-02
3.562400e+02  1.280001e-02
3.583000e+02  1.294450e-02
3.603800e+02  1.390333e-02
3.624900e+02  1.600556e-02
3.646300e+02  1.489333e-02
3.667800e+02  1.311845e-02
3.689600e+02  1.258888e-02
3.748130e+02  1.274750e-02
3.756700e+02  1.277406e-02
3.779700e+02  1.322532e-02
3.826300e+02  1.176452e-02
3.850100e+02  1.161750e-02
3.874100e+02  1.176247e-02
3.935560e+02  1.141552e-02
3.997990e+02  1.108799e-02
4.061420e+02  1.078323e-02
4.125850e+02  1.041903e-02
4.191300e+02  9.927151e-03
4.257800e+02  9.478071e-03
4.325340e+02  9.142331e-03
4.393960e+02  8.818667e-03
4.463670e+02  8.506367e-03
4.534480e+02  8.204250e-03
4.606420e+02  8.046836e-03
4.617400e+02  8.025736e-03
4.643400e+02  8.028616e-03
4.717060e+02  7.846239e-03
4.759300e+02  7.744371e-03
4.786800e+02  7.660298e-03
4.862740e+02  7.264965e-03
4.939880e+02  6.940610e-03
5.018250e+02  6.679150e-03
5.019400e+02  6.675440e-03
5.050100e+02  6.498865e-03
5.130220e+02  6.309048e-03
5.211600e+02  6.125246e-03
5.294280e+02  5.947208e-03
5.378270e+02  5.715771e-03
5.425600e+02  5.575852e-03
5.473600e+02  5.432535e-03
5.522400e+02  5.264223e-03
5.610010e+02  4.946231e-03
5.635400e+02  4.858522e-03
5.713900e+02  4.546622e-03
5.804550e+02  4.363050e-03
5.896630e+02  4.187205e-03
5.990180e+02  4.018512e-03
6.085210e+02  3.856683e-03
6.181740e+02  3.701433e-03
6.279810e+02  3.552446e-03
6.379440e+02  3.399275e-03
6.480640e+02  3.244480e-03
6.583450e+02  3.096710e-03
6.687900e+02  2.955681e-03
6.793990e+02  2.821070e-03
6.901780e+02  2.692602e-03
7.011270e+02  2.569979e-03
7.122500e+02  2.452951e-03
7.235490e+02  2.341261e-03
7.350270e+02  2.234672e-03
7.466880e+02  2.132923e-03
7.585340e+02  2.035822e-03
7.705670e+02  1.943154e-03
7.827920e+02  1.854701e-03
7.952100e+02  1.770082e-03
8.078260e+02  1.684543e-03
8.206410e+02  1.603135e-03
8.336600e+02  1.525661e-03
8.468850e+02  1.451946e-03
8.603210e+02  1.381790e-03
8.739690e+02  1.315026e-03
8.878340e+02  1.251495e-03
9.019190e+02  1.189334e-03
9.162270e+02  1.128523e-03
9.307620e+02  1.069435e-03
9.455280e+02  1.003672e-03
9.605280e+02  9.521115e-04
9.757660e+02  9.037220e-04
9.912460e+02  8.577941e-04
1.006970e+03  8.142033e-04
1.022950e+03  7.728175e-04
1.039170e+03  7.335606e-04
1.055660e+03  6.962862e-04
1.072410e+03  6.609050e-04
1.089420e+03  6.273321e-04
1.106700e+03  5.954659e-04
1.124260e+03  5.652135e-04
1.142100e+03  5.364994e-04
1.160210e+03  5.092566e-04
1.178620e+03  4.833878e-04
1.197320e+03  4.588359e-04
1.216310e+03  4.355372e-04
1.235610e+03  4.134172e-04
1.255210e+03  3.924261e-04
1.275120e+03  3.656367e-04
1.295350e+03  3.353386e-04
1.315900e+03  3.179544e-04
1.336780e+03  3.014731e-04
1.357990e+03  2.858471e-04
1.379530e+03  2.710343e-04
1.401410e+03  2.569904e-04
1.423650e+03  2.436705e-04
1.446230e+03  2.310456e-04
1.469170e+03  2.190745e-04
1.492480e+03  2.077223e-04
1.516160e+03  1.967209e-04
1.540210e+03  1.862640e-04
1.564650e+03  1.763616e-04
1.589470e+03  1.669872e-04
1.614680e+03  1.581120e-04
1.640300e+03  1.497074e-04
1.666320e+03  1.417503e-04
1.692760e+03  1.342155e-04
1.719610e+03  1.270828e-04
1.746890e+03  1.203286e-04
1.774600e+03  1.139339e-04
1.802760e+03  1.078780e-04
1.831360e+03  1.021448e-04
1.860410e+03  9.671663e-05
1.889920e+03  9.157741e-05
1.919910e+03  8.670998e-05
1.950360e+03  8.210283e-05
1.981300e+03  7.773994e-05
2.012740e+03  7.360824e-05
2.044670e+03  6.969689e-05
2.077100e+03  6.599371e-05
2.110060e+03  6.248639e-05
2.143530e+03  5.916626e-05
2.177540e+03  5.602189e-05
2.212080e+03  5.304523e-05
2.247170e+03  5.022645e-05
2.282820e+03  4.755707e-05
2.319040e+03  4.506296e-05
2.355830e+03  4.275596e-05
2.367000e+03  4.208370e-05
2.370400e+03  4.187463e-05
2.370600e+03  1.552012e-04
2.398000e+03  1.490624e-04
2.436040e+03  1.409933e-04
2.461000e+03  1.359948e-04
2.464600e+03  1.352820e-04
2.464800e+03  1.863868e-04
2.493000e+03  1.793775e-04
2.532550e+03  1.700832e-04
2.572730e+03  1.612663e-04
2.613540e+03  1.529075e-04
2.655000e+03  1.449804e-04
2.695000e+03  1.378272e-04
2.697600e+03  1.373742e-04
2.697800e+03  1.567500e-04
2.730000e+03  1.503805e-04
2.773310e+03  1.423187e-04
2.817310e+03  1.346874e-04
2.862000e+03  1.274669e-04
2.907400e+03  1.206323e-04
2.953530e+03  1.141640e-04
3.000380e+03  1.080428e-04
3.047980e+03  1.022495e-04
3.096340e+03  9.676637e-05
3.145460e+03  9.157801e-05
3.195360e+03  8.666707e-05
3.246050e+03  8.202067e-05
3.297550e+03  7.762247e-05
3.349860e+03  7.346011e-05
3.403000e+03  6.952157e-05
3.456990e+03  6.579355e-05
3.511830e+03  6.226551e-05
3.567540e+03  5.892724e-05
3.624140e+03  5.576753e-05
3.681630e+03  5.277735e-05
3.740040e+03  4.994740e-05
3.799370e+03  4.722327e-05
3.859650e+03  4.457486e-05
3.920880e+03  4.207528e-05
3.983080e+03  3.971582e-05
4.046270e+03  3.748860e-05
4.110460e+03  3.538637e-05
4.175670e+03  3.340202e-05
4.241910e+03  3.152904e-05
4.309210e+03  2.976086e-05
4.377570e+03  2.809203e-05
4.447020e+03  2.651671e-05
4.517560e+03  2.502980e-05
4.589230e+03  2.362621e-05
4.662040e+03  2.230132e-05
4.736000e+03  2.105070e-05
4.811130e+03  1.987032e-05
4.887450e+03  1.875614e-05
4.964990e+03  1.770437e-05
5.043760e+03  1.671154e-05
5.123770e+03  1.577451e-05
5.205060e+03  1.488994e-05
5.287630e+03  1.405496e-05
5.371510e+03  1.326687e-05
5.456730e+03  1.252294e-05
5.543300e+03  1.182070e-05
5.631240e+03  1.115786e-05
5.720570e+03  1.053223e-05
5.811320e+03  9.941658e-06
5.903520e+03  9.384160e-06
5.997170e+03  8.857972e-06
6.092310e+03  8.361299e-06
6.188960e+03  7.892442e-06
6.287150e+03  7.449873e-06
6.386890e+03  7.028113e-06
6.488210e+03  6.624018e-06
6.591140e+03  6.243134e-06
6.695700e+03  5.884184e-06
6.801930e+03  5.545840e-06
6.909830e+03  5.226964e-06
7.019450e+03  4.926432e-06
7.130810e+03  4.643168e-06
7.243940e+03  4.376186e-06
7.358860e+03  4.124566e-06
7.475600e+03  3.887414e-06
7.594190e+03  3.663897e-06
7.714670e+03  3.453221e-06
7.837060e+03  3.254668e-06
7.961390e+03  3.067536e-06
8.087690e+03  2.891162e-06
8.215990e+03  2.724933e-06
8.346330e+03  2.568251e-06
8.478740e+03  2.420580e-06
8.613250e+03  2.281403e-06
8.749890e+03  2.150230e-06
8.888700e+03  2.026595e-06
9.029720e+03  1.910077e-06
9.172970e+03  1.800249e-06
9.318490e+03  1.696744e-06
9.466320e+03  1.599182e-06
9.616500e+03  1.507236e-06
9.769050e+03  1.420581e-06
9.924030e+03  1.338897e-06
1.008150e+04  1.261906e-06
1.024140e+04  1.189360e-06
1.040390e+04  1.120968e-06
1.056890e+04  1.056526e-06
1.073660e+04  9.957764e-07
1.090690e+04  9.385222e-07
1.108000e+04  8.845494e-07
1.125570e+04  8.337079e-07
1.143430e+04  7.857671e-07
1.161570e+04  7.405864e-07
1.180000e+04  6.979988e-07
1.198720e+04  6.578702e-07
1.217730e+04  6.200511e-07
1.237050e+04  5.843963e-07
1.256680e+04  5.507944e-07
1.276610e+04  5.191276e-07
1.296860e+04  4.892831e-07
1.317440e+04  4.611454e-07
1.338340e+04  4.346327e-07
1.359570e+04  4.096441e-07
1.381140e+04  3.860906e-07
1.403050e+04  3.638927e-07
1.425310e+04  3.429690e-07
1.447920e+04  3.232502e-07
1.470890e+04  3.046651e-07
1.494220e+04  2.871492e-07
1.517930e+04  2.706375e-07
1.542010e+04  2.550775e-07
1.566470e+04  2.404118e-07
1.591320e+04  2.265895e-07
1.616570e+04  2.135605e-07
1.642210e+04  2.012833e-07
1.668270e+04  1.897082e-07
1.694730e+04  1.788020e-07
1.721620e+04  1.685211e-07
1.748930e+04  1.588319e-07
1.776680e+04  1.496990e-07
1.804860e+04  1.410928e-07
1.833490e+04  1.329809e-07
1.862580e+04  1.253348e-07
1.892130e+04  1.181283e-07
1.897200e+04  1.169448e-07
1.898290e+04  1.166926e-07
1.898310e+04  7.965103e-07
1.907700e+04  7.823109e-07
1.937960e+04  7.386840e-07
1.968710e+04  6.974845e-07
1.999940e+04  6.585883e-07
2.031670e+04  6.218570e-07
2.063900e+04  5.871781e-07
2.096640e+04  5.544337e-07
2.129900e+04  5.235140e-07
2.163690e+04  4.943175e-07
2.198020e+04  4.667480e-07
2.232890e+04  4.407186e-07
2.268310e+04  4.161413e-07
2.304300e+04  3.929323e-07
2.340850e+04  3.710202e-07
2.377990e+04  3.503268e-07
2.415710e+04  3.307919e-07
2.454040e+04  3.123420e-07
2.492970e+04  2.949245e-07
2.532520e+04  2.784759e-07
2.572690e+04  2.629468e-07
2.613510e+04  2.482818e-07
2.654970e+04  2.344354e-07
2.697090e+04  2.213611e-07
2.739870e+04  2.090171e-07
2.783340e+04  1.973593e-07
2.827500e+04  1.862368e-07
2.872350e+04  1.756061e-07
2.917920e+04  1.655813e-07
2.964210e+04  1.561298e-07
3.000000e+04  1.492863e-07
-1  -1
