  -1
3.025550e+01  9.020854e-01
3.074490e+01  8.645346e-01
3.124210e+01  8.211614e-01
3.174750e+01  7.724585e-01
3.226090e+01  7.282134e-01
3.278270e+01  6.878913e-01
3.331300e+01  6.487551e-01
3.385180e+01  6.103552e-01
3.439930e+01  5.766865e-01
3.495570e+01  5.451406e-01
3.552110e+01  5.152790e-01
3.609560e+01  4.864518e-01
3.667940e+01  4.583590e-01
3.727270e+01  4.315863e-01
3.787550e+01  4.060478e-01
3.848820e+01  3.818040e-01
3.911070e+01  3.585517e-01
3.974320e+01  3.348244e-01
4.038610e+01  3.122093e-01
4.103930e+01  2.907911e-01
4.170310e+01  2.713730e-01
4.237760e+01  2.534862e-01
4.306300e+01  2.364615e-01
4.375950e+01  2.245037e-01
4.446730e+01  2.137530e-01
4.518650e+01  2.037775e-01
4.591740e+01  1.944604e-01
4.666000e+01  1.853066e-01
4.741470e+01  1.764676e-01
4.818160e+01  1.680971e-01
4.896090e+01  1.601714e-01
4.975280e+01  1.526617e-01
5.055760e+01  1.455405e-01
5.137530e+01  1.388431e-01
5.220620e+01  1.325617e-01
5.305060e+01  1.266016e-01
5.390870e+01  1.209417e-01
5.478060e+01  1.155614e-01
5.566670e+01  1.104378e-01
5.656700e+01  1.055657e-01
5.748200e+01  1.009292e-01
5.841170e+01  9.651685e-02
5.935640e+01  9.231595e-02
6.031650e+01  8.831445e-02
6.129210e+01  8.450216e-02
6.228340e+01  8.086922e-02
6.329080e+01  7.740589e-02
6.431450e+01  7.410314e-02
6.535470e+01  7.095322e-02
6.641180e+01  6.794764e-02
6.748590e+01  6.507952e-02
6.857750e+01  6.234115e-02
6.968670e+01  5.972664e-02
7.081380e+01  5.723402e-02
7.195910e+01  5.485316e-02
7.312300e+01  5.257804e-02
7.430570e+01  5.040367e-02
7.550760e+01  4.832489e-02
7.672890e+01  4.633733e-02
7.796990e+01  4.443650e-02
7.923100e+01  4.261833e-02
8.051250e+01  4.087922e-02
8.181470e+01  3.921635e-02
8.313800e+01  3.754010e-02
8.448270e+01  3.583275e-02
8.584910e+01  3.420250e-02
8.723770e+01  3.264662e-02
8.864870e+01  3.116202e-02
9.008250e+01  2.974526e-02
9.153950e+01  2.839360e-02
9.302010e+01  2.707040e-02
9.452460e+01  2.567188e-02
9.605350e+01  2.437218e-02
9.760710e+01  2.331815e-02
9.918580e+01  2.230972e-02
1.007900e+02  2.135292e-02
1.024200e+02  2.046885e-02
1.040770e+02  1.961671e-02
1.057600e+02  1.879325e-02
1.074710e+02  1.807087e-02
1.092090e+02  1.738788e-02
1.109750e+02  1.669144e-02
1.127700e+02  2.022253e-02
1.145940e+02  2.295742e-02
1.164480e+02  2.281440e-02
1.183310e+02  2.016721e-02
1.202450e+02  2.674034e-02
1.221900e+02  4.209096e-02
1.241660e+02  6.350407e-02
1.261750e+02  8.626478e-02
1.282150e+02  9.653813e-02
1.302890e+02  1.083566e-01
1.323970e+02  1.116251e-01
1.345380e+02  1.082425e-01
1.367140e+02  1.012024e-01
1.389250e+02  9.260109e-02
1.411720e+02  8.283526e-02
1.434560e+02  7.383669e-02
1.457760e+02  6.566503e-02
1.481340e+02  5.845007e-02
1.505300e+02  5.206518e-02
1.529640e+02  4.634481e-02
1.554390e+02  4.122934e-02
1.579530e+02  3.666273e-02
1.605070e+02  3.270442e-02
1.631030e+02  2.924163e-02
1.657420e+02  2.614412e-02
1.684220e+02  2.337368e-02
1.711460e+02  2.089531e-02
1.739150e+02  1.877382e-02
1.767270e+02  1.702036e-02
1.795860e+02  1.543243e-02
1.824910e+02  1.399332e-02
1.854420e+02  1.276608e-02
1.884420e+02  1.191589e-02
1.914890e+02  1.112537e-02
1.945870e+02  1.038881e-02
1.977340e+02  9.702191e-03
2.009320e+02  9.061651e-03
2.041820e+02  8.463591e-03
2.074850e+02  8.022732e-03
2.108400e+02  7.739324e-03
2.142510e+02  7.467383e-03
2.177160e+02  7.205914e-03
2.212370e+02  6.954274e-03
2.248160e+02  6.711897e-03
2.284520e+02  6.478481e-03
2.321470e+02  6.253555e-03
2.359020e+02  6.036763e-03
2.397170e+02  5.827809e-03
2.435950e+02  5.626272e-03
2.475350e+02  5.431963e-03
2.515380e+02  5.244576e-03
2.556070e+02  5.063742e-03
2.597410e+02  4.891474e-03
2.639420e+02  4.775158e-03
2.682110e+02  4.661900e-03
2.725490e+02  4.551539e-03
2.769570e+02  4.443955e-03
2.814370e+02  4.339032e-03
2.859890e+02  4.236727e-03
2.906150e+02  4.136927e-03
2.953150e+02  4.039560e-03
3.000920e+02  3.959994e-03
3.049450e+02  3.886397e-03
3.098780e+02  3.814244e-03
3.148900e+02  3.743551e-03
3.199830e+02  3.674257e-03
3.251580e+02  3.606337e-03
3.304180e+02  3.539727e-03
3.357620e+02  3.474453e-03
3.411920e+02  3.406119e-03
3.467110e+02  3.323765e-03
3.523190e+02  3.243428e-03
3.580170e+02  3.165088e-03
3.638080e+02  3.088660e-03
3.696920e+02  3.004869e-03
3.756720e+02  2.908912e-03
3.817480e+02  2.816017e-03
3.879220e+02  2.726104e-03
3.941970e+02  2.639061e-03
4.005730e+02  2.554793e-03
4.070520e+02  2.473257e-03
4.136350e+02  2.394344e-03
4.203260e+02  2.321500e-03
4.271240e+02  2.258255e-03
4.340320e+02  2.196760e-03
4.410520e+02  2.136973e-03
4.481860e+02  2.078803e-03
4.554350e+02  2.022273e-03
4.628020e+02  1.966940e-03
4.702870e+02  1.902271e-03
4.778940e+02  1.839734e-03
4.856230e+02  1.779249e-03
4.934780e+02  1.720766e-03
5.014590e+02  1.664203e-03
5.095700e+02  1.609514e-03
5.178120e+02  1.556645e-03
5.261870e+02  1.505505e-03
5.346980e+02  1.456048e-03
5.433460e+02  1.408131e-03
5.521340e+02  1.359424e-03
5.610650e+02  1.312402e-03
5.701390e+02  1.267008e-03
5.793610e+02  1.223185e-03
5.887320e+02  1.180896e-03
5.982540e+02  1.140067e-03
6.079300e+02  1.100656e-03
6.177630e+02  1.062602e-03
6.277550e+02  1.023552e-03
6.379080e+02  9.804777e-04
6.482260e+02  9.392135e-04
6.587110e+02  8.996867e-04
6.693650e+02  8.618258e-04
6.801910e+02  8.255618e-04
6.911930e+02  7.908231e-04
7.023720e+02  7.575494e-04
7.137330e+02  7.247698e-04
7.252770e+02  6.915272e-04
7.370080e+02  6.598096e-04
7.489280e+02  6.295483e-04
7.610420e+02  6.006746e-04
7.733510e+02  5.731258e-04
7.858590e+02  5.468417e-04
7.985700e+02  5.217620e-04
8.114860e+02  4.978334e-04
8.246110e+02  4.759206e-04
8.379490e+02  4.554799e-04
8.515020e+02  4.358396e-04
8.652740e+02  4.169514e-04
8.792690e+02  3.987994e-04
8.934910e+02  3.814437e-04
9.079430e+02  3.648371e-04
9.226280e+02  3.489454e-04
9.375510e+02  3.337306e-04
9.527150e+02  3.191664e-04
9.681240e+02  3.051907e-04
9.803000e+02  2.941517e-04
9.805000e+02  1.287107e-03
9.837830e+02  1.277907e-03
9.996950e+02  1.225756e-03
1.015860e+03  1.175089e-03
1.032290e+03  1.126372e-03
1.048990e+03  1.079442e-03
1.065960e+03  1.034268e-03
1.083200e+03  9.909583e-04
1.100720e+03  9.494523e-04
1.118520e+03  9.096780e-04
1.136610e+03  8.715613e-04
1.155000e+03  8.350254e-04
1.173680e+03  8.000251e-04
1.192660e+03  7.664927e-04
1.211950e+03  7.343592e-04
1.231550e+03  7.035687e-04
1.251470e+03  6.773439e-04
1.271720e+03  6.555837e-04
1.292290e+03  6.387460e-04
1.313190e+03  6.223537e-04
1.334430e+03  6.063792e-04
1.356010e+03  5.908186e-04
1.377940e+03  5.756550e-04
1.400230e+03  5.608768e-04
1.422880e+03  5.464848e-04
1.445890e+03  5.324618e-04
1.469280e+03  5.176974e-04
1.493040e+03  5.017225e-04
1.517190e+03  4.796345e-04
1.541730e+03  4.576349e-04
1.566670e+03  4.366340e-04
1.592010e+03  4.252252e-04
1.617760e+03  4.112398e-04
1.643920e+03  3.899282e-04
1.670510e+03  3.697186e-04
1.697530e+03  3.505559e-04
1.724990e+03  3.323815e-04
1.752890e+03  3.150031e-04
1.781240e+03  2.984869e-04
1.810050e+03  2.828054e-04
1.839320e+03  2.679463e-04
1.869070e+03  2.538669e-04
1.899300e+03  2.405298e-04
1.930020e+03  2.278903e-04
1.961240e+03  2.159138e-04
1.992960e+03  2.045685e-04
2.025200e+03  1.938985e-04
2.057950e+03  1.836474e-04
2.091240e+03  1.739180e-04
2.125060e+03  1.647011e-04
2.159430e+03  1.559602e-04
2.194360e+03  1.476755e-04
2.229850e+03  1.398211e-04
2.265920e+03  1.323778e-04
2.302570e+03  1.253244e-04
2.339810e+03  1.186431e-04
2.377660e+03  1.123083e-04
2.416110e+03  1.063076e-04
2.455190e+03  1.006256e-04
2.494900e+03  9.524146e-05
2.535260e+03  9.014432e-05
2.576260e+03  8.531403e-05
2.617930e+03  8.074038e-05
2.660270e+03  7.640734e-05
2.703300e+03  7.230535e-05
2.747030e+03  6.841929e-05
2.791460e+03  6.474117e-05
2.836610e+03  6.125822e-05
2.882490e+03  5.796088e-05
2.929110e+03  5.483907e-05
2.976480e+03  5.188505e-05
3.024630e+03  4.908677e-05
3.073550e+03  4.643901e-05
3.123260e+03  4.393277e-05
3.173780e+03  4.155881e-05
3.225110e+03  3.931293e-05
3.277270e+03  3.718754e-05
3.330280e+03  3.517570e-05
3.384150e+03  3.327148e-05
3.438880e+03  3.146992e-05
3.494500e+03  2.976476e-05
3.551020e+03  2.815125e-05
3.608460e+03  2.662418e-05
3.666820e+03  2.517933e-05
3.726130e+03  2.381227e-05
3.786400e+03  2.251837e-05
3.847640e+03  2.129436e-05
3.909870e+03  2.013623e-05
3.973110e+03  1.904065e-05
4.037380e+03  1.800373e-05
4.102680e+03  1.702287e-05
4.169030e+03  1.609499e-05
4.236460e+03  1.521707e-05
4.304980e+03  1.438668e-05
4.374620e+03  1.360090e-05
4.445370e+03  1.285773e-05
4.517270e+03  1.215450e-05
4.590330e+03  1.148948e-05
4.664580e+03  1.086027e-05
4.740030e+03  1.026520e-05
4.816690e+03  9.702353e-06
4.894600e+03  9.169939e-06
4.973770e+03  8.666130e-06
5.054210e+03  8.189867e-06
5.135960e+03  7.739361e-06
5.219030e+03  7.313312e-06
5.303440e+03  6.910354e-06
5.389220e+03  6.529099e-06
5.476390e+03  6.168581e-06
5.564970e+03  5.827710e-06
5.654980e+03  5.505379e-06
5.746440e+03  5.200526e-06
5.839390e+03  4.912235e-06
5.933830e+03  4.639647e-06
6.029810e+03  4.381832e-06
6.127330e+03  4.138190e-06
6.207800e+03  3.950003e-06
6.208000e+03  1.157098e-05
6.226440e+03  1.143949e-05
6.327150e+03  1.075254e-05
6.429480e+03  1.010711e-05
6.533480e+03  9.500270e-06
6.639150e+03  8.929897e-06
6.721400e+03  8.515444e-06
6.721600e+03  1.175551e-05
6.746540e+03  1.159121e-05
6.855650e+03  1.090526e-05
6.966540e+03  1.025991e-05
7.079220e+03  9.652743e-06
7.125900e+03  9.414541e-06
7.126100e+03  1.076258e-05
7.193720e+03  1.042043e-05
7.310070e+03  9.863796e-06
7.428310e+03  9.335042e-06
7.548450e+03  8.832780e-06
7.670540e+03  8.355726e-06
7.794610e+03  7.903105e-06
7.920680e+03  7.473774e-06
8.048790e+03  7.066293e-06
8.178980e+03  6.679856e-06
8.311260e+03  6.313608e-06
8.445690e+03  5.966644e-06
8.582290e+03  5.637714e-06
8.721110e+03  5.326036e-06
8.862160e+03  5.030982e-06
9.005500e+03  4.751611e-06
9.151160e+03  4.487185e-06
9.299170e+03  4.236802e-06
9.449580e+03  3.999932e-06
9.602420e+03  3.775865e-06
9.757730e+03  3.563938e-06
9.915550e+03  3.363618e-06
1.007590e+04  3.174099e-06
1.023890e+04  2.994901e-06
1.040450e+04  2.825543e-06
1.057280e+04  2.665479e-06
1.074380e+04  2.514245e-06
1.091760e+04  2.371353e-06
1.109420e+04  2.236380e-06
1.127360e+04  2.108918e-06
1.145590e+04  1.988553e-06
1.164120e+04  1.874880e-06
1.182950e+04  1.767563e-06
1.202080e+04  1.666267e-06
1.221530e+04  1.570630e-06
1.241280e+04  1.480410e-06
1.261360e+04  1.395247e-06
1.281760e+04  1.314902e-06
1.302500e+04  1.239083e-06
1.323560e+04  1.167589e-06
1.344970e+04  1.100135e-06
1.366720e+04  1.036523e-06
1.388830e+04  9.765224e-07
1.411290e+04  9.199507e-07
1.434120e+04  8.666035e-07
1.457310e+04  8.163173e-07
1.480890e+04  7.688936e-07
1.504840e+04  7.242026e-07
1.529180e+04  6.820739e-07
1.553910e+04  6.423698e-07
1.579040e+04  6.049510e-07
1.604580e+04  5.696846e-07
1.630540e+04  5.364491e-07
1.656910e+04  5.051390e-07
1.683710e+04  4.756379e-07
1.710940e+04  4.478455e-07
1.738610e+04  4.216626e-07
1.766740e+04  3.969926e-07
1.795310e+04  3.737609e-07
1.824350e+04  3.518749e-07
1.853860e+04  3.312615e-07
1.883840e+04  3.118505e-07
1.914310e+04  2.935680e-07
1.945270e+04  2.763518e-07
1.976740e+04  2.601373e-07
2.008710e+04  2.448716e-07
2.041200e+04  2.304969e-07
2.074210e+04  2.169633e-07
2.107760e+04  2.042195e-07
2.141850e+04  1.922222e-07
2.176500e+04  1.809266e-07
2.211700e+04  1.702938e-07
2.247470e+04  1.602837e-07
2.283820e+04  1.508612e-07
2.320760e+04  1.419913e-07
2.358300e+04  1.336411e-07
2.396440e+04  1.257822e-07
2.435200e+04  1.183853e-07
2.474590e+04  1.114222e-07
2.514620e+04  1.048686e-07
2.555290e+04  9.870123e-08
2.596620e+04  9.289642e-08
2.638610e+04  8.743338e-08
2.681290e+04  8.229162e-08
2.724660e+04  7.745267e-08
2.768730e+04  7.289893e-08
2.813510e+04  6.861381e-08
2.859020e+04  6.458066e-08
2.905260e+04  6.078570e-08
2.952250e+04  5.721408e-08
3.000000e+04  5.385315e-08
-1  -1
