  -1
3.025550e+01  1.932402e-01
3.074490e+01  1.880621e-01
3.124210e+01  1.856593e-01
3.174750e+01  1.836390e-01
3.226090e+01  1.817821e-01
3.278270e+01  1.799682e-01
3.331300e+01  1.782437e-01
3.385180e+01  1.761158e-01
3.439930e+01  1.737333e-01
3.495570e+01  1.713234e-01
3.552110e+01  1.689025e-01
3.609560e+01  1.664785e-01
3.667940e+01  1.640909e-01
3.727270e+01  1.618290e-01
3.787550e+01  1.596045e-01
3.848820e+01  1.574104e-01
3.911070e+01  1.552694e-01
3.974320e+01  1.531693e-01
4.038610e+01  1.501247e-01
4.103930e+01  1.470274e-01
4.170310e+01  1.440638e-01
4.237760e+01  1.399579e-01
4.306300e+01  1.357161e-01
4.375950e+01  1.318190e-01
4.446730e+01  1.287543e-01
4.518650e+01  1.257901e-01
4.591740e+01  1.228827e-01
4.666000e+01  1.200799e-01
4.741470e+01  1.174467e-01
4.818160e+01  1.148682e-01
4.896090e+01  1.123180e-01
4.975280e+01  1.099960e-01
5.055760e+01  1.081368e-01
5.137530e+01  1.063457e-01
5.220620e+01  1.046269e-01
5.305060e+01  1.026728e-01
5.390870e+01  1.005539e-01
5.478060e+01  9.846781e-02
5.566670e+01  9.642377e-02
5.656700e+01  9.443845e-02
5.748200e+01  9.212752e-02
5.841170e+01  8.975043e-02
5.935640e+01  8.741772e-02
6.031650e+01  8.515322e-02
6.129210e+01  8.242880e-02
6.228340e+01  7.971424e-02
6.329080e+01  7.771399e-02
6.431450e+01  7.578815e-02
6.535470e+01  7.391599e-02
6.641180e+01  7.209340e-02
6.748590e+01  7.031914e-02
6.857750e+01  6.859194e-02
6.968670e+01  6.692575e-02
7.081380e+01  6.503247e-02
7.195910e+01  6.283870e-02
7.312300e+01  6.069728e-02
7.430570e+01  5.866213e-02
7.550760e+01  5.677876e-02
7.672890e+01  5.495666e-02
7.796990e+01  5.319107e-02
7.923100e+01  5.147871e-02
8.051250e+01  4.981831e-02
8.181470e+01  4.821067e-02
8.313800e+01  4.665473e-02
8.448270e+01  4.514960e-02
8.584910e+01  4.369648e-02
8.723770e+01  4.212347e-02
8.864870e+01  4.056211e-02
9.008250e+01  3.905488e-02
9.153950e+01  3.760191e-02
9.302010e+01  3.620166e-02
9.452460e+01  3.485286e-02
9.605350e+01  3.355267e-02
9.760710e+01  3.233864e-02
9.918580e+01  3.130135e-02
1.007900e+02  3.001761e-02
1.024200e+02  2.878079e-02
1.040770e+02  2.757042e-02
1.057600e+02  2.629017e-02
1.074710e+02  2.506588e-02
1.092090e+02  2.389765e-02
1.109750e+02  2.278309e-02
1.127700e+02  2.171984e-02
1.145940e+02  2.070598e-02
1.164480e+02  1.973321e-02
1.183310e+02  1.878777e-02
1.202450e+02  1.788703e-02
1.221900e+02  1.702943e-02
1.241660e+02  1.621303e-02
1.261750e+02  1.543560e-02
1.282150e+02  1.469585e-02
1.302890e+02  1.399151e-02
1.323970e+02  1.332120e-02
1.345380e+02  1.266079e-02
1.367140e+02  1.203181e-02
1.389250e+02  1.143420e-02
1.411720e+02  1.086631e-02
1.434560e+02  1.032665e-02
1.457760e+02  9.814019e-03
1.481340e+02  9.326894e-03
1.505300e+02  8.864064e-03
1.529640e+02  8.424412e-03
1.554390e+02  8.006389e-03
1.579530e+02  7.624500e-03
1.605070e+02  7.271840e-03
1.631030e+02  6.935613e-03
1.657420e+02  6.615034e-03
1.684220e+02  6.309549e-03
1.711460e+02  6.018322e-03
1.739150e+02  5.740739e-03
1.767270e+02  5.421260e-03
1.795860e+02  5.007599e-03
1.824910e+02  4.757268e-03
1.854420e+02  4.517447e-03
1.884420e+02  4.289294e-03
1.914890e+02  4.072513e-03
1.945870e+02  3.867616e-03
1.977340e+02  3.673383e-03
2.009320e+02  3.489121e-03
2.041820e+02  3.314249e-03
2.074850e+02  3.148151e-03
2.108400e+02  2.990443e-03
2.142510e+02  2.833189e-03
2.177160e+02  2.682764e-03
2.212370e+02  2.539230e-03
2.248160e+02  2.403407e-03
2.284520e+02  2.274883e-03
2.321470e+02  2.153249e-03
2.359020e+02  2.038104e-03
2.397170e+02  1.929164e-03
2.435950e+02  1.826059e-03
2.475350e+02  1.728509e-03
2.515380e+02  1.636169e-03
2.556070e+02  1.548744e-03
2.597410e+02  1.466088e-03
2.639420e+02  1.387817e-03
2.682110e+02  1.313678e-03
2.725490e+02  1.243596e-03
2.769570e+02  1.176456e-03
2.814370e+02  1.111949e-03
2.859890e+02  1.050503e-03
2.906150e+02  9.923742e-04
2.953150e+02  9.374389e-04
3.000920e+02  8.855677e-04
3.049450e+02  8.365885e-04
3.098780e+02  7.903267e-04
3.148900e+02  7.465939e-04
3.199830e+02  7.052874e-04
3.251580e+02  6.662887e-04
3.304180e+02  6.294397e-04
3.357620e+02  5.946354e-04
3.411920e+02  5.617680e-04
3.467110e+02  5.307120e-04
3.523190e+02  5.013755e-04
3.580170e+02  4.736673e-04
3.638080e+02  4.474925e-04
3.696920e+02  4.227651e-04
3.756720e+02  3.994043e-04
3.817480e+02  3.773400e-04
3.879220e+02  3.562494e-04
3.941970e+02  3.358277e-04
4.005730e+02  3.166342e-04
4.070520e+02  2.985598e-04
4.136350e+02  2.815192e-04
4.203260e+02  2.654494e-04
4.271240e+02  2.502994e-04
4.340320e+02  2.360157e-04
4.410520e+02  2.225475e-04
4.481860e+02  2.098432e-04
4.554350e+02  1.978406e-04
4.628020e+02  1.865119e-04
4.702870e+02  1.758267e-04
4.778940e+02  1.657526e-04
4.856230e+02  1.562571e-04
4.934780e+02  1.473054e-04
5.014590e+02  1.388674e-04
5.095700e+02  1.309142e-04
5.178120e+02  1.234184e-04
5.261870e+02  1.163538e-04
5.346980e+02  1.097025e-04
5.433460e+02  1.034353e-04
5.521340e+02  9.752381e-05
5.610650e+02  9.191635e-05
5.701390e+02  8.662326e-05
5.793610e+02  8.167625e-05
5.887320e+02  7.702485e-05
5.982540e+02  7.264636e-05
6.079300e+02  6.851723e-05
6.177630e+02  6.462371e-05
6.277550e+02  6.094798e-05
6.379080e+02  5.743203e-05
6.482260e+02  5.405535e-05
6.587110e+02  5.083763e-05
6.693650e+02  4.781171e-05
6.801910e+02  4.509648e-05
6.911930e+02  4.263273e-05
7.023720e+02  4.033581e-05
7.137330e+02  3.811021e-05
7.252770e+02  3.597324e-05
7.370080e+02  3.395399e-05
7.489280e+02  3.204960e-05
7.610420e+02  3.025229e-05
7.733510e+02  2.854931e-05
7.858590e+02  2.692280e-05
7.985700e+02  2.537357e-05
8.114860e+02  2.391349e-05
8.246110e+02  2.253723e-05
8.379490e+02  2.124000e-05
8.515020e+02  2.001702e-05
8.652740e+02  1.886269e-05
8.701000e+02  1.846994e-05
8.703000e+02  2.957900e-04
8.792690e+02  2.856455e-04
8.934910e+02  2.702422e-04
9.079430e+02  2.556506e-04
9.226280e+02  2.418396e-04
9.375510e+02  2.287728e-04
9.527150e+02  2.164107e-04
9.681240e+02  2.047148e-04
9.837830e+02  1.936502e-04
9.996950e+02  1.831516e-04
1.015860e+03  1.731912e-04
1.032290e+03  1.634981e-04
1.048990e+03  1.543569e-04
1.065960e+03  1.457403e-04
1.083200e+03  1.376062e-04
1.100720e+03  1.299256e-04
1.118520e+03  1.226734e-04
1.136610e+03  1.158270e-04
1.155000e+03  1.093609e-04
1.173680e+03  1.032569e-04
1.192660e+03  9.749400e-05
1.211950e+03  9.205228e-05
1.231550e+03  8.691438e-05
1.251470e+03  8.205198e-05
1.271720e+03  7.745061e-05
1.292290e+03  7.309680e-05
1.313190e+03  6.898661e-05
1.334430e+03  6.510762e-05
1.356010e+03  6.144762e-05
1.377940e+03  5.799280e-05
1.400230e+03  5.473177e-05
1.422880e+03  5.165382e-05
1.445890e+03  4.874944e-05
1.469280e+03  4.600368e-05
1.493040e+03  4.340688e-05
1.517190e+03  4.093073e-05
1.541730e+03  3.859221e-05
1.566670e+03  3.638697e-05
1.592010e+03  3.430760e-05
1.617760e+03  3.234741e-05
1.643920e+03  3.049986e-05
1.670510e+03  2.875717e-05
1.697530e+03  2.711398e-05
1.724990e+03  2.556469e-05
1.752890e+03  2.409315e-05
1.781240e+03  2.270256e-05
1.810050e+03  2.138864e-05
1.839320e+03  2.015151e-05
1.869070e+03  1.898570e-05
1.899300e+03  1.788737e-05
1.930020e+03  1.685280e-05
1.961240e+03  1.587784e-05
1.992960e+03  1.495911e-05
2.025200e+03  1.409920e-05
2.057950e+03  1.327955e-05
2.091240e+03  1.250555e-05
2.125060e+03  1.177675e-05
2.159430e+03  1.109033e-05
2.194360e+03  1.044219e-05
2.229850e+03  9.831721e-06
2.265920e+03  9.256397e-06
2.302570e+03  8.714187e-06
2.339810e+03  8.203284e-06
2.377660e+03  7.721834e-06
2.416110e+03  7.268348e-06
2.455190e+03  6.840999e-06
2.494900e+03  6.438442e-06
2.535260e+03  6.059199e-06
2.576260e+03  5.702008e-06
2.617930e+03  5.365511e-06
2.660270e+03  5.048661e-06
2.703300e+03  4.750200e-06
2.747030e+03  4.469131e-06
2.791460e+03  4.204474e-06
2.836610e+03  3.955240e-06
2.882490e+03  3.720635e-06
2.929110e+03  3.499653e-06
2.976480e+03  3.291646e-06
3.024630e+03  3.095794e-06
3.073550e+03  2.911450e-06
3.123260e+03  2.737906e-06
3.173780e+03  2.574569e-06
3.225110e+03  2.420870e-06
3.277270e+03  2.276160e-06
3.330280e+03  2.139906e-06
3.384150e+03  2.011759e-06
3.438880e+03  1.891138e-06
3.494500e+03  1.777606e-06
3.551020e+03  1.670815e-06
3.608460e+03  1.570285e-06
3.666820e+03  1.475757e-06
3.726130e+03  1.386760e-06
3.786400e+03  1.303086e-06
3.847640e+03  1.224334e-06
3.909870e+03  1.150284e-06
3.973110e+03  1.080591e-06
4.037380e+03  1.014874e-06
4.102680e+03  9.532855e-07
4.169030e+03  8.953578e-07
4.236460e+03  8.408741e-07
4.304980e+03  7.896948e-07
4.374620e+03  7.415647e-07
4.445370e+03  6.963081e-07
4.517270e+03  6.537821e-07
4.590330e+03  6.138095e-07
4.664580e+03  5.762782e-07
4.740030e+03  5.409609e-07
4.816690e+03  5.078135e-07
4.894600e+03  4.766660e-07
4.973770e+03  4.473931e-07
5.054210e+03  4.198980e-07
5.135960e+03  3.940703e-07
5.219030e+03  3.698093e-07
5.303440e+03  3.470236e-07
5.389220e+03  3.256206e-07
5.476390e+03  3.055212e-07
5.564970e+03  2.866505e-07
5.654980e+03  2.689250e-07
5.746440e+03  2.522865e-07
5.839390e+03  2.366613e-07
5.933830e+03  2.219954e-07
6.029810e+03  2.082251e-07
6.127330e+03  1.953011e-07
6.226440e+03  1.831656e-07
6.327150e+03  1.717770e-07
6.429480e+03  1.610900e-07
6.533480e+03  1.510573e-07
6.639150e+03  1.416435e-07
6.746540e+03  1.328085e-07
6.855650e+03  1.245198e-07
6.966540e+03  1.167393e-07
7.079220e+03  1.094422e-07
7.193720e+03  1.025952e-07
7.310070e+03  9.617282e-08
7.428310e+03  9.014720e-08
7.548450e+03  8.449458e-08
7.670540e+03  7.919165e-08
7.794610e+03  7.421924e-08
7.920680e+03  6.955392e-08
8.048790e+03  6.517977e-08
8.178980e+03  6.107774e-08
8.311260e+03  5.723134e-08
8.445690e+03  5.362400e-08
8.582290e+03  5.024109e-08
8.721110e+03  4.707049e-08
8.862160e+03  4.409775e-08
9.005500e+03  4.131057e-08
9.151160e+03  3.869566e-08
9.299170e+03  3.624674e-08
9.449580e+03  3.395045e-08
9.602420e+03  3.179733e-08
9.757730e+03  2.978031e-08
9.915550e+03  2.789016e-08
1.007590e+04  2.611838e-08
1.023890e+04  2.445769e-08
1.040450e+04  2.290162e-08
1.057280e+04  2.144348e-08
1.074380e+04  2.007727e-08
1.091760e+04  1.879710e-08
1.109420e+04  1.759778e-08
1.127360e+04  1.647431e-08
1.145590e+04  1.542188e-08
1.164120e+04  1.443588e-08
1.182950e+04  1.351225e-08
1.202080e+04  1.264723e-08
1.221530e+04  1.183680e-08
1.241280e+04  1.107809e-08
1.261360e+04  1.036735e-08
1.281760e+04  9.701843e-09
1.302500e+04  9.078483e-09
1.323560e+04  8.495007e-09
1.344970e+04  7.948574e-09
1.366720e+04  7.437001e-09
1.388830e+04  6.957991e-09
1.411290e+04  6.509598e-09
1.434120e+04  6.089796e-09
1.457310e+04  5.696897e-09
1.480890e+04  5.329015e-09
1.504840e+04  4.984756e-09
1.529180e+04  4.662516e-09
1.553910e+04  4.360984e-09
1.579040e+04  4.078766e-09
1.604580e+04  3.814655e-09
1.630540e+04  3.567480e-09
1.656910e+04  3.336243e-09
1.683710e+04  3.119859e-09
1.710940e+04  2.917423e-09
1.738610e+04  2.728047e-09
1.766740e+04  2.550820e-09
1.795310e+04  2.385098e-09
1.824350e+04  2.230039e-09
1.853860e+04  2.085011e-09
1.883840e+04  1.949369e-09
1.914310e+04  1.822495e-09
1.945270e+04  1.703847e-09
1.976740e+04  1.592869e-09
2.008710e+04  1.489456e-09
2.041200e+04  1.392424e-09
2.074210e+04  1.301727e-09
2.107760e+04  1.216928e-09
2.141850e+04  1.137662e-09
2.176500e+04  1.063553e-09
2.211700e+04  9.942801e-10
2.247470e+04  9.295185e-10
2.283820e+04  8.689732e-10
2.320760e+04  8.123691e-10
2.358300e+04  7.594481e-10
2.396440e+04  7.099788e-10
2.435200e+04  6.637265e-10
2.474590e+04  6.204848e-10
2.514620e+04  5.800548e-10
2.555290e+04  5.422613e-10
2.596620e+04  5.069258e-10
2.638610e+04  4.738922e-10
2.681290e+04  4.430055e-10
2.724660e+04  4.141278e-10
2.768730e+04  3.871308e-10
2.813510e+04  3.618904e-10
2.859020e+04  3.382917e-10
2.905260e+04  3.162294e-10
2.952250e+04  2.956028e-10
3.000000e+04  2.763180e-10
-1  -1
