  -1
3.025550e+01  1.090424e+00
3.074490e+01  1.039061e+00
3.124210e+01  9.887814e-01
3.174750e+01  9.394383e-01
3.226090e+01  8.912980e-01
3.278270e+01  8.445457e-01
3.331300e+01  7.993419e-01
3.385180e+01  7.557734e-01
3.439930e+01  7.138135e-01
3.495570e+01  6.740392e-01
3.552110e+01  6.367645e-01
3.609560e+01  6.014953e-01
3.667940e+01  5.680268e-01
3.727270e+01  5.362359e-01
3.787550e+01  5.059790e-01
3.848820e+01  4.769409e-01
3.911070e+01  4.520229e-01
3.974320e+01  4.291416e-01
4.038610e+01  4.077986e-01
4.103930e+01  3.876623e-01
4.170310e+01  3.685216e-01
4.237760e+01  3.501836e-01
4.306300e+01  3.343844e-01
4.375950e+01  3.205286e-01
4.446730e+01  3.075943e-01
4.518650e+01  2.953919e-01
4.591740e+01  2.838168e-01
4.666000e+01  2.728088e-01
4.741470e+01  2.621432e-01
4.818160e+01  2.523247e-01
4.896090e+01  2.444217e-01
4.975280e+01  2.370451e-01
5.055760e+01  2.300541e-01
5.137530e+01  2.233787e-01
5.220620e+01  2.169778e-01
5.305060e+01  2.110004e-01
5.390870e+01  2.053270e-01
5.478060e+01  1.998683e-01
5.566670e+01  1.945946e-01
5.656700e+01  1.894920e-01
5.748200e+01  1.845490e-01
5.841170e+01  1.788009e-01
5.935640e+01  1.730418e-01
6.031650e+01  1.672044e-01
6.129210e+01  1.619754e-01
6.228340e+01  1.600815e-01
6.329080e+01  1.582003e-01
6.431450e+01  1.558111e-01
6.535470e+01  1.631185e-01
6.641180e+01  1.787880e-01
6.748590e+01  1.981925e-01
6.857750e+01  2.233443e-01
6.968670e+01  2.303278e-01
7.081380e+01  2.347541e-01
7.195910e+01  2.380182e-01
7.312300e+01  2.368018e-01
7.430570e+01  2.345210e-01
7.550760e+01  2.319493e-01
7.672890e+01  2.293437e-01
7.796990e+01  2.253969e-01
7.923100e+01  2.208248e-01
8.051250e+01  2.161144e-01
8.181470e+01  2.113850e-01
8.313800e+01  2.067622e-01
8.448270e+01  2.009062e-01
8.584910e+01  1.945669e-01
8.723770e+01  1.882446e-01
8.864870e+01  1.819954e-01
9.008250e+01  1.758503e-01
9.153950e+01  1.697988e-01
9.302010e+01  1.640370e-01
9.452460e+01  1.588859e-01
9.605350e+01  1.539128e-01
9.760710e+01  1.490815e-01
9.918580e+01  1.443884e-01
1.007900e+02  1.398309e-01
1.024200e+02  1.354069e-01
1.040770e+02  1.311127e-01
1.057600e+02  1.269516e-01
1.074710e+02  1.229224e-01
1.092090e+02  1.188722e-01
1.109750e+02  1.149105e-01
1.127700e+02  1.110643e-01
1.145940e+02  1.073403e-01
1.164480e+02  1.037351e-01
1.183310e+02  1.002502e-01
1.202450e+02  9.688087e-02
1.221900e+02  9.352367e-02
1.241660e+02  9.023960e-02
1.261750e+02  8.706190e-02
1.282150e+02  8.399224e-02
1.302890e+02  8.102386e-02
1.323970e+02  7.814874e-02
1.345380e+02  7.534908e-02
1.367140e+02  7.322029e-02
1.389250e+02  7.122555e-02
1.411720e+02  6.929901e-02
1.434560e+02  6.743406e-02
1.457760e+02  6.562819e-02
1.481340e+02  6.387806e-02
1.505300e+02  6.218143e-02
1.529640e+02  6.053759e-02
1.554390e+02  5.894489e-02
1.579530e+02  5.736425e-02
1.605070e+02  5.533873e-02
1.631030e+02  5.336068e-02
1.657420e+02  5.144861e-02
1.684220e+02  4.960369e-02
1.711460e+02  4.782315e-02
1.739150e+02  4.610523e-02
1.767270e+02  4.444980e-02
1.795860e+02  4.285268e-02
1.824910e+02  4.131385e-02
1.854420e+02  3.983092e-02
1.884420e+02  3.840177e-02
1.914890e+02  3.702508e-02
1.945870e+02  3.569812e-02
1.977340e+02  3.442043e-02
2.009320e+02  3.319100e-02
2.041820e+02  3.200847e-02
2.074850e+02  3.069223e-02
2.108400e+02  2.939582e-02
2.142510e+02  2.815219e-02
2.177160e+02  2.696096e-02
2.212370e+02  2.581996e-02
2.248160e+02  2.472703e-02
2.284520e+02  2.368075e-02
2.321470e+02  2.267890e-02
2.359020e+02  2.171972e-02
2.397170e+02  2.080162e-02
2.435950e+02  1.992245e-02
2.475350e+02  1.908094e-02
2.515380e+02  1.827549e-02
2.556070e+02  1.750429e-02
2.597410e+02  1.676611e-02
2.639420e+02  1.605950e-02
2.682110e+02  1.538305e-02
2.725490e+02  1.473551e-02
2.769570e+02  1.411566e-02
2.814370e+02  1.352265e-02
2.859890e+02  1.293826e-02
2.906150e+02  1.232107e-02
2.953150e+02  1.173315e-02
3.000920e+02  1.117321e-02
3.049450e+02  1.064019e-02
3.098780e+02  1.013263e-02
3.148900e+02  9.649498e-03
3.199830e+02  9.189554e-03
3.251580e+02  8.751716e-03
3.304180e+02  8.334841e-03
3.357620e+02  7.938039e-03
3.411920e+02  7.560292e-03
3.467110e+02  7.200618e-03
3.523190e+02  6.858204e-03
3.580170e+02  6.532252e-03
3.638080e+02  6.221886e-03
3.696920e+02  5.926453e-03
3.756720e+02  5.634119e-03
3.817480e+02  5.353059e-03
3.879220e+02  5.086083e-03
3.941970e+02  4.832472e-03
4.005730e+02  4.591592e-03
4.070520e+02  4.362791e-03
4.136350e+02  4.145485e-03
4.203260e+02  3.939034e-03
4.271240e+02  3.742954e-03
4.340320e+02  3.556686e-03
4.410520e+02  3.379740e-03
4.481860e+02  3.211646e-03
4.554350e+02  3.051963e-03
4.628020e+02  2.900254e-03
4.702870e+02  2.756147e-03
4.778940e+02  2.619228e-03
4.856230e+02  2.489159e-03
4.934780e+02  2.365576e-03
5.014590e+02  2.244960e-03
5.095700e+02  2.121670e-03
5.178120e+02  2.005152e-03
5.261870e+02  1.895054e-03
5.346980e+02  1.791017e-03
5.433460e+02  1.692708e-03
5.521340e+02  1.599815e-03
5.610650e+02  1.512025e-03
5.701390e+02  1.429081e-03
5.793610e+02  1.350689e-03
5.887320e+02  1.276609e-03
5.982540e+02  1.206606e-03
6.079300e+02  1.140446e-03
6.177630e+02  1.082373e-03
6.277550e+02  1.028404e-03
6.379080e+02  9.771384e-04
6.482260e+02  9.284348e-04
6.587110e+02  8.821631e-04
6.693650e+02  8.382054e-04
6.801910e+02  7.964444e-04
6.911930e+02  7.567639e-04
7.023720e+02  7.190661e-04
7.137330e+02  6.832504e-04
7.252770e+02  6.422321e-04
7.370080e+02  5.937294e-04
7.489280e+02  5.488771e-04
7.610420e+02  5.250772e-04
7.733510e+02  4.981474e-04
7.858590e+02  4.737006e-04
7.985700e+02  4.513246e-04
8.114860e+02  4.300797e-04
8.246110e+02  4.097894e-04
8.379490e+02  3.903452e-04
8.515020e+02  3.709891e-04
8.526000e+02  3.684388e-04
8.528000e+02  2.959016e-03
8.652740e+02  2.834237e-03
8.792690e+02  2.686838e-03
8.934910e+02  2.545989e-03
9.079430e+02  2.412083e-03
9.226280e+02  2.284996e-03
9.375510e+02  2.166664e-03
9.527150e+02  2.052874e-03
9.681240e+02  1.943746e-03
9.837830e+02  1.863896e-03
9.996950e+02  1.839104e-03
1.015860e+03  1.871748e-03
1.032290e+03  1.774712e-03
1.048990e+03  1.680897e-03
1.065960e+03  1.591391e-03
1.083200e+03  1.506620e-03
1.100720e+03  1.426340e-03
1.118520e+03  1.350326e-03
1.136610e+03  1.278356e-03
1.155000e+03  1.210201e-03
1.173680e+03  1.145696e-03
1.192660e+03  1.084631e-03
1.211950e+03  1.026808e-03
1.231550e+03  9.720698e-04
1.251470e+03  9.200766e-04
1.271720e+03  8.706707e-04
1.292290e+03  8.237224e-04
1.313190e+03  7.793089e-04
1.334430e+03  7.372836e-04
1.356010e+03  6.975264e-04
1.377940e+03  6.599175e-04
1.400230e+03  6.243293e-04
1.422880e+03  5.906600e-04
1.445890e+03  5.588154e-04
1.469280e+03  5.286049e-04
1.493040e+03  4.999201e-04
1.517190e+03  4.723432e-04
1.541730e+03  4.462320e-04
1.566670e+03  4.215675e-04
1.592010e+03  3.982649e-04
1.617760e+03  3.762485e-04
1.643920e+03  3.554507e-04
1.670510e+03  3.358018e-04
1.697530e+03  3.172422e-04
1.724990e+03  2.997119e-04
1.752890e+03  2.830173e-04
1.781240e+03  2.672120e-04
1.810050e+03  2.522604e-04
1.839320e+03  2.381483e-04
1.869070e+03  2.248234e-04
1.899300e+03  2.122433e-04
1.930020e+03  2.003711e-04
1.961240e+03  1.891621e-04
1.992960e+03  1.785777e-04
2.025200e+03  1.686491e-04
2.057950e+03  1.591757e-04
2.091240e+03  1.502231e-04
2.125060e+03  1.417685e-04
2.159430e+03  1.337856e-04
2.194360e+03  1.262403e-04
2.229850e+03  1.191238e-04
2.265920e+03  1.123983e-04
2.302570e+03  1.060470e-04
2.339810e+03  1.000555e-04
2.377660e+03  9.439645e-05
2.416110e+03  8.905863e-05
2.455190e+03  8.401507e-05
2.494900e+03  7.925505e-05
2.535260e+03  7.476572e-05
2.576260e+03  7.052432e-05
2.617930e+03  6.652366e-05
2.660270e+03  6.274735e-05
2.703300e+03  5.918397e-05
2.747030e+03  5.582078e-05
2.791460e+03  5.264777e-05
2.836610e+03  4.965321e-05
2.882490e+03  4.682830e-05
2.929110e+03  4.416254e-05
2.976480e+03  4.164780e-05
3.024630e+03  3.927494e-05
3.073550e+03  3.703646e-05
3.123260e+03  3.492430e-05
3.173780e+03  3.293180e-05
3.225110e+03  3.105218e-05
3.277270e+03  2.927960e-05
3.330280e+03  2.760714e-05
3.384150e+03  2.602938e-05
3.438880e+03  2.454108e-05
3.494500e+03  2.313781e-05
3.551020e+03  2.181371e-05
3.608460e+03  2.056512e-05
3.666820e+03  1.938744e-05
3.726130e+03  1.827647e-05
3.786400e+03  1.722892e-05
3.847640e+03  1.624111e-05
3.909870e+03  1.530932e-05
3.973110e+03  1.443079e-05
4.037380e+03  1.360187e-05
4.102680e+03  1.282050e-05
4.169030e+03  1.208344e-05
4.236460e+03  1.138875e-05
4.304980e+03  1.073344e-05
4.374620e+03  1.011523e-05
4.445370e+03  9.532773e-06
4.517270e+03  8.983110e-06
4.590330e+03  8.465189e-06
4.664580e+03  7.976557e-06
4.740030e+03  7.515904e-06
4.816690e+03  7.081640e-06
4.894600e+03  6.672279e-06
4.973770e+03  6.286095e-06
5.054210e+03  5.921967e-06
5.135960e+03  5.578945e-06
5.219030e+03  5.255390e-06
5.303440e+03  4.950299e-06
5.389220e+03  4.662743e-06
5.476390e+03  4.391519e-06
5.564970e+03  4.136194e-06
5.654980e+03  3.895052e-06
5.746440e+03  3.668031e-06
5.839390e+03  3.454027e-06
5.933830e+03  3.252238e-06
6.029810e+03  3.061913e-06
6.127330e+03  2.882714e-06
6.226440e+03  2.713640e-06
6.327150e+03  2.554362e-06
6.429480e+03  2.404253e-06
6.533480e+03  2.262722e-06
6.639150e+03  2.129377e-06
6.746540e+03  2.003702e-06
6.855650e+03  1.885263e-06
6.966540e+03  1.773667e-06
7.079220e+03  1.668478e-06
7.193720e+03  1.569370e-06
7.310070e+03  1.475979e-06
7.428310e+03  1.388010e-06
7.548450e+03  1.305098e-06
7.670540e+03  1.226995e-06
7.794610e+03  1.153416e-06
7.920680e+03  1.084105e-06
8.048790e+03  1.018792e-06
8.178980e+03  9.572791e-07
8.311260e+03  8.994035e-07
8.332700e+03  8.904282e-07
8.332900e+03  6.963298e-06
8.445690e+03  6.646641e-06
8.582290e+03  6.287396e-06
8.721110e+03  5.946295e-06
8.862160e+03  5.622603e-06
9.005500e+03  5.315509e-06
9.151160e+03  5.024173e-06
9.299170e+03  4.747778e-06
9.449580e+03  4.485827e-06
9.602420e+03  4.237656e-06
9.757730e+03  4.002420e-06
9.915550e+03  3.779855e-06
1.007590e+04  3.568921e-06
1.023890e+04  3.369185e-06
1.040450e+04  3.180169e-06
1.057280e+04  3.001297e-06
1.074380e+04  2.832080e-06
1.091760e+04  2.672020e-06
1.109420e+04  2.520663e-06
1.127360e+04  2.377583e-06
1.145590e+04  2.242341e-06
1.164120e+04  2.114495e-06
1.182950e+04  1.993694e-06
1.202080e+04  1.879587e-06
1.221530e+04  1.771774e-06
1.241280e+04  1.669991e-06
1.261360e+04  1.573855e-06
1.281760e+04  1.483103e-06
1.302500e+04  1.397420e-06
1.323560e+04  1.316579e-06
1.344970e+04  1.240267e-06
1.366720e+04  1.168283e-06
1.388830e+04  1.100352e-06
1.411290e+04  1.036286e-06
1.434120e+04  9.758570e-07
1.457310e+04  9.188759e-07
1.480890e+04  8.651286e-07
1.504840e+04  8.144678e-07
1.529180e+04  7.667121e-07
1.553910e+04  7.216959e-07
1.579040e+04  6.792734e-07
1.604580e+04  6.392869e-07
1.630540e+04  6.016030e-07
1.656910e+04  5.661092e-07
1.683710e+04  5.326636e-07
1.710940e+04  5.011638e-07
1.738610e+04  4.714932e-07
1.766740e+04  4.435416e-07
1.795310e+04  4.172246e-07
1.824350e+04  3.924417e-07
1.853860e+04  3.691085e-07
1.883840e+04  3.471400e-07
1.914310e+04  3.264582e-07
1.945270e+04  3.069907e-07
1.976740e+04  2.886639e-07
2.008710e+04  2.714177e-07
2.041200e+04  2.551867e-07
2.074210e+04  2.399137e-07
2.107760e+04  2.255409e-07
2.141850e+04  2.120186e-07
2.176500e+04  1.992943e-07
2.211700e+04  1.873258e-07
2.247470e+04  1.760668e-07
2.283820e+04  1.654759e-07
2.320760e+04  1.555139e-07
2.358300e+04  1.461441e-07
2.396440e+04  1.373334e-07
2.435200e+04  1.290469e-07
2.474590e+04  1.212549e-07
2.514620e+04  1.139275e-07
2.555290e+04  1.070389e-07
2.596620e+04  1.005622e-07
2.638610e+04  9.447372e-08
2.681290e+04  8.874936e-08
2.724660e+04  8.336837e-08
2.768730e+04  7.831030e-08
2.813510e+04  7.355633e-08
2.859020e+04  6.908786e-08
2.905260e+04  6.488854e-08
2.952250e+04  6.094181e-08
3.000000e+04  5.723295e-08
-1  -1
