  -1
3.025550e+01  2.013399e-02
3.074490e+01  1.994252e-02
3.124210e+01  1.980818e-02
3.174750e+01  1.969105e-02
3.226090e+01  1.959027e-02
3.278270e+01  1.950482e-02
3.331300e+01  1.936191e-02
3.385180e+01  1.904974e-02
3.439930e+01  1.875180e-02
3.495570e+01  1.843928e-02
3.552110e+01  1.811985e-02
3.609560e+01  1.781387e-02
3.667940e+01  1.752061e-02
3.727270e+01  1.723922e-02
3.787550e+01  1.696914e-02
3.848820e+01  1.670936e-02
3.911070e+01  1.645961e-02
3.974320e+01  1.621924e-02
4.038610e+01  1.598740e-02
4.103930e+01  1.576398e-02
4.170310e+01  1.554833e-02
4.237760e+01  1.534016e-02
4.306300e+01  1.513911e-02
4.375950e+01  1.491574e-02
4.446730e+01  1.468302e-02
4.518650e+01  1.445721e-02
4.591740e+01  1.423799e-02
4.666000e+01  1.402520e-02
4.741470e+01  1.381842e-02
4.818160e+01  1.361746e-02
4.896090e+01  1.342207e-02
4.975280e+01  1.323202e-02
5.055760e+01  1.304710e-02
5.137530e+01  1.286731e-02
5.220620e+01  1.269267e-02
5.305060e+01  1.245099e-02
5.390870e+01  1.210305e-02
5.478060e+01  1.176569e-02
5.566670e+01  1.143875e-02
5.656700e+01  1.112209e-02
5.748200e+01  1.081531e-02
5.841170e+01  1.051812e-02
5.935640e+01  1.023020e-02
6.031650e+01  9.951180e-03
6.129210e+01  9.680865e-03
6.228340e+01  9.399005e-03
6.329080e+01  9.083250e-03
6.431450e+01  8.778597e-03
6.535470e+01  8.484781e-03
6.641180e+01  8.201350e-03
6.748590e+01  7.927988e-03
6.857750e+01  7.664244e-03
6.968670e+01  7.409807e-03
7.081380e+01  7.164309e-03
7.195910e+01  6.927405e-03
7.312300e+01  6.698758e-03
7.430570e+01  6.478069e-03
7.550760e+01  6.265035e-03
7.672890e+01  6.059398e-03
7.796990e+01  5.849482e-03
7.923100e+01  5.639553e-03
8.051250e+01  5.437395e-03
8.181470e+01  5.242734e-03
8.313800e+01  5.055252e-03
8.448270e+01  4.874689e-03
8.584910e+01  4.700775e-03
8.723770e+01  4.533234e-03
8.864870e+01  4.371850e-03
9.008250e+01  4.216361e-03
9.153950e+01  4.066550e-03
9.302010e+01  3.922186e-03
9.452460e+01  3.783099e-03
9.605350e+01  3.636691e-03
9.760710e+01  3.479455e-03
9.918580e+01  3.329034e-03
1.007900e+02  3.185151e-03
1.024200e+02  3.047532e-03
1.040770e+02  2.915844e-03
1.057600e+02  2.789900e-03
1.074710e+02  2.669354e-03
1.092090e+02  2.554039e-03
1.109750e+02  2.443696e-03
1.127700e+02  2.326616e-03
1.145940e+02  2.212640e-03
1.164480e+02  2.104120e-03
1.183310e+02  2.000816e-03
1.202450e+02  1.902387e-03
1.221900e+02  1.808562e-03
1.241660e+02  1.719053e-03
1.261750e+02  1.633481e-03
1.282150e+02  1.551497e-03
1.302890e+02  1.472384e-03
1.323970e+02  1.394638e-03
1.345380e+02  1.308330e-03
1.349000e+02  1.280837e-03
1.351000e+02  1.863211e-02
1.367140e+02  1.896769e-02
1.389250e+02  1.893771e-02
1.411720e+02  1.884700e-02
1.434560e+02  1.873476e-02
1.457760e+02  1.861243e-02
1.481340e+02  1.848441e-02
1.505300e+02  1.835369e-02
1.529640e+02  1.822329e-02
1.554390e+02  1.787754e-02
1.579530e+02  1.753183e-02
1.605070e+02  1.719050e-02
1.631030e+02  1.685428e-02
1.657420e+02  1.652370e-02
1.684220e+02  1.620049e-02
1.711460e+02  1.568232e-02
1.739150e+02  1.502653e-02
1.767270e+02  1.439447e-02
1.795860e+02  1.378591e-02
1.824910e+02  1.319675e-02
1.854420e+02  1.322238e-02
1.884420e+02  1.327648e-02
1.914890e+02  1.333393e-02
1.945870e+02  1.339429e-02
1.977340e+02  1.341704e-02
2.009320e+02  1.289831e-02
2.041820e+02  1.239629e-02
2.074850e+02  1.191188e-02
2.108400e+02  1.144573e-02
2.142510e+02  1.097982e-02
2.177160e+02  1.048817e-02
2.212370e+02  1.001762e-02
2.248160e+02  9.567668e-03
2.284520e+02  9.137648e-03
2.321470e+02  8.726594e-03
2.359020e+02  8.348889e-03
2.397170e+02  7.993225e-03
2.435950e+02  7.652577e-03
2.475350e+02  7.326436e-03
2.515380e+02  7.014166e-03
2.556070e+02  6.715104e-03
2.597410e+02  6.428804e-03
2.639420e+02  6.154681e-03
2.682110e+02  5.892239e-03
2.725490e+02  5.640976e-03
2.769570e+02  5.400459e-03
2.814370e+02  5.165047e-03
2.859890e+02  4.920919e-03
2.906150e+02  4.688257e-03
2.953150e+02  4.466593e-03
3.000920e+02  4.255359e-03
3.049450e+02  4.054142e-03
3.098780e+02  3.862406e-03
3.148900e+02  3.679749e-03
3.199830e+02  3.505734e-03
3.251580e+02  3.339964e-03
3.304180e+02  3.182013e-03
3.357620e+02  3.031553e-03
3.411920e+02  2.888225e-03
3.467110e+02  2.751662e-03
3.523190e+02  2.621571e-03
3.580170e+02  2.497646e-03
3.638080e+02  2.379573e-03
3.696920e+02  2.267102e-03
3.756720e+02  2.159945e-03
3.817480e+02  2.057874e-03
3.879220e+02  1.960111e-03
3.941970e+02  1.865519e-03
4.005730e+02  1.772002e-03
4.070520e+02  1.681861e-03
4.136350e+02  1.596365e-03
4.203260e+02  1.515187e-03
4.271240e+02  1.438138e-03
4.340320e+02  1.364994e-03
4.410520e+02  1.295581e-03
4.481860e+02  1.229519e-03
4.554350e+02  1.165957e-03
4.628020e+02  1.105058e-03
4.702870e+02  1.047023e-03
4.778940e+02  9.920040e-04
4.856230e+02  9.399153e-04
4.934780e+02  8.905763e-04
5.014590e+02  8.438483e-04
5.095700e+02  7.995404e-04
5.178120e+02  7.574927e-04
5.261870e+02  7.174591e-04
5.346980e+02  6.791498e-04
5.433460e+02  6.427039e-04
5.521340e+02  6.082232e-04
5.610650e+02  5.743039e-04
5.701390e+02  5.418544e-04
5.793610e+02  5.122321e-04
5.887320e+02  4.845235e-04
5.982540e+02  4.584907e-04
6.079300e+02  4.338591e-04
6.177630e+02  4.105489e-04
6.277550e+02  3.884425e-04
6.379080e+02  3.669668e-04
6.482260e+02  3.458899e-04
6.587110e+02  3.255343e-04
6.693650e+02  3.063739e-04
6.801910e+02  2.891263e-04
6.911930e+02  2.734272e-04
7.023720e+02  2.587411e-04
7.137330e+02  2.444830e-04
7.252770e+02  2.307762e-04
7.370080e+02  2.178390e-04
7.489280e+02  2.056280e-04
7.610420e+02  1.940962e-04
7.733510e+02  1.831733e-04
7.858590e+02  1.727350e-04
7.985700e+02  1.627898e-04
8.114860e+02  1.534187e-04
8.246110e+02  1.445862e-04
8.379490e+02  1.362620e-04
8.515020e+02  1.284320e-04
8.652740e+02  1.210670e-04
8.792690e+02  1.141374e-04
8.934910e+02  1.076057e-04
9.079430e+02  1.014473e-04
9.226280e+02  9.564164e-05
9.375510e+02  9.015395e-05
9.527150e+02  8.497920e-05
9.681240e+02  8.009953e-05
9.837830e+02  7.550098e-05
9.996950e+02  7.116751e-05
1.015860e+03  6.708481e-05
1.032290e+03  6.323914e-05
1.048990e+03  5.959310e-05
1.065960e+03  5.613683e-05
1.083200e+03  5.288123e-05
1.100720e+03  4.981520e-05
1.118520e+03  4.692795e-05
1.136610e+03  4.420657e-05
1.155000e+03  4.164278e-05
1.173680e+03  3.922899e-05
1.192660e+03  3.695415e-05
1.211950e+03  3.481101e-05
1.231550e+03  3.279166e-05
1.251470e+03  3.089266e-05
1.271720e+03  2.910547e-05
1.292290e+03  2.742447e-05
1.313190e+03  2.584078e-05
1.334430e+03  2.434852e-05
1.356010e+03  2.294252e-05
1.377940e+03  2.161781e-05
1.400230e+03  2.036942e-05
1.422880e+03  1.919317e-05
1.445890e+03  1.808496e-05
1.469280e+03  1.704185e-05
1.493040e+03  1.606085e-05
1.517190e+03  1.514382e-05
1.541730e+03  1.428014e-05
1.566670e+03  1.346554e-05
1.592010e+03  1.269765e-05
1.617760e+03  1.197353e-05
1.643920e+03  1.129070e-05
1.670510e+03  1.064671e-05
1.697530e+03  1.003950e-05
1.724990e+03  9.466935e-06
1.752890e+03  8.918718e-06
1.781240e+03  8.399612e-06
1.810050e+03  7.908861e-06
1.839320e+03  7.446755e-06
1.869070e+03  7.011574e-06
1.899300e+03  6.601864e-06
1.930020e+03  6.216053e-06
1.961240e+03  5.852794e-06
1.992960e+03  5.510845e-06
2.025200e+03  5.192129e-06
2.057950e+03  4.884483e-06
2.091240e+03  4.593668e-06
2.125060e+03  4.319214e-06
2.145400e+03  4.163709e-06
2.145600e+03  4.475840e-05
2.159430e+03  4.379605e-05
2.194360e+03  4.147361e-05
2.229850e+03  3.926456e-05
2.265920e+03  3.716471e-05
2.302570e+03  3.516988e-05
2.339810e+03  3.327419e-05
2.377660e+03  3.147320e-05
2.416110e+03  2.976461e-05
2.455190e+03  2.814247e-05
2.494900e+03  2.660365e-05
2.535260e+03  2.514420e-05
2.576260e+03  2.376123e-05
2.617930e+03  2.244974e-05
2.660270e+03  2.120842e-05
2.703300e+03  2.003052e-05
2.747030e+03  1.891564e-05
2.791460e+03  1.786000e-05
2.836610e+03  1.686090e-05
2.882490e+03  1.591550e-05
2.929110e+03  1.502035e-05
2.976480e+03  1.417422e-05
3.024630e+03  1.337391e-05
3.073550e+03  1.261778e-05
3.123260e+03  1.190183e-05
3.173780e+03  1.122512e-05
3.225110e+03  1.058604e-05
3.277270e+03  9.982123e-06
3.330280e+03  9.411436e-06
3.384150e+03  8.872453e-06
3.438880e+03  8.363426e-06
3.494500e+03  7.882793e-06
3.551020e+03  7.429051e-06
3.608460e+03  7.000658e-06
3.666820e+03  6.596339e-06
3.726130e+03  6.214773e-06
3.786400e+03  5.854710e-06
3.847640e+03  5.515029e-06
3.909870e+03  5.194605e-06
3.973110e+03  4.892403e-06
4.037380e+03  4.607356e-06
4.102680e+03  4.338557e-06
4.169030e+03  4.085157e-06
4.236460e+03  3.846223e-06
4.304980e+03  3.620940e-06
4.374620e+03  3.408608e-06
4.445370e+03  3.208520e-06
4.517270e+03  3.019959e-06
4.590330e+03  2.842311e-06
4.664580e+03  2.674858e-06
4.740030e+03  2.517146e-06
4.816690e+03  2.368569e-06
4.894600e+03  2.228628e-06
4.973770e+03  2.096762e-06
5.054210e+03  1.972634e-06
5.135960e+03  1.855747e-06
5.219030e+03  1.745683e-06
5.303440e+03  1.642020e-06
5.389220e+03  1.544436e-06
5.476390e+03  1.452574e-06
5.564970e+03  1.366079e-06
5.654980e+03  1.284698e-06
5.746440e+03  1.208069e-06
5.839390e+03  1.135998e-06
5.933830e+03  1.068133e-06
6.029810e+03  1.004242e-06
6.127330e+03  9.442091e-07
6.226440e+03  8.876564e-07
6.327150e+03  8.344882e-07
6.429480e+03  7.844525e-07
6.533480e+03  7.373484e-07
6.639150e+03  6.930874e-07
6.746540e+03  6.514280e-07
6.855650e+03  6.122619e-07
6.966540e+03  5.754482e-07
7.079220e+03  5.407653e-07
7.193720e+03  5.081993e-07
7.310070e+03  4.775611e-07
7.428310e+03  4.487481e-07
7.548450e+03  4.216569e-07
7.670540e+03  3.961868e-07
7.794610e+03  3.722425e-07
7.920680e+03  3.497302e-07
8.048790e+03  3.285630e-07
8.178980e+03  3.086679e-07
8.311260e+03  2.899648e-07
8.445690e+03  2.723889e-07
8.582290e+03  2.558641e-07
8.721110e+03  2.403353e-07
8.862160e+03  2.257386e-07
9.005500e+03  2.120229e-07
9.151160e+03  1.991329e-07
9.299170e+03  1.870197e-07
9.449580e+03  1.756350e-07
9.602420e+03  1.649391e-07
9.757730e+03  1.548897e-07
9.915550e+03  1.454500e-07
1.007590e+04  1.365781e-07
1.023890e+04  1.282420e-07
1.040450e+04  1.204107e-07
1.057280e+04  1.130534e-07
1.074380e+04  1.061423e-07
1.091760e+04  9.964962e-08
1.109420e+04  9.355061e-08
1.127360e+04  8.782318e-08
1.145590e+04  8.244300e-08
1.164120e+04  7.738920e-08
1.182950e+04  7.264244e-08
1.202080e+04  6.818502e-08
1.221530e+04  6.399735e-08
1.241280e+04  6.006623e-08
1.261360e+04  5.637378e-08
1.281760e+04  5.290644e-08
1.302500e+04  4.964970e-08
1.323560e+04  4.659299e-08
1.344970e+04  4.372207e-08
1.366720e+04  4.102663e-08
1.388830e+04  3.849555e-08
1.411290e+04  3.611960e-08
1.434120e+04  3.388843e-08
1.457310e+04  3.179429e-08
1.480890e+04  2.982781e-08
1.504840e+04  2.798186e-08
1.529180e+04  2.624915e-08
1.553910e+04  2.462275e-08
1.579040e+04  2.309617e-08
1.604580e+04  2.166295e-08
1.630540e+04  2.031761e-08
1.656910e+04  1.905525e-08
1.683710e+04  1.787017e-08
1.710940e+04  1.675818e-08
1.738610e+04  1.571457e-08
1.766740e+04  1.473494e-08
1.795310e+04  1.381587e-08
1.824350e+04  1.295331e-08
1.853860e+04  1.214393e-08
1.883840e+04  1.138454e-08
1.914310e+04  1.067195e-08
1.945270e+04  1.000340e-08
1.976740e+04  9.376032e-09
2.008710e+04  8.788723e-09
2.041200e+04  8.236721e-09
2.074210e+04  7.719195e-09
2.107760e+04  7.233884e-09
2.141850e+04  6.778884e-09
2.176500e+04  6.352225e-09
2.211700e+04  5.952288e-09
2.247470e+04  5.577336e-09
2.283820e+04  5.225820e-09
2.320760e+04  4.896280e-09
2.358300e+04  4.587350e-09
2.396440e+04  4.297791e-09
2.435200e+04  4.026361e-09
2.474590e+04  3.771930e-09
2.514620e+04  3.533443e-09
2.555290e+04  3.309946e-09
2.596620e+04  3.100466e-09
2.638610e+04  2.904158e-09
2.681290e+04  2.720161e-09
2.724660e+04  2.547728e-09
2.768730e+04  2.386144e-09
2.813510e+04  2.234725e-09
2.859020e+04  2.092839e-09
2.905260e+04  1.959892e-09
2.952250e+04  1.835317e-09
3.000000e+04  1.718602e-09
-1  -1
