  -1
3.025550e+01  9.833987e-01
3.074490e+01  9.972752e-01
3.124210e+01  1.014396e+00
3.174750e+01  1.034501e+00
3.226090e+01  1.047020e+00
3.278270e+01  1.056802e+00
3.331300e+01  1.065583e+00
3.385180e+01  1.075069e+00
3.439930e+01  1.088396e+00
3.495570e+01  1.105069e+00
3.552110e+01  1.106098e+00
3.609560e+01  1.093440e+00
3.667940e+01  1.071180e+00
3.727270e+01  1.042532e+00
3.787550e+01  1.009232e+00
3.848820e+01  9.725566e-01
3.911070e+01  9.335642e-01
3.974320e+01  8.931174e-01
4.038610e+01  8.520156e-01
4.103930e+01  8.109500e-01
4.170310e+01  7.704383e-01
4.237760e+01  7.313697e-01
4.306300e+01  6.935051e-01
4.375950e+01  6.495053e-01
4.446730e+01  6.052367e-01
4.518650e+01  5.617546e-01
4.591740e+01  5.243323e-01
4.666000e+01  4.898848e-01
4.741470e+01  4.578690e-01
4.818160e+01  4.273791e-01
4.896090e+01  3.978629e-01
4.975280e+01  3.702747e-01
5.055760e+01  3.447278e-01
5.137530e+01  3.200377e-01
5.220620e+01  2.924377e-01
5.305060e+01  2.664294e-01
5.390870e+01  2.440478e-01
5.478060e+01  2.242015e-01
5.566670e+01  2.060720e-01
5.656700e+01  1.895010e-01
5.748200e+01  1.741798e-01
5.841170e+01  1.586251e-01
5.935640e+01  1.443708e-01
6.031650e+01  1.313859e-01
6.129210e+01  1.196289e-01
6.228340e+01  1.089506e-01
6.329080e+01  9.922910e-02
6.431450e+01  9.023153e-02
6.535470e+01  8.206745e-02
6.641180e+01  7.462404e-02
6.748590e+01  6.774940e-02
6.857750e+01  6.151890e-02
6.968670e+01  5.591843e-02
7.081380e+01  5.087880e-02
7.195910e+01  4.630531e-02
7.312300e+01  4.214874e-02
7.430570e+01  3.832132e-02
7.550760e+01  3.484298e-02
7.672890e+01  3.177943e-02
7.796990e+01  2.916119e-02
7.923100e+01  2.676485e-02
8.051250e+01  2.486981e-02
8.181470e+01  2.310619e-02
8.313800e+01  2.164195e-02
8.448270e+01  2.043199e-02
8.584910e+01  1.953689e-02
8.723770e+01  1.879967e-02
8.864870e+01  1.819701e-02
9.008250e+01  1.836556e-02
9.153950e+01  2.041115e-02
9.302010e+01  3.966718e-02
9.452460e+01  6.861150e-02
9.605350e+01  1.072071e-01
9.760710e+01  1.281634e-01
9.918580e+01  7.425554e-02
1.007900e+02  5.685417e-02
1.024200e+02  4.818140e-02
1.040770e+02  6.899747e-02
1.057600e+02  9.937982e-02
1.074710e+02  1.522581e-01
1.092090e+02  2.685814e-01
1.109750e+02  3.469013e-01
1.127700e+02  3.818280e-01
1.145940e+02  3.169850e-01
1.164480e+02  2.571103e-01
1.183310e+02  2.182012e-01
1.202450e+02  1.847586e-01
1.221900e+02  1.554105e-01
1.241660e+02  1.297556e-01
1.261750e+02  1.154544e-01
1.282150e+02  1.040889e-01
1.302890e+02  9.398275e-02
1.323970e+02  8.490886e-02
1.345380e+02  7.673590e-02
1.367140e+02  6.936177e-02
1.389250e+02  6.270433e-02
1.411720e+02  5.669230e-02
1.434560e+02  5.126174e-02
1.457760e+02  4.635714e-02
1.481340e+02  4.192614e-02
1.505300e+02  3.802525e-02
1.529640e+02  3.449478e-02
1.554390e+02  3.129706e-02
1.579530e+02  2.840031e-02
1.605070e+02  2.577496e-02
1.631030e+02  2.339295e-02
1.657420e+02  2.153142e-02
1.684220e+02  1.992726e-02
1.711460e+02  1.831287e-02
1.739150e+02  1.683422e-02
1.767270e+02  1.551404e-02
1.795860e+02  1.429845e-02
1.824910e+02  1.336326e-02
1.854420e+02  1.250027e-02
1.884420e+02  1.160342e-02
1.914890e+02  1.067805e-02
1.945870e+02  9.803564e-03
1.977340e+02  8.983299e-03
2.009320e+02  8.284010e-03
2.041820e+02  7.700912e-03
2.074850e+02  7.167920e-03
2.108400e+02  6.717957e-03
2.142510e+02  6.297408e-03
2.177160e+02  5.779797e-03
2.212370e+02  5.198298e-03
2.248160e+02  4.830294e-03
2.284520e+02  4.489072e-03
2.321470e+02  4.168765e-03
2.359020e+02  3.869676e-03
2.397170e+02  3.599429e-03
2.435950e+02  3.362685e-03
2.475350e+02  3.141711e-03
2.515380e+02  2.956931e-03
2.556070e+02  2.807515e-03
2.597410e+02  2.675305e-03
2.639420e+02  2.600193e-03
2.682110e+02  2.527426e-03
2.725490e+02  2.457818e-03
2.769570e+02  2.398547e-03
2.814370e+02  2.340826e-03
2.859890e+02  2.285143e-03
2.906150e+02  2.232376e-03
2.953150e+02  2.180922e-03
3.000920e+02  2.130702e-03
3.049450e+02  2.099007e-03
3.098780e+02  2.071298e-03
3.148900e+02  2.044041e-03
3.199830e+02  2.017332e-03
3.251580e+02  1.991217e-03
3.304180e+02  1.965460e-03
3.357620e+02  1.944029e-03
3.411920e+02  1.929694e-03
3.467110e+02  1.915460e-03
3.523190e+02  1.925460e-03
3.580170e+02  1.945259e-03
3.638080e+02  2.025549e-03
3.696920e+02  2.114122e-03
3.756720e+02  2.182626e-03
3.817480e+02  2.256919e-03
3.879220e+02  2.426235e-03
3.941970e+02  2.583592e-03
4.005730e+02  2.740825e-03
4.070520e+02  2.877721e-03
4.136350e+02  3.033426e-03
4.203260e+02  3.276220e-03
4.271240e+02  3.630410e-03
4.340320e+02  3.812500e-03
4.410520e+02  4.003670e-03
4.481860e+02  4.204383e-03
4.554350e+02  4.425892e-03
4.628020e+02  4.685216e-03
4.702870e+02  4.808046e-03
4.778940e+02  4.895227e-03
4.856230e+02  4.983924e-03
4.934780e+02  5.074330e-03
5.014590e+02  5.166586e-03
5.095700e+02  5.252850e-03
5.178120e+02  5.280199e-03
5.261870e+02  5.307611e-03
5.346980e+02  5.330930e-03
5.433460e+02  5.311480e-03
5.521340e+02  5.292030e-03
5.610650e+02  5.272745e-03
5.701390e+02  5.225633e-03
5.793610e+02  5.149671e-03
5.887320e+02  5.074730e-03
5.982540e+02  5.000905e-03
6.079300e+02  4.907498e-03
6.177630e+02  4.793451e-03
6.277550e+02  4.681923e-03
6.379080e+02  4.572981e-03
6.482260e+02  4.455450e-03
6.587110e+02  4.339126e-03
6.693650e+02  4.225630e-03
6.801910e+02  4.189162e-03
6.911930e+02  4.197980e-03
7.023720e+02  4.202257e-03
7.137330e+02  4.181651e-03
7.252770e+02  4.161520e-03
7.370080e+02  4.038608e-03
7.489280e+02  3.906459e-03
7.610420e+02  3.778073e-03
7.733510e+02  3.653850e-03
7.858590e+02  3.533697e-03
7.985700e+02  3.401671e-03
8.114860e+02  3.273449e-03
8.246110e+02  3.150025e-03
8.379490e+02  3.031518e-03
8.515020e+02  2.917595e-03
8.652740e+02  2.807712e-03
8.792690e+02  2.690528e-03
8.934910e+02  2.578197e-03
9.079430e+02  2.474548e-03
9.226280e+02  2.378342e-03
9.375510e+02  2.285874e-03
9.527150e+02  2.197006e-03
9.681240e+02  2.111129e-03
9.837830e+02  2.028564e-03
9.996950e+02  1.949202e-03
1.015860e+03  1.888785e-03
1.032290e+03  1.806367e-03
1.048990e+03  1.735419e-03
1.065960e+03  1.675879e-03
1.083200e+03  1.618388e-03
1.100720e+03  1.562851e-03
1.118520e+03  1.509212e-03
1.136610e+03  1.457379e-03
1.155000e+03  1.407296e-03
1.173680e+03  1.358932e-03
1.192660e+03  1.312212e-03
1.211950e+03  1.267080e-03
1.231550e+03  1.223491e-03
1.251470e+03  1.179565e-03
1.271720e+03  1.135270e-03
1.292290e+03  1.090356e-03
1.313190e+03  1.047193e-03
1.334430e+03  1.005726e-03
1.356010e+03  9.658915e-04
1.377940e+03  9.275937e-04
1.400230e+03  8.908001e-04
1.422880e+03  8.554601e-04
1.445890e+03  8.214946e-04
1.469280e+03  7.882740e-04
1.493040e+03  7.555439e-04
1.517190e+03  7.207031e-04
1.541730e+03  6.869979e-04
1.566670e+03  6.548474e-04
1.592010e+03  6.241841e-04
1.617760e+03  5.949451e-04
1.643920e+03  5.670632e-04
1.670510e+03  5.404726e-04
1.697530e+03  5.151165e-04
1.724990e+03  4.909304e-04
1.752890e+03  4.674520e-04
1.781240e+03  4.449528e-04
1.810050e+03  4.234257e-04
1.839320e+03  4.029244e-04
1.869070e+03  3.834063e-04
1.899300e+03  3.648264e-04
1.930020e+03  3.471361e-04
1.961240e+03  3.302999e-04
1.992960e+03  3.142765e-04
2.025200e+03  2.991961e-04
2.057950e+03  2.844676e-04
2.091240e+03  2.704054e-04
2.125060e+03  2.570019e-04
2.159430e+03  2.442273e-04
2.194360e+03  2.320408e-04
2.229850e+03  2.204220e-04
2.265920e+03  2.093469e-04
2.302570e+03  1.987986e-04
2.339810e+03  1.887600e-04
2.377660e+03  1.791868e-04
2.416110e+03  1.700756e-04
2.455190e+03  1.613981e-04
2.494900e+03  1.531422e-04
2.535260e+03  1.452772e-04
2.576260e+03  1.377987e-04
2.617930e+03  1.306834e-04
2.660270e+03  1.239136e-04
2.703300e+03  1.174710e-04
2.747030e+03  1.113461e-04
2.791460e+03  1.055214e-04
2.836610e+03  9.998663e-05
2.882490e+03  9.472296e-05
2.929110e+03  8.972128e-05
2.976480e+03  8.496884e-05
3.024630e+03  8.045362e-05
3.073550e+03  7.616337e-05
3.123260e+03  7.208666e-05
3.173780e+03  6.821594e-05
3.225110e+03  6.454150e-05
3.277270e+03  6.105114e-05
3.330280e+03  5.773593e-05
3.384150e+03  5.458849e-05
3.438880e+03  5.160362e-05
3.441700e+03  5.144926e-05
3.441900e+03  1.283711e-04
3.494500e+03  1.214701e-04
3.551020e+03  1.145476e-04
3.608460e+03  1.080144e-04
3.611100e+03  1.077162e-04
3.611300e+03  1.653235e-04
3.666820e+03  1.563777e-04
3.726130e+03  1.474675e-04
3.786400e+03  1.390683e-04
3.847640e+03  1.311553e-04
3.909870e+03  1.236995e-04
3.973110e+03  1.166733e-04
4.037380e+03  1.100486e-04
4.102680e+03  1.038104e-04
4.169030e+03  9.793307e-05
4.173700e+03  9.753394e-05
4.173900e+03  1.073845e-04
4.236460e+03  1.019865e-04
4.304980e+03  9.646564e-05
4.374620e+03  9.123997e-05
4.445370e+03  8.630385e-05
4.517270e+03  8.163159e-05
4.590330e+03  7.721645e-05
4.664580e+03  7.304193e-05
4.740030e+03  6.909272e-05
4.816690e+03  6.535780e-05
4.894600e+03  6.182236e-05
4.973770e+03  5.847895e-05
5.000800e+03  5.739050e-05
5.001000e+03  6.050346e-05
5.054210e+03  5.836631e-05
5.135960e+03  5.526882e-05
5.219030e+03  5.233596e-05
5.303440e+03  4.955846e-05
5.366800e+03  4.759768e-05
5.367000e+03  4.936330e-05
5.389220e+03  4.867523e-05
5.476390e+03  4.609242e-05
5.564970e+03  4.364166e-05
5.654980e+03  4.131411e-05
5.746440e+03  3.910336e-05
5.839390e+03  3.700532e-05
5.933830e+03  3.501463e-05
6.029810e+03  3.312571e-05
6.127330e+03  3.133455e-05
6.226440e+03  2.963564e-05
6.327150e+03  2.802551e-05
6.429480e+03  2.649990e-05
6.533480e+03  2.505386e-05
6.639150e+03  2.368422e-05
6.746540e+03  2.238684e-05
6.855650e+03  2.115872e-05
6.966540e+03  1.999554e-05
7.079220e+03  1.889489e-05
7.193720e+03  1.785303e-05
7.310070e+03  1.686744e-05
7.428310e+03  1.593468e-05
7.548450e+03  1.505260e-05
7.670540e+03  1.421848e-05
7.794610e+03  1.342948e-05
7.920680e+03  1.268338e-05
8.048790e+03  1.197835e-05
8.178980e+03  1.131161e-05
8.311260e+03  1.068173e-05
8.445690e+03  1.008629e-05
8.582290e+03  9.523668e-06
8.721110e+03  8.992240e-06
8.862160e+03  8.490188e-06
9.005500e+03  8.015700e-06
9.151160e+03  7.567726e-06
9.299170e+03  7.144536e-06
9.449580e+03  6.744789e-06
9.602420e+03  6.367664e-06
9.757730e+03  6.011290e-06
9.915550e+03  5.674843e-06
1.007590e+04  5.329124e-06
1.023890e+04  5.005121e-06
1.040450e+04  4.701667e-06
1.057280e+04  4.417480e-06
1.074380e+04  4.151468e-06
1.091760e+04  3.902477e-06
1.109420e+04  3.669516e-06
1.127360e+04  3.451633e-06
1.145590e+04  3.247864e-06
1.164120e+04  3.057306e-06
1.182950e+04  2.879160e-06
1.202080e+04  2.712675e-06
1.221530e+04  2.557039e-06
1.241280e+04  2.411671e-06
1.261360e+04  2.275811e-06
1.281760e+04  2.148905e-06
1.302500e+04  2.030324e-06
1.323560e+04  1.919603e-06
1.344970e+04  1.816157e-06
1.366720e+04  1.719541e-06
1.388830e+04  1.629275e-06
1.411290e+04  1.544966e-06
1.434120e+04  1.466189e-06
1.457310e+04  1.392599e-06
1.480890e+04  1.323805e-06
1.504840e+04  1.259524e-06
1.529180e+04  1.199425e-06
1.553910e+04  1.143230e-06
1.579040e+04  1.090666e-06
1.604580e+04  1.041476e-06
1.630540e+04  9.954215e-07
1.656910e+04  9.523049e-07
1.673300e+04  9.267774e-07
1.673320e+04  2.150132e-06
1.683710e+04  2.101139e-06
1.710940e+04  1.979272e-06
1.738610e+04  1.864468e-06
1.766740e+04  1.756309e-06
1.795310e+04  1.654448e-06
1.824350e+04  1.558480e-06
1.853860e+04  1.468082e-06
1.883840e+04  1.382936e-06
1.914310e+04  1.302724e-06
1.945270e+04  1.227169e-06
1.976740e+04  1.155986e-06
2.008710e+04  1.088942e-06
2.031360e+04  1.044407e-06
2.031380e+04  1.475666e-06
2.041200e+04  1.451055e-06
2.074210e+04  1.372071e-06
2.107760e+04  1.297367e-06
2.110450e+04  1.291605e-06
2.110470e+04  1.452218e-06
2.141850e+04  1.381426e-06
2.176500e+04  1.308381e-06
2.211700e+04  1.238934e-06
2.247470e+04  1.172929e-06
2.283820e+04  1.110204e-06
2.320760e+04  1.050619e-06
2.358300e+04  9.940452e-07
2.396440e+04  9.403471e-07
2.435200e+04  8.893896e-07
2.474590e+04  8.410472e-07
2.514620e+04  7.951979e-07
2.555290e+04  7.517326e-07
2.596620e+04  7.105321e-07
2.638610e+04  6.714931e-07
2.681290e+04  6.345025e-07
2.724660e+04  5.994667e-07
2.768730e+04  5.662898e-07
2.813510e+04  5.348803e-07
2.859020e+04  5.051487e-07
2.905260e+04  4.770136e-07
2.952250e+04  4.503919e-07
3.000000e+04  4.252085e-07
-1  -1
