  -1
3.025550e+01  2.807624e-01
3.074490e+01  2.805525e-01
3.124210e+01  2.807118e-01
3.174750e+01  2.811698e-01
3.226090e+01  2.818833e-01
3.278270e+01  2.828234e-01
3.331300e+01  2.839135e-01
3.385180e+01  2.855206e-01
3.439930e+01  2.874422e-01
3.495570e+01  2.896207e-01
3.552110e+01  2.920455e-01
3.609560e+01  2.947330e-01
3.667940e+01  2.976947e-01
3.727270e+01  3.009758e-01
3.787550e+01  3.048758e-01
3.848820e+01  3.076295e-01
3.911070e+01  3.101939e-01
3.974320e+01  3.128455e-01
4.038610e+01  3.156547e-01
4.103930e+01  3.186891e-01
4.170310e+01  3.220299e-01
4.237760e+01  3.259628e-01
4.306300e+01  3.285733e-01
4.375950e+01  3.302313e-01
4.446730e+01  3.316591e-01
4.518650e+01  3.331066e-01
4.591740e+01  3.346554e-01
4.666000e+01  3.364731e-01
4.741470e+01  3.378079e-01
4.818160e+01  3.376155e-01
4.896090e+01  3.370248e-01
4.975280e+01  3.363255e-01
5.055760e+01  3.355670e-01
5.137530e+01  3.348023e-01
5.220620e+01  3.340760e-01
5.305060e+01  3.334419e-01
5.390870e+01  3.333631e-01
5.478060e+01  3.311233e-01
5.566670e+01  3.283311e-01
5.656700e+01  3.253675e-01
5.748200e+01  3.223305e-01
5.841170e+01  3.192982e-01
5.935640e+01  3.163549e-01
6.031650e+01  3.137691e-01
6.129210e+01  3.092534e-01
6.228340e+01  3.036404e-01
6.329080e+01  2.977467e-01
6.431450e+01  2.918272e-01
6.535470e+01  2.861964e-01
6.641180e+01  2.790780e-01
6.748590e+01  2.706330e-01
6.857750e+01  2.620678e-01
6.968670e+01  2.535302e-01
7.081380e+01  2.450881e-01
7.195910e+01  2.368242e-01
7.312300e+01  2.287526e-01
7.430570e+01  2.208815e-01
7.550760e+01  2.132259e-01
7.672890e+01  2.058052e-01
7.796990e+01  1.986339e-01
7.923100e+01  1.919313e-01
8.051250e+01  1.834395e-01
8.181470e+01  1.747591e-01
8.313800e+01  1.663470e-01
8.448270e+01  1.582541e-01
8.584910e+01  1.505013e-01
8.723770e+01  1.430975e-01
8.864870e+01  1.360437e-01
9.008250e+01  1.293377e-01
9.153950e+01  1.212464e-01
9.302010e+01  1.135096e-01
9.452460e+01  1.062107e-01
9.605350e+01  9.934969e-02
9.760710e+01  9.292184e-02
9.918580e+01  8.661135e-02
1.007900e+02  8.019802e-02
1.024200e+02  7.421745e-02
1.040770e+02  6.867084e-02
1.057600e+02  6.353831e-02
1.074710e+02  5.880244e-02
1.092090e+02  5.378113e-02
1.109750e+02  4.860533e-02
1.127700e+02  4.389568e-02
1.145940e+02  3.963334e-02
1.164480e+02  3.585738e-02
1.183310e+02  3.302191e-02
1.202450e+02  3.042657e-02
1.221900e+02  2.804115e-02
1.241660e+02  2.584725e-02
1.261750e+02  2.382777e-02
1.282150e+02  2.198825e-02
1.302890e+02  2.069573e-02
1.323970e+02  1.948820e-02
1.345380e+02  1.835615e-02
1.367140e+02  1.729348e-02
1.389250e+02  1.629548e-02
1.411720e+02  1.535788e-02
1.434560e+02  1.447753e-02
1.457760e+02  1.346743e-02
1.481340e+02  1.248739e-02
1.505300e+02  1.157857e-02
1.529640e+02  1.073605e-02
1.554390e+02  1.004371e-02
1.579530e+02  9.415183e-03
1.605070e+02  8.827016e-03
1.631030e+02  8.276144e-03
1.657420e+02  7.759425e-03
1.684220e+02  7.392212e-03
1.711460e+02  7.055455e-03
1.739150e+02  6.734589e-03
1.767270e+02  6.428530e-03
1.795860e+02  6.219875e-03
1.824910e+02  6.085013e-03
1.854420e+02  5.953864e-03
1.884420e+02  5.828303e-03
1.914890e+02  5.725171e-03
1.945870e+02  5.623809e-03
1.977340e+02  5.601277e-03
2.009320e+02  5.622126e-03
2.041820e+02  5.643360e-03
2.074850e+02  5.731972e-03
2.108400e+02  5.863263e-03
2.142510e+02  5.998138e-03
2.177160e+02  6.136664e-03
2.212370e+02  6.278720e-03
2.248160e+02  6.445366e-03
2.284520e+02  6.638206e-03
2.321470e+02  6.837401e-03
2.359020e+02  7.043069e-03
2.397170e+02  7.255539e-03
2.435950e+02  7.474989e-03
2.475350e+02  7.702149e-03
2.515380e+02  7.826256e-03
2.556070e+02  7.937482e-03
2.597410e+02  8.050486e-03
2.639420e+02  8.165238e-03
2.682110e+02  8.281995e-03
2.725490e+02  8.400856e-03
2.769570e+02  8.498224e-03
2.814370e+02  8.592059e-03
2.859890e+02  8.687135e-03
2.906150e+02  8.783603e-03
2.953150e+02  8.881602e-03
3.000920e+02  8.980984e-03
3.049450e+02  9.081647e-03
3.098780e+02  9.044258e-03
3.148900e+02  9.006406e-03
3.199830e+02  8.968658e-03
3.251580e+02  8.931055e-03
3.304180e+02  8.893632e-03
3.357620e+02  8.856486e-03
3.411920e+02  8.819744e-03
3.467110e+02  8.773419e-03
3.523190e+02  8.727467e-03
3.580170e+02  8.681987e-03
3.638080e+02  8.637002e-03
3.696920e+02  8.562128e-03
3.756720e+02  8.404781e-03
3.817480e+02  8.249780e-03
3.879220e+02  8.097555e-03
3.941970e+02  7.948030e-03
4.005730e+02  7.795868e-03
4.070520e+02  7.615910e-03
4.136350e+02  7.439948e-03
4.203260e+02  7.267901e-03
4.271240e+02  7.099806e-03
4.340320e+02  6.935543e-03
4.410520e+02  6.779424e-03
4.481860e+02  6.627658e-03
4.554350e+02  6.479333e-03
4.628020e+02  6.334320e-03
4.702870e+02  6.192613e-03
4.778940e+02  6.054281e-03
4.856230e+02  5.882407e-03
4.934780e+02  5.704294e-03
5.014590e+02  5.531515e-03
5.095700e+02  5.363891e-03
5.178120e+02  5.201326e-03
5.261870e+02  5.043685e-03
5.346980e+02  4.889875e-03
5.433460e+02  4.735210e-03
5.521340e+02  4.585408e-03
5.610650e+02  4.440317e-03
5.701390e+02  4.299831e-03
5.793610e+02  4.163767e-03
5.887320e+02  4.032009e-03
5.982540e+02  3.903804e-03
6.079300e+02  3.778308e-03
6.177630e+02  3.656847e-03
6.277550e+02  3.539277e-03
6.379080e+02  3.425502e-03
6.482260e+02  3.315368e-03
6.587110e+02  3.213491e-03
6.693650e+02  3.115905e-03
6.801910e+02  3.021302e-03
6.911930e+02  2.929567e-03
7.023720e+02  2.840638e-03
7.137330e+02  2.754411e-03
7.252770e+02  2.670813e-03
7.370080e+02  2.589771e-03
7.489280e+02  2.504477e-03
7.610420e+02  2.420674e-03
7.733510e+02  2.339671e-03
7.858590e+02  2.261384e-03
7.985700e+02  2.182667e-03
8.114860e+02  2.103447e-03
8.246110e+02  2.027096e-03
8.379490e+02  1.953514e-03
8.515020e+02  1.881983e-03
8.652740e+02  1.813867e-03
8.792690e+02  1.753123e-03
8.934910e+02  1.694375e-03
9.079430e+02  1.637593e-03
9.226280e+02  1.582721e-03
9.375510e+02  1.518625e-03
9.527150e+02  1.454254e-03
9.681240e+02  1.390190e-03
9.837830e+02  1.328903e-03
9.996950e+02  1.270026e-03
1.015860e+03  1.213469e-03
1.032290e+03  1.156627e-03
1.048990e+03  1.102307e-03
1.065960e+03  1.050428e-03
1.083200e+03  1.000963e-03
1.100720e+03  9.538204e-04
1.118520e+03  9.088955e-04
1.136610e+03  8.660612e-04
1.155000e+03  8.252200e-04
1.173680e+03  7.863033e-04
1.192660e+03  7.492162e-04
1.211950e+03  7.138664e-04
1.231550e+03  6.801843e-04
1.251470e+03  6.481235e-04
1.271720e+03  6.176127e-04
1.292290e+03  5.886024e-04
1.313190e+03  5.609476e-04
1.334430e+03  5.345860e-04
1.356010e+03  5.094585e-04
1.377940e+03  4.855034e-04
1.400230e+03  4.626651e-04
1.422880e+03  4.408929e-04
1.445890e+03  4.201487e-04
1.469280e+03  4.002993e-04
1.493040e+03  3.812781e-04
1.517190e+03  3.627109e-04
1.541730e+03  3.449892e-04
1.566670e+03  3.281268e-04
1.592010e+03  3.120903e-04
1.617760e+03  2.968359e-04
1.643920e+03  2.823195e-04
1.670510e+03  2.685121e-04
1.697530e+03  2.553798e-04
1.724990e+03  2.428870e-04
1.752890e+03  2.308459e-04
1.781240e+03  2.193498e-04
1.810050e+03  2.083831e-04
1.839320e+03  1.979702e-04
1.869070e+03  1.880766e-04
1.899300e+03  1.786754e-04
1.930020e+03  1.697455e-04
1.961240e+03  1.612604e-04
1.992960e+03  1.531992e-04
2.025200e+03  1.456189e-04
2.057950e+03  1.382718e-04
2.091240e+03  1.312674e-04
2.125060e+03  1.246061e-04
2.159430e+03  1.182676e-04
2.194360e+03  1.122380e-04
2.229850e+03  1.065021e-04
2.265920e+03  1.010506e-04
2.302570e+03  9.586338e-05
2.339810e+03  9.093473e-05
2.377660e+03  8.624517e-05
2.416110e+03  8.178716e-05
2.455190e+03  7.754890e-05
2.483900e+03  7.459333e-05
2.484100e+03  1.997777e-04
2.494900e+03  1.968490e-04
2.535260e+03  1.862083e-04
2.576260e+03  1.761402e-04
2.585500e+03  1.739409e-04
2.585700e+03  2.528796e-04
2.617930e+03  2.423709e-04
2.660270e+03  2.293469e-04
2.703300e+03  2.170259e-04
2.747030e+03  2.053677e-04
2.791460e+03  1.943422e-04
2.836610e+03  1.839154e-04
2.882490e+03  1.740526e-04
2.929110e+03  1.647211e-04
2.976480e+03  1.558927e-04
3.024630e+03  1.475375e-04
3.066300e+03  1.407594e-04
3.066500e+03  1.631816e-04
3.073550e+03  1.618991e-04
3.123260e+03  1.531711e-04
3.173780e+03  1.449120e-04
3.225110e+03  1.371043e-04
3.277270e+03  1.297162e-04
3.330280e+03  1.227276e-04
3.384150e+03  1.161212e-04
3.438880e+03  1.098715e-04
3.494500e+03  1.039593e-04
3.551020e+03  9.836405e-05
3.554100e+03  9.806944e-05
3.554300e+03  1.039765e-04
3.608460e+03  9.874660e-05
3.666820e+03  9.348349e-05
3.726130e+03  8.849788e-05
3.786400e+03  8.378186e-05
3.847640e+03  7.931983e-05
3.850600e+03  7.911175e-05
3.850800e+03  8.254841e-05
3.909870e+03  7.836986e-05
3.973110e+03  7.419434e-05
4.037380e+03  7.023931e-05
4.102680e+03  6.648393e-05
4.169030e+03  6.292548e-05
4.236460e+03  5.955243e-05
4.304980e+03  5.635547e-05
4.374620e+03  5.332551e-05
4.445370e+03  5.045438e-05
4.517270e+03  4.773293e-05
4.590330e+03  4.515731e-05
4.664580e+03  4.271566e-05
4.740030e+03  4.040368e-05
4.816690e+03  3.821434e-05
4.894600e+03  3.614107e-05
4.973770e+03  3.417831e-05
5.054210e+03  3.231984e-05
5.135960e+03  3.056095e-05
5.219030e+03  2.889616e-05
5.303440e+03  2.732049e-05
5.389220e+03  2.582958e-05
5.476390e+03  2.441831e-05
5.564970e+03  2.308351e-05
5.654980e+03  2.182065e-05
5.746440e+03  2.062587e-05
5.839390e+03  1.949553e-05
5.933830e+03  1.842671e-05
6.029810e+03  1.741564e-05
6.127330e+03  1.645921e-05
6.226440e+03  1.555504e-05
6.327150e+03  1.469998e-05
6.429480e+03  1.389128e-05
6.533480e+03  1.312671e-05
6.639150e+03  1.240397e-05
6.746540e+03  1.172044e-05
6.855650e+03  1.107454e-05
6.966540e+03  1.046371e-05
7.079220e+03  9.886416e-06
7.193720e+03  9.340610e-06
7.310070e+03  8.824787e-06
7.428310e+03  8.337405e-06
7.548450e+03  7.876569e-06
7.670540e+03  7.441066e-06
7.794610e+03  7.029474e-06
7.920680e+03  6.640661e-06
8.048790e+03  6.272942e-06
8.178980e+03  5.925602e-06
8.311260e+03  5.597458e-06
8.445690e+03  5.287382e-06
8.582290e+03  4.994254e-06
8.721110e+03  4.717377e-06
8.862160e+03  4.455653e-06
9.005500e+03  4.208552e-06
9.151160e+03  3.974932e-06
9.299170e+03  3.754271e-06
9.449580e+03  3.545742e-06
9.602420e+03  3.348760e-06
9.757730e+03  3.162662e-06
9.915550e+03  2.986915e-06
1.007590e+04  2.816823e-06
1.023890e+04  2.656358e-06
1.040450e+04  2.505031e-06
1.057280e+04  2.362300e-06
1.074380e+04  2.227708e-06
1.091760e+04  2.100771e-06
1.109420e+04  1.981079e-06
1.127360e+04  1.868231e-06
1.145590e+04  1.761830e-06
1.164120e+04  1.661494e-06
1.182950e+04  1.566888e-06
1.202080e+04  1.477707e-06
1.221530e+04  1.393605e-06
1.241280e+04  1.314348e-06
1.261360e+04  1.239608e-06
1.281760e+04  1.169160e-06
1.302500e+04  1.102728e-06
1.303510e+04  1.099605e-06
1.303530e+04  2.735357e-06
1.323560e+04  2.583535e-06
1.344970e+04  2.432870e-06
1.366720e+04  2.291011e-06
1.388830e+04  2.157399e-06
1.411290e+04  2.031602e-06
1.434120e+04  1.913126e-06
1.457310e+04  1.801579e-06
1.480890e+04  1.696504e-06
1.504840e+04  1.597581e-06
1.519990e+04  1.538761e-06
1.520010e+04  2.145351e-06
1.529180e+04  2.101086e-06
1.553910e+04  1.987364e-06
1.579040e+04  1.879805e-06
1.586070e+04  1.851080e-06
1.586090e+04  2.116355e-06
1.604580e+04  2.032741e-06
1.630540e+04  1.922420e-06
1.656910e+04  1.817825e-06
1.683710e+04  1.718666e-06
1.710940e+04  1.624693e-06
1.738610e+04  1.535650e-06
1.766740e+04  1.451269e-06
1.795310e+04  1.371375e-06
1.824350e+04  1.295707e-06
1.853860e+04  1.224070e-06
1.883840e+04  1.156266e-06
1.914310e+04  1.092093e-06
1.945270e+04  1.031372e-06
1.976740e+04  9.739157e-07
2.008710e+04  9.195754e-07
2.041200e+04  8.681803e-07
2.074210e+04  8.195848e-07
2.107760e+04  7.736335e-07
2.141850e+04  7.301963e-07
2.176500e+04  6.891328e-07
2.211700e+04  6.503325e-07
2.247470e+04  6.136661e-07
2.283820e+04  5.790220e-07
2.320760e+04  5.462917e-07
2.358300e+04  5.153731e-07
2.396440e+04  4.861745e-07
2.435200e+04  4.585971e-07
2.474590e+04  4.325549e-07
2.514620e+04  4.079646e-07
2.555290e+04  3.847521e-07
2.596620e+04  3.628376e-07
2.638610e+04  3.421544e-07
2.681290e+04  3.226300e-07
2.724660e+04  3.042035e-07
2.768730e+04  2.868152e-07
2.813510e+04  2.704086e-07
2.859020e+04  2.549269e-07
2.905260e+04  2.403220e-07
2.952250e+04  2.265431e-07
3.000000e+04  2.135455e-07
-1  -1
