  -1
3.025550e+01  7.858948e-01
3.074490e+01  7.893083e-01
3.124210e+01  7.914290e-01
3.174750e+01  7.923358e-01
3.226090e+01  7.920364e-01
3.278270e+01  7.903736e-01
3.331300e+01  7.873974e-01
3.385180e+01  7.843644e-01
3.439930e+01  7.812398e-01
3.495570e+01  7.775955e-01
3.552110e+01  7.733646e-01
3.609560e+01  7.684907e-01
3.667940e+01  7.625349e-01
3.727270e+01  7.555145e-01
3.787550e+01  7.499889e-01
3.848820e+01  7.452550e-01
3.911070e+01  7.408259e-01
3.974320e+01  7.365828e-01
4.038610e+01  7.324616e-01
4.103930e+01  7.284778e-01
4.170310e+01  7.246479e-01
4.237760e+01  7.210451e-01
4.306300e+01  7.178348e-01
4.375950e+01  7.159042e-01
4.446730e+01  7.120066e-01
4.518650e+01  7.062101e-01
4.591740e+01  6.992653e-01
4.666000e+01  6.917111e-01
4.741470e+01  6.836637e-01
4.818160e+01  6.752101e-01
4.896090e+01  6.664079e-01
4.975280e+01  6.572904e-01
5.055760e+01  6.478466e-01
5.137530e+01  6.379208e-01
5.220620e+01  6.283831e-01
5.305060e+01  6.198633e-01
5.390870e+01  6.119161e-01
5.478060e+01  6.042225e-01
5.566670e+01  5.968043e-01
5.656700e+01  5.898294e-01
5.748200e+01  5.824309e-01
5.841170e+01  5.744494e-01
5.935640e+01  5.663263e-01
6.031650e+01  5.582993e-01
6.129210e+01  5.504487e-01
6.228340e+01  5.428810e-01
6.329080e+01  5.357613e-01
6.431450e+01  5.296886e-01
6.535470e+01  5.206481e-01
6.641180e+01  5.098065e-01
6.748590e+01  4.987491e-01
6.857750e+01  4.879278e-01
6.968670e+01  4.774956e-01
7.081380e+01  4.630137e-01
7.195910e+01  4.472423e-01
7.312300e+01  4.316465e-01
7.430570e+01  4.169761e-01
7.550760e+01  3.989925e-01
7.672890e+01  3.801850e-01
7.796990e+01  3.620056e-01
7.923100e+01  3.455143e-01
8.051250e+01  3.257267e-01
8.181470e+01  2.986056e-01
8.313800e+01  2.707677e-01
8.448270e+01  2.437315e-01
8.584910e+01  2.188056e-01
8.723770e+01  1.960855e-01
8.864870e+01  1.755235e-01
9.008250e+01  1.570090e-01
9.153950e+01  1.403967e-01
9.302010e+01  1.255632e-01
9.452460e+01  1.117859e-01
9.605350e+01  9.881755e-02
9.760710e+01  8.732582e-02
9.918580e+01  7.717592e-02
1.007900e+02  6.822089e-02
1.024200e+02  6.032577e-02
1.040770e+02  5.336531e-02
1.057600e+02  4.723388e-02
1.074710e+02  4.183444e-02
1.092090e+02  3.620703e-02
1.109750e+02  3.114564e-02
1.127700e+02  2.679261e-02
1.145940e+02  2.312125e-02
1.164480e+02  2.027774e-02
1.183310e+02  1.779528e-02
1.202450e+02  1.562341e-02
1.221900e+02  1.372117e-02
1.241660e+02  1.229923e-02
1.261750e+02  1.110945e-02
1.282150e+02  1.010300e-02
1.302890e+02  9.369142e-03
1.323970e+02  8.821560e-03
1.345380e+02  8.425395e-03
1.367140e+02  8.242558e-03
1.389250e+02  8.106010e-03
1.411720e+02  8.053602e-03
1.434560e+02  8.159772e-03
1.457760e+02  8.270873e-03
1.481340e+02  8.381650e-03
1.505300e+02  8.495822e-03
1.529640e+02  8.614012e-03
1.554390e+02  8.700431e-03
1.579530e+02  8.783899e-03
1.605070e+02  8.870031e-03
1.631030e+02  8.958707e-03
1.657420e+02  9.050237e-03
1.684220e+02  9.050186e-03
1.711460e+02  8.977746e-03
1.739150e+02  8.906467e-03
1.767270e+02  8.836859e-03
1.795860e+02  8.768511e-03
1.824910e+02  8.701606e-03
1.854420e+02  8.626587e-03
1.884420e+02  8.543859e-03
1.914890e+02  8.462762e-03
1.945870e+02  8.382989e-03
1.977340e+02  8.304742e-03
2.009320e+02  8.227932e-03
2.041820e+02  8.152535e-03
2.074850e+02  8.041144e-03
2.108400e+02  7.915081e-03
2.142510e+02  7.791183e-03
2.177160e+02  7.669730e-03
2.212370e+02  7.550577e-03
2.248160e+02  7.433607e-03
2.284520e+02  7.318947e-03
2.321470e+02  7.191053e-03
2.359020e+02  7.026472e-03
2.397170e+02  6.865808e-03
2.435950e+02  6.707995e-03
2.475350e+02  6.553341e-03
2.515380e+02  6.402535e-03
2.556070e+02  6.245019e-03
2.597410e+02  6.049097e-03
2.639420e+02  5.859282e-03
2.682110e+02  5.675543e-03
2.725490e+02  5.476228e-03
2.769570e+02  5.279466e-03
2.814370e+02  5.089740e-03
2.859890e+02  4.908778e-03
2.906150e+02  4.737787e-03
2.953150e+02  4.572750e-03
3.000920e+02  4.419005e-03
3.049450e+02  4.278780e-03
3.098780e+02  4.142790e-03
3.148900e+02  4.074186e-03
3.199830e+02  4.017427e-03
3.251580e+02  3.968536e-03
3.304180e+02  3.986881e-03
3.357620e+02  4.005302e-03
3.411920e+02  4.039998e-03
3.467110e+02  4.088471e-03
3.523190e+02  4.417618e-03
3.580170e+02  4.972420e-03
3.638080e+02  5.743945e-03
3.696920e+02  6.798435e-03
3.756720e+02  7.948428e-03
3.817480e+02  8.768294e-03
3.879220e+02  9.606795e-03
3.941970e+02  1.012295e-02
4.005730e+02  1.066932e-02
4.070520e+02  1.083295e-02
4.136350e+02  1.096117e-02
4.203260e+02  1.087313e-02
4.271240e+02  1.078400e-02
4.340320e+02  1.069099e-02
4.410520e+02  1.056071e-02
4.481860e+02  1.043148e-02
4.554350e+02  1.030352e-02
4.628020e+02  1.017699e-02
4.702870e+02  1.004066e-02
4.778940e+02  9.842282e-03
4.856230e+02  9.647326e-03
4.934780e+02  9.455954e-03
5.014590e+02  9.268289e-03
5.095700e+02  9.083373e-03
5.178120e+02  8.889589e-03
5.261870e+02  8.699851e-03
5.346980e+02  8.514153e-03
5.433460e+02  8.332571e-03
5.521340e+02  8.112057e-03
5.610650e+02  7.862117e-03
5.701390e+02  7.619560e-03
5.793610e+02  7.384329e-03
5.887320e+02  7.156462e-03
5.982540e+02  6.901209e-03
6.079300e+02  6.638474e-03
6.177630e+02  6.385547e-03
6.277550e+02  6.142140e-03
6.379080e+02  5.907876e-03
6.482260e+02  5.699096e-03
6.587110e+02  5.499409e-03
6.693650e+02  5.306825e-03
6.801910e+02  5.108559e-03
6.911930e+02  4.901790e-03
7.023720e+02  4.703348e-03
7.137330e+02  4.512996e-03
7.252770e+02  4.305865e-03
7.370080e+02  4.100592e-03
7.489280e+02  3.905068e-03
7.610420e+02  3.718788e-03
7.733510e+02  3.547492e-03
7.858590e+02  3.380970e-03
7.985700e+02  3.216947e-03
8.114860e+02  3.060613e-03
8.246110e+02  2.911941e-03
8.379490e+02  2.770530e-03
8.515020e+02  2.635739e-03
8.652740e+02  2.507295e-03
8.792690e+02  2.384899e-03
8.934910e+02  2.268501e-03
9.079430e+02  2.157769e-03
9.226280e+02  2.052453e-03
9.375510e+02  1.951511e-03
9.527150e+02  1.855359e-03
9.681240e+02  1.763803e-03
9.837830e+02  1.676765e-03
9.996950e+02  1.593715e-03
1.015860e+03  1.514495e-03
1.032290e+03  1.436628e-03
1.048990e+03  1.362423e-03
1.065960e+03  1.291732e-03
1.083200e+03  1.224713e-03
1.100720e+03  1.161167e-03
1.118520e+03  1.100926e-03
1.136610e+03  1.043831e-03
1.155000e+03  9.896782e-04
1.173680e+03  9.383484e-04
1.192660e+03  8.896811e-04
1.211950e+03  8.435386e-04
1.231550e+03  7.997858e-04
1.251470e+03  7.583238e-04
1.271720e+03  7.190287e-04
1.292290e+03  6.817941e-04
1.313190e+03  6.464962e-04
1.334430e+03  6.130355e-04
1.356010e+03  5.813064e-04
1.377940e+03  5.512106e-04
1.400230e+03  5.226752e-04
1.422880e+03  4.956190e-04
1.445890e+03  4.699646e-04
1.469280e+03  4.456257e-04
1.493040e+03  4.225400e-04
1.517190e+03  4.006076e-04
1.541730e+03  3.798089e-04
1.566670e+03  3.600900e-04
1.592010e+03  3.413921e-04
1.617760e+03  3.236650e-04
1.643920e+03  3.068619e-04
1.670510e+03  2.909326e-04
1.697530e+03  2.758323e-04
1.724990e+03  2.615179e-04
1.752890e+03  2.477376e-04
1.781240e+03  2.346148e-04
1.810050e+03  2.221356e-04
1.839320e+03  2.103276e-04
1.869070e+03  1.991476e-04
1.899300e+03  1.885636e-04
1.930020e+03  1.785388e-04
1.961240e+03  1.690462e-04
1.992960e+03  1.600597e-04
2.025200e+03  1.516379e-04
2.057950e+03  1.434833e-04
2.091240e+03  1.357296e-04
2.125060e+03  1.283825e-04
2.159430e+03  1.214214e-04
2.194360e+03  1.148127e-04
2.229850e+03  1.085406e-04
2.265920e+03  1.025974e-04
2.302570e+03  9.696359e-05
2.339810e+03  9.162235e-05
2.377660e+03  8.655763e-05
2.416110e+03  8.175917e-05
2.455190e+03  7.721154e-05
2.494900e+03  7.290234e-05
2.535260e+03  6.881814e-05
2.576260e+03  6.494986e-05
2.617930e+03  6.128583e-05
2.660270e+03  5.781594e-05
2.703300e+03  5.452853e-05
2.747030e+03  5.141555e-05
2.791460e+03  4.846865e-05
2.836610e+03  4.567962e-05
2.882490e+03  4.303881e-05
2.929110e+03  4.053882e-05
2.976480e+03  3.817439e-05
3.024630e+03  3.593648e-05
3.073550e+03  3.381948e-05
3.123260e+03  3.181621e-05
3.173200e+03  2.994667e-05
3.173400e+03  1.023369e-04
3.173780e+03  1.022993e-04
3.225110e+03  9.668090e-05
3.277270e+03  9.135568e-05
3.330200e+03  8.632423e-05
3.330400e+03  1.189183e-04
3.384150e+03  1.124379e-04
3.438880e+03  1.062886e-04
3.494500e+03  1.004722e-04
3.551020e+03  9.497770e-05
3.604200e+03  9.015226e-05
3.604400e+03  1.016870e-04
3.608460e+03  1.013105e-04
3.666820e+03  9.606048e-05
3.726130e+03  9.107137e-05
3.786400e+03  8.630923e-05
3.847640e+03  8.177810e-05
3.909870e+03  7.746673e-05
3.973110e+03  7.336676e-05
4.037380e+03  6.946668e-05
4.102680e+03  6.575737e-05
4.169030e+03  6.223270e-05
4.236460e+03  5.888580e-05
4.304980e+03  5.571155e-05
4.374620e+03  5.269155e-05
4.445370e+03  4.982849e-05
4.517270e+03  4.711339e-05
4.590330e+03  4.453841e-05
4.664580e+03  4.209586e-05
4.740030e+03  3.978090e-05
4.816690e+03  3.758828e-05
4.894600e+03  3.551082e-05
4.973770e+03  3.354270e-05
5.054210e+03  3.167949e-05
5.135960e+03  2.991545e-05
5.219030e+03  2.824620e-05
5.303440e+03  2.666599e-05
5.389220e+03  2.517148e-05
5.476390e+03  2.375779e-05
5.564970e+03  2.242091e-05
5.654980e+03  2.115671e-05
5.746440e+03  1.996133e-05
5.839390e+03  1.883170e-05
5.933830e+03  1.776408e-05
6.029810e+03  1.675549e-05
6.127330e+03  1.580262e-05
6.226440e+03  1.490218e-05
6.327150e+03  1.405217e-05
6.429480e+03  1.324922e-05
6.533480e+03  1.249105e-05
6.639150e+03  1.177535e-05
6.746540e+03  1.109982e-05
6.855650e+03  1.046242e-05
6.966540e+03  9.860523e-06
7.079220e+03  9.292642e-06
7.193720e+03  8.756948e-06
7.310070e+03  8.251394e-06
7.428310e+03  7.774699e-06
7.548450e+03  7.324949e-06
7.670540e+03  6.901021e-06
7.794610e+03  6.501111e-06
7.920680e+03  6.123880e-06
8.048790e+03  5.768423e-06
8.178980e+03  5.433170e-06
8.311260e+03  5.117258e-06
8.445690e+03  4.819380e-06
8.582290e+03  4.538733e-06
8.721110e+03  4.274115e-06
8.862160e+03  4.024806e-06
9.005500e+03  3.789726e-06
9.151160e+03  3.568481e-06
9.299170e+03  3.359908e-06
9.449580e+03  3.163458e-06
9.602420e+03  2.978243e-06
9.757730e+03  2.803919e-06
9.915550e+03  2.639696e-06
1.007590e+04  2.485011e-06
1.023890e+04  2.339297e-06
1.040450e+04  2.202085e-06
1.057280e+04  2.072858e-06
1.074380e+04  1.951175e-06
1.091760e+04  1.836585e-06
1.109420e+04  1.728694e-06
1.127360e+04  1.627131e-06
1.145590e+04  1.531502e-06
1.164120e+04  1.441460e-06
1.182950e+04  1.356691e-06
1.202080e+04  1.276899e-06
1.221530e+04  1.201766e-06
1.241280e+04  1.131071e-06
1.261360e+04  1.064507e-06
1.281760e+04  1.001867e-06
1.302500e+04  9.428864e-07
1.323560e+04  8.873979e-07
1.344970e+04  8.351614e-07
1.366720e+04  7.860045e-07
1.388830e+04  7.397329e-07
1.411290e+04  6.961965e-07
1.434120e+04  6.552176e-07
1.457310e+04  6.166618e-07
1.480890e+04  5.803677e-07
1.504840e+04  5.462235e-07
1.529180e+04  5.140925e-07
1.553910e+04  4.838563e-07
1.579040e+04  4.554045e-07
1.604580e+04  4.286331e-07
1.630540e+04  4.034337e-07
1.656910e+04  3.797311e-07
1.683710e+04  3.574262e-07
1.710940e+04  3.364378e-07
1.738610e+04  3.166918e-07
1.766740e+04  2.981065e-07
1.795310e+04  2.806238e-07
1.824350e+04  2.641714e-07
1.853860e+04  2.486911e-07
1.883840e+04  2.341268e-07
1.914310e+04  2.204214e-07
1.945270e+04  2.075263e-07
1.976740e+04  1.953905e-07
2.008710e+04  1.839734e-07
2.041200e+04  1.732297e-07
2.074210e+04  1.631210e-07
2.107760e+04  1.536078e-07
2.141850e+04  1.446566e-07
2.176500e+04  1.362322e-07
2.211700e+04  1.283059e-07
2.247470e+04  1.208470e-07
2.283820e+04  1.138274e-07
2.320760e+04  1.072214e-07
2.358300e+04  1.010042e-07
2.396440e+04  9.515374e-08
2.435020e+04  8.966619e-08
2.435040e+04  5.712351e-07
2.435200e+04  5.711019e-07
2.474590e+04  5.396597e-07
2.514620e+04  5.098620e-07
2.555290e+04  4.816352e-07
2.596620e+04  4.549003e-07
2.638610e+04  4.295852e-07
2.681290e+04  4.056180e-07
2.724660e+04  3.829333e-07
2.768730e+04  3.614670e-07
2.813510e+04  3.411590e-07
2.859020e+04  3.219485e-07
2.905260e+04  3.037835e-07
2.952250e+04  2.866068e-07
3.000000e+04  2.703695e-07
-1  -1
