  -1
3.025550e+01  9.624758e-01
3.074490e+01  9.437118e-01
3.124210e+01  9.183698e-01
3.174750e+01  8.887065e-01
3.226090e+01  8.571894e-01
3.278270e+01  8.161914e-01
3.331300e+01  7.682173e-01
3.385180e+01  7.176957e-01
3.439930e+01  6.661968e-01
3.495570e+01  6.162337e-01
3.552110e+01  5.733388e-01
3.609560e+01  5.331847e-01
3.667940e+01  4.953103e-01
3.727270e+01  4.594687e-01
3.787550e+01  4.253967e-01
3.848820e+01  3.965207e-01
3.911070e+01  3.702245e-01
3.974320e+01  3.458017e-01
4.038610e+01  3.230207e-01
4.103930e+01  3.017420e-01
4.170310e+01  2.818343e-01
4.237760e+01  2.631044e-01
4.306300e+01  2.464699e-01
4.375950e+01  2.330539e-01
4.446730e+01  2.206850e-01
4.518650e+01  2.091373e-01
4.591740e+01  1.983195e-01
4.666000e+01  1.881505e-01
4.741470e+01  1.784018e-01
4.818160e+01  1.692076e-01
4.896090e+01  1.605347e-01
4.975280e+01  1.523507e-01
5.055760e+01  1.446237e-01
5.137530e+01  1.373267e-01
5.220620e+01  1.304020e-01
5.305060e+01  1.238194e-01
5.390870e+01  1.175896e-01
5.478060e+01  1.116898e-01
5.566670e+01  1.060888e-01
5.656700e+01  1.011438e-01
5.748200e+01  9.655710e-02
5.841170e+01  9.220735e-02
5.935640e+01  8.806999e-02
6.031650e+01  8.433140e-02
6.129210e+01  8.080136e-02
6.228340e+01  7.744116e-02
6.329080e+01  7.423837e-02
6.431450e+01  7.118367e-02
6.535470e+01  6.826841e-02
6.641180e+01  6.548482e-02
6.748590e+01  6.282558e-02
6.857750e+01  6.028331e-02
6.968670e+01  5.788817e-02
7.081380e+01  5.562619e-02
7.195910e+01  5.346188e-02
7.312300e+01  5.138949e-02
7.430570e+01  4.940441e-02
7.550760e+01  4.750222e-02
7.672890e+01  4.567902e-02
7.796990e+01  4.393097e-02
7.923100e+01  4.225479e-02
8.051250e+01  4.064691e-02
8.181470e+01  3.910494e-02
8.313800e+01  3.762714e-02
8.448270e+01  3.606536e-02
8.584910e+01  3.456091e-02
8.723770e+01  3.311918e-02
8.864870e+01  3.173830e-02
9.008250e+01  3.041554e-02
9.153950e+01  2.914826e-02
9.302010e+01  2.793390e-02
9.452460e+01  2.677004e-02
9.605350e+01  2.565423e-02
9.760710e+01  2.458421e-02
9.918580e+01  2.355785e-02
1.007900e+02  2.257330e-02
1.024200e+02  2.163036e-02
1.040770e+02  2.047994e-02
1.057600e+02  1.931341e-02
1.074710e+02  1.820546e-02
1.092090e+02  1.715335e-02
1.109750e+02  1.613232e-02
1.127700e+02  1.513293e-02
1.145940e+02  1.429327e-02
1.164480e+02  1.370900e-02
1.183310e+02  1.311978e-02
1.202450e+02  1.266835e-02
1.221900e+02  1.305587e-02
1.241660e+02  2.475288e-02
1.261750e+02  5.970669e-02
1.282150e+02  1.314401e-01
1.302890e+02  1.356614e-01
1.323970e+02  1.316721e-01
1.345380e+02  1.206895e-01
1.367140e+02  1.093730e-01
1.389250e+02  9.862791e-02
1.411720e+02  9.008280e-02
1.434560e+02  8.213093e-02
1.457760e+02  7.477088e-02
1.481340e+02  6.798320e-02
1.505300e+02  6.174626e-02
1.529640e+02  5.616273e-02
1.554390e+02  5.112497e-02
1.579530e+02  4.652107e-02
1.605070e+02  4.231848e-02
1.631030e+02  3.848493e-02
1.657420e+02  3.499123e-02
1.684220e+02  3.181001e-02
1.711460e+02  2.891429e-02
1.739150e+02  2.627894e-02
1.767270e+02  2.388143e-02
1.795860e+02  2.182379e-02
1.824910e+02  2.023920e-02
1.854420e+02  1.877422e-02
1.884420e+02  1.741702e-02
1.914890e+02  1.615971e-02
1.945870e+02  1.499381e-02
1.977340e+02  1.391305e-02
2.009320e+02  1.291058e-02
2.041820e+02  1.198064e-02
2.074850e+02  1.115078e-02
2.108400e+02  1.057599e-02
2.142510e+02  1.003262e-02
2.177160e+02  9.518374e-03
2.212370e+02  9.031183e-03
2.248160e+02  8.569420e-03
2.284520e+02  8.131780e-03
2.321470e+02  7.716737e-03
2.359020e+02  7.322740e-03
2.397170e+02  7.043917e-03
2.435950e+02  6.812151e-03
2.475350e+02  6.588646e-03
2.515380e+02  6.372913e-03
2.556070e+02  6.164523e-03
2.597410e+02  5.963249e-03
2.639420e+02  5.768769e-03
2.682110e+02  5.580804e-03
2.725490e+02  5.399057e-03
2.769570e+02  5.253443e-03
2.814370e+02  5.141273e-03
2.859890e+02  5.031828e-03
2.906150e+02  4.924897e-03
2.953150e+02  4.820448e-03
3.000920e+02  4.718346e-03
3.049450e+02  4.618565e-03
3.098780e+02  4.520931e-03
3.148900e+02  4.425537e-03
3.199830e+02  4.332294e-03
3.251580e+02  4.241067e-03
3.304180e+02  4.151875e-03
3.357620e+02  4.064608e-03
3.411920e+02  3.979313e-03
3.467110e+02  3.895865e-03
3.523190e+02  3.812005e-03
3.580170e+02  3.714943e-03
3.638080e+02  3.620394e-03
3.696920e+02  3.528273e-03
3.756720e+02  3.438527e-03
3.817480e+02  3.351134e-03
3.879220e+02  3.266069e-03
3.941970e+02  3.146137e-03
4.005730e+02  3.028299e-03
4.070520e+02  2.914835e-03
4.136350e+02  2.805638e-03
4.203260e+02  2.700521e-03
4.271240e+02  2.599369e-03
4.340320e+02  2.502024e-03
4.410520e+02  2.418319e-03
4.481860e+02  2.337412e-03
4.554350e+02  2.259250e-03
4.628020e+02  2.183705e-03
4.702870e+02  2.110726e-03
4.778940e+02  2.040169e-03
4.856230e+02  1.972005e-03
4.934780e+02  1.906136e-03
5.014590e+02  1.842470e-03
5.095700e+02  1.777834e-03
5.178120e+02  1.713423e-03
5.261870e+02  1.650501e-03
5.346980e+02  1.588416e-03
5.433460e+02  1.527966e-03
5.521340e+02  1.469841e-03
5.610650e+02  1.413031e-03
5.701390e+02  1.358011e-03
5.793610e+02  1.305047e-03
5.887320e+02  1.254130e-03
5.982540e+02  1.205209e-03
6.079300e+02  1.158213e-03
6.177630e+02  1.113044e-03
6.277550e+02  1.069580e-03
6.379080e+02  1.027071e-03
6.482260e+02  9.852020e-04
6.587110e+02  9.443657e-04
6.693650e+02  9.052206e-04
6.801910e+02  8.689819e-04
6.911930e+02  8.351355e-04
7.023720e+02  8.027156e-04
7.137330e+02  7.701419e-04
7.252770e+02  7.379549e-04
7.370080e+02  7.071123e-04
7.489280e+02  6.775594e-04
7.610420e+02  6.492287e-04
7.733510e+02  6.219792e-04
7.858590e+02  5.955136e-04
7.985700e+02  5.698873e-04
8.114860e+02  5.453710e-04
8.246110e+02  5.219035e-04
8.379490e+02  4.994395e-04
8.515020e+02  4.778538e-04
8.652740e+02  4.570830e-04
8.792690e+02  4.371143e-04
8.934910e+02  4.180220e-04
9.079430e+02  3.997657e-04
9.226280e+02  3.823092e-04
9.375510e+02  3.653631e-04
9.527150e+02  3.491125e-04
9.681240e+02  3.335366e-04
9.837830e+02  3.186368e-04
9.996950e+02  3.043867e-04
1.015860e+03  2.907273e-04
1.026800e+03  2.814853e-04
1.027000e+03  1.131861e-03
1.032290e+03  1.122591e-03
1.048990e+03  1.089209e-03
1.065960e+03  1.056456e-03
1.083200e+03  1.024599e-03
1.100720e+03  9.936626e-04
1.118520e+03  9.636414e-04
1.136610e+03  9.345078e-04
1.155000e+03  9.062352e-04
1.173680e+03  8.788239e-04
1.192660e+03  8.522412e-04
1.211950e+03  8.264532e-04
1.231550e+03  8.014522e-04
1.251470e+03  7.771948e-04
1.271720e+03  7.536569e-04
1.292290e+03  7.308405e-04
1.313190e+03  7.087228e-04
1.334430e+03  6.872706e-04
1.356010e+03  6.664605e-04
1.377940e+03  6.462913e-04
1.400230e+03  6.267267e-04
1.422880e+03  6.077518e-04
1.445890e+03  5.893584e-04
1.469280e+03  5.702485e-04
1.493040e+03  5.498936e-04
1.517190e+03  5.227137e-04
1.541730e+03  4.958743e-04
1.566670e+03  4.704069e-04
1.592010e+03  4.462498e-04
1.617760e+03  4.276196e-04
1.643920e+03  4.179348e-04
1.670510e+03  3.983633e-04
1.697530e+03  3.779723e-04
1.724990e+03  3.586237e-04
1.752890e+03  3.400813e-04
1.781240e+03  3.224355e-04
1.810050e+03  3.056563e-04
1.839320e+03  2.897551e-04
1.869070e+03  2.746804e-04
1.899300e+03  2.603895e-04
1.930020e+03  2.468413e-04
1.961240e+03  2.339990e-04
1.992960e+03  2.218269e-04
2.025200e+03  2.103880e-04
2.057950e+03  1.993379e-04
2.091240e+03  1.888446e-04
2.125060e+03  1.788889e-04
2.159430e+03  1.694403e-04
2.194360e+03  1.604806e-04
2.229850e+03  1.519798e-04
2.265920e+03  1.439202e-04
2.302570e+03  1.362760e-04
2.339810e+03  1.290285e-04
2.377660e+03  1.221589e-04
2.416110e+03  1.156480e-04
2.455190e+03  1.094776e-04
2.494900e+03  1.036254e-04
2.535260e+03  9.808424e-05
2.576260e+03  9.283472e-05
2.617930e+03  8.785925e-05
2.660270e+03  8.314461e-05
2.703300e+03  7.867863e-05
2.747030e+03  7.445138e-05
2.791460e+03  7.044731e-05
2.836610e+03  6.665395e-05
2.882490e+03  6.306557e-05
2.929110e+03  5.966418e-05
2.976480e+03  5.644311e-05
3.024630e+03  5.339693e-05
3.073550e+03  5.051143e-05
3.123260e+03  4.777889e-05
3.173780e+03  4.519405e-05
3.225110e+03  4.274745e-05
3.277270e+03  4.043166e-05
3.330280e+03  3.824001e-05
3.384150e+03  3.616545e-05
3.438880e+03  3.420268e-05
3.494500e+03  3.234536e-05
3.551020e+03  3.058792e-05
3.608460e+03  2.892494e-05
3.666820e+03  2.735168e-05
3.726130e+03  2.586296e-05
3.786400e+03  2.445479e-05
3.847640e+03  2.312262e-05
3.909870e+03  2.186209e-05
3.973110e+03  2.066990e-05
4.037380e+03  1.954207e-05
4.102680e+03  1.847537e-05
4.169030e+03  1.746626e-05
4.236460e+03  1.651204e-05
4.304980e+03  1.560923e-05
4.374620e+03  1.475527e-05
4.445370e+03  1.394790e-05
4.517270e+03  1.318414e-05
4.590330e+03  1.246182e-05
4.664580e+03  1.177887e-05
4.740030e+03  1.113285e-05
4.816690e+03  1.052200e-05
4.894600e+03  9.944468e-06
4.973770e+03  9.398109e-06
5.054210e+03  8.881674e-06
5.135960e+03  8.393205e-06
5.219030e+03  7.931368e-06
5.303440e+03  7.494543e-06
5.389220e+03  7.081657e-06
5.476390e+03  6.691226e-06
5.564970e+03  6.322116e-06
5.654980e+03  5.973088e-06
5.746440e+03  5.643240e-06
5.839390e+03  5.331288e-06
5.933830e+03  5.036223e-06
6.029810e+03  4.757365e-06
6.127330e+03  4.493875e-06
6.226440e+03  4.244668e-06
6.327150e+03  4.009113e-06
6.429480e+03  3.786356e-06
6.459200e+03  3.724576e-06
6.459400e+03  1.080936e-05
6.533480e+03  1.034588e-05
6.639150e+03  9.726972e-06
6.746540e+03  9.144924e-06
6.855650e+03  8.597738e-06
6.966540e+03  8.083359e-06
7.012700e+03  7.880589e-06
7.012900e+03  1.177739e-05
7.079220e+03  1.121813e-05
7.193720e+03  1.032518e-05
7.310070e+03  9.503122e-06
7.427800e+03  8.749612e-06
7.428000e+03  1.023167e-05
7.428310e+03  1.023007e-05
7.548450e+03  9.657209e-06
7.670540e+03  9.116071e-06
7.794610e+03  8.604740e-06
7.920680e+03  8.121467e-06
8.048790e+03  7.664630e-06
8.178980e+03  7.233011e-06
8.311260e+03  6.825252e-06
8.445690e+03  6.440099e-06
8.582290e+03  6.076314e-06
8.721110e+03  5.732678e-06
8.862160e+03  5.408203e-06
9.005500e+03  5.101834e-06
9.151160e+03  4.812466e-06
9.299170e+03  4.539318e-06
9.449580e+03  4.281376e-06
9.602420e+03  4.038025e-06
9.757730e+03  3.808215e-06
9.915550e+03  3.634616e-06
1.007590e+04  3.427511e-06
1.023890e+04  3.232039e-06
1.040450e+04  3.047608e-06
1.057280e+04  2.873571e-06
1.074380e+04  2.709380e-06
1.091760e+04  2.554461e-06
1.109420e+04  2.408317e-06
1.127360e+04  2.270477e-06
1.145590e+04  2.140459e-06
1.164120e+04  2.017800e-06
1.182950e+04  1.902108e-06
1.202080e+04  1.793010e-06
1.221530e+04  1.690091e-06
1.241280e+04  1.593073e-06
1.261360e+04  1.501556e-06
1.281760e+04  1.415272e-06
1.302500e+04  1.333890e-06
1.323560e+04  1.257187e-06
1.344970e+04  1.184853e-06
1.366720e+04  1.116661e-06
1.388830e+04  1.052360e-06
1.411290e+04  9.917514e-07
1.434120e+04  9.346038e-07
1.457310e+04  8.807425e-07
1.480890e+04  8.299540e-07
1.504840e+04  7.820899e-07
1.529180e+04  7.369700e-07
1.553910e+04  6.944436e-07
1.579040e+04  6.543601e-07
1.604580e+04  6.165765e-07
1.630540e+04  5.809600e-07
1.656910e+04  5.473987e-07
1.683710e+04  5.157659e-07
1.710940e+04  4.859551e-07
1.738610e+04  4.578611e-07
1.766740e+04  4.313773e-07
1.795310e+04  4.064264e-07
1.824350e+04  3.829101e-07
1.853860e+04  3.607486e-07
1.883840e+04  3.398667e-07
1.914310e+04  3.201873e-07
1.945270e+04  3.016436e-07
1.976740e+04  2.841674e-07
2.008710e+04  2.677018e-07
2.041200e+04  2.521858e-07
2.074210e+04  2.375658e-07
2.107760e+04  2.237896e-07
2.141850e+04  2.108085e-07
2.176500e+04  1.985762e-07
2.211700e+04  1.870519e-07
2.247470e+04  1.761939e-07
2.283820e+04  1.659626e-07
2.320760e+04  1.563220e-07
2.358300e+04  1.472389e-07
2.396440e+04  1.386809e-07
2.435200e+04  1.306179e-07
2.474590e+04  1.230207e-07
2.514620e+04  1.158630e-07
2.555290e+04  1.091201e-07
2.596620e+04  1.027663e-07
2.638610e+04  9.678143e-08
2.681290e+04  9.114193e-08
2.724660e+04  8.582882e-08
2.768730e+04  8.082289e-08
2.813510e+04  7.610760e-08
2.859020e+04  7.166470e-08
2.905260e+04  6.747905e-08
2.952250e+04  6.353632e-08
3.000000e+04  5.982153e-08
-1  -1
