30.0  -1
3.025550e+01  4.342172e-01
3.036010e+01  4.295053e-01
3.046507e+01  4.248364e-01
3.057040e+01  4.202103e-01
3.067609e+01  4.156266e-01
3.078214e+01  4.110888e-01
3.088857e+01  4.066003e-01
3.099536e+01  4.021539e-01
3.110252e+01  3.977495e-01
3.121005e+01  3.933867e-01
3.131796e+01  3.890741e-01
3.142623e+01  3.848065e-01
3.153488e+01  3.805801e-01
3.164391e+01  3.763945e-01
3.175331e+01  3.722504e-01
3.186309e+01  3.681626e-01
3.197326e+01  3.641150e-01
3.208380e+01  3.601072e-01
3.219472e+01  3.561389e-01
3.230603e+01  3.522174e-01
3.241772e+01  3.483460e-01
3.252980e+01  3.445132e-01
3.264227e+01  3.407188e-01
3.275512e+01  3.369624e-01
3.286837e+01  3.332585e-01
3.298200e+01  3.295967e-01
3.309603e+01  3.259719e-01
3.321046e+01  3.223838e-01
3.332528e+01  3.188342e-01
3.344049e+01  3.153390e-01
3.355611e+01  3.118795e-01
3.367212e+01  3.084552e-01
3.378854e+01  3.050659e-01
3.390535e+01  3.017206e-01
3.402258e+01  2.984207e-01
3.414020e+01  2.951546e-01
3.425824e+01  2.919221e-01
3.437668e+01  2.887227e-01
3.449553e+01  2.855731e-01
3.461479e+01  2.824598e-01
3.473447e+01  2.793786e-01
3.485456e+01  2.763292e-01
3.497506e+01  2.733210e-01
3.509598e+01  2.703944e-01
3.521732e+01  2.674978e-01
3.533908e+01  2.646311e-01
3.546125e+01  2.617937e-01
3.558386e+01  2.590101e-01
3.570688e+01  2.562778e-01
3.583033e+01  2.535732e-01
3.595421e+01  2.508958e-01
3.607851e+01  2.482455e-01
3.620325e+01  2.454976e-01
3.632842e+01  2.427577e-01
3.645401e+01  2.400454e-01
3.658005e+01  2.373605e-01
3.670652e+01  2.346889e-01
3.683342e+01  2.319946e-01
3.696077e+01  2.293284e-01
3.708855e+01  2.266901e-01
3.721678e+01  2.240795e-01
3.734545e+01  2.214997e-01
3.747457e+01  2.189499e-01
3.760413e+01  2.164271e-01
3.773414e+01  2.139309e-01
3.786460e+01  2.114612e-01
3.799551e+01  2.090280e-01
3.812687e+01  2.066217e-01
3.825869e+01  2.042410e-01
3.839096e+01  2.018855e-01
3.852369e+01  1.995598e-01
3.865688e+01  1.972715e-01
3.879053e+01  1.950074e-01
3.892464e+01  1.927674e-01
3.905922e+01  1.905512e-01
3.919426e+01  1.883409e-01
3.932976e+01  1.861433e-01
3.946574e+01  1.839692e-01
3.960219e+01  1.818181e-01
3.973910e+01  1.796899e-01
3.987649e+01  1.775521e-01
4.001436e+01  1.754364e-01
4.015270e+01  1.733436e-01
4.029152e+01  1.712733e-01
4.043082e+01  1.692290e-01
4.057061e+01  1.672145e-01
4.071087e+01  1.652219e-01
4.085162e+01  1.632509e-01
4.099286e+01  1.613013e-01
4.113459e+01  1.593806e-01
4.127680e+01  1.574846e-01
4.141951e+01  1.556093e-01
4.156271e+01  1.537544e-01
4.170641e+01  1.519199e-01
4.185060e+01  1.501182e-01
4.199529e+01  1.483362e-01
4.214048e+01  1.465735e-01
4.228617e+01  1.448301e-01
4.243237e+01  1.431104e-01
4.257907e+01  1.414173e-01
4.272628e+01  1.397427e-01
4.287400e+01  1.380863e-01
4.302223e+01  1.364479e-01
4.317097e+01  1.348361e-01
4.332023e+01  1.332451e-01
4.347000e+01  1.316715e-01
4.362029e+01  1.301150e-01
4.377110e+01  1.285761e-01
4.392243e+01  1.270637e-01
4.407429e+01  1.255677e-01
4.422667e+01  1.240880e-01
4.437957e+01  1.226244e-01
4.453301e+01  1.211837e-01
4.468697e+01  1.197679e-01
4.484147e+01  1.183675e-01
4.499650e+01  1.169824e-01
4.515207e+01  1.156123e-01
4.530817e+01  1.143178e-01
4.546482e+01  1.130545e-01
4.562201e+01  1.118046e-01
4.577974e+01  1.105681e-01
4.593801e+01  1.093463e-01
4.609683e+01  1.081481e-01
4.625621e+01  1.069626e-01
4.641613e+01  1.057896e-01
4.657660e+01  1.046289e-01
4.673763e+01  1.034851e-01
4.689922e+01  1.023582e-01
4.706137e+01  1.012431e-01
4.722407e+01  1.001396e-01
4.738734e+01  9.904764e-02
4.755118e+01  9.797477e-02
4.771558e+01  9.691456e-02
4.788055e+01  9.586530e-02
4.804608e+01  9.482689e-02
4.821219e+01  9.379714e-02
4.837888e+01  9.276895e-02
4.854614e+01  9.175132e-02
4.871398e+01  9.074413e-02
4.888240e+01  8.974727e-02
4.905140e+01  8.873888e-02
4.922099e+01  8.772215e-02
4.939116e+01  8.671597e-02
4.956193e+01  8.572023e-02
4.973328e+01  8.473481e-02
4.990522e+01  8.376442e-02
5.007776e+01  8.280474e-02
5.025089e+01  8.185504e-02
5.042463e+01  8.091519e-02
5.059896e+01  7.998663e-02
5.077390e+01  7.907261e-02
5.094944e+01  7.816808e-02
5.112559e+01  7.727292e-02
5.130235e+01  7.638704e-02
5.147972e+01  7.551414e-02
5.165770e+01  7.465293e-02
5.183630e+01  7.380063e-02
5.201551e+01  7.295714e-02
5.219535e+01  7.212236e-02
5.237580e+01  7.130180e-02
5.255688e+01  7.049007e-02
5.273859e+01  6.968671e-02
5.292092e+01  6.889164e-02
5.310389e+01  6.811189e-02
5.328749e+01  6.735748e-02
5.347172e+01  6.661080e-02
5.365659e+01  6.587176e-02
5.384210e+01  6.514027e-02
5.402825e+01  6.443006e-02
5.421504e+01  6.373471e-02
5.440248e+01  6.304637e-02
5.459056e+01  6.236497e-02
5.477930e+01  6.169043e-02
5.496869e+01  6.102791e-02
5.515874e+01  6.037206e-02
5.534944e+01  5.972277e-02
5.554080e+01  5.907998e-02
5.573282e+01  5.844522e-02
5.592551e+01  5.781986e-02
5.611886e+01  5.720073e-02
5.631288e+01  5.658774e-02
5.650757e+01  5.598084e-02
5.670294e+01  5.538307e-02
5.689898e+01  5.479258e-02
5.709570e+01  5.420792e-02
5.729310e+01  5.362903e-02
5.749118e+01  5.305604e-02
5.768994e+01  5.249275e-02
5.788940e+01  5.193500e-02
5.808954e+01  5.138272e-02
5.829037e+01  5.083585e-02
5.849190e+01  5.029595e-02
5.869413e+01  4.976374e-02
5.889705e+01  4.923673e-02
5.910068e+01  4.871486e-02
5.930501e+01  4.819807e-02
5.951005e+01  4.768935e-02
5.971579e+01  4.718657e-02
5.992225e+01  4.668867e-02
6.012942e+01  4.619558e-02
6.033731e+01  4.570680e-02
6.054591e+01  4.521850e-02
6.075524e+01  4.473492e-02
6.096529e+01  4.425602e-02
6.117607e+01  4.378173e-02
6.138757e+01  4.330401e-02
6.159981e+01  4.282123e-02
6.181278e+01  4.234316e-02
6.202649e+01  4.186974e-02
6.224093e+01  4.140094e-02
6.245612e+01  4.093970e-02
6.267205e+01  4.048368e-02
6.288873e+01  4.003211e-02
6.310616e+01  3.958492e-02
6.332433e+01  3.914266e-02
6.354327e+01  3.870787e-02
6.376296e+01  3.827730e-02
6.398341e+01  3.785090e-02
6.420462e+01  3.742864e-02
6.442659e+01  3.701238e-02
6.464934e+01  3.660201e-02
6.487285e+01  3.619562e-02
6.509714e+01  3.579315e-02
6.532220e+01  3.539456e-02
6.554804e+01  3.500295e-02
6.577466e+01  3.461564e-02
6.600206e+01  3.423205e-02
6.623026e+01  3.385216e-02
6.645924e+01  3.347663e-02
6.668901e+01  3.310747e-02
6.691957e+01  3.274185e-02
6.715093e+01  3.237973e-02
6.738310e+01  3.202107e-02
6.761606e+01  3.166771e-02
6.784983e+01  3.131919e-02
6.808441e+01  3.097399e-02
6.831980e+01  3.063209e-02
6.855601e+01  3.029345e-02
6.879303e+01  2.996089e-02
6.903087e+01  2.963178e-02
6.926953e+01  2.930580e-02
6.950902e+01  2.898291e-02
6.974933e+01  2.866411e-02
6.999048e+01  2.835121e-02
7.023246e+01  2.804126e-02
7.047527e+01  2.773425e-02
7.071893e+01  2.743014e-02
7.096343e+01  2.713078e-02
7.120877e+01  2.683543e-02
7.145496e+01  2.654286e-02
7.170201e+01  2.625305e-02
7.194990e+01  2.596596e-02
7.219866e+01  2.568416e-02
7.244827e+01  2.540511e-02
7.269875e+01  2.512867e-02
7.295009e+01  2.485482e-02
7.320231e+01  2.458433e-02
7.345539e+01  2.431811e-02
7.370935e+01  2.405438e-02
7.396419e+01  2.379311e-02
7.421990e+01  2.353428e-02
7.447651e+01  2.327948e-02
7.473400e+01  2.302787e-02
7.499238e+01  2.277860e-02
7.525165e+01  2.253164e-02
7.551182e+01  2.228702e-02
7.577289e+01  2.204693e-02
7.603486e+01  2.180906e-02
7.629774e+01  2.157340e-02
7.656152e+01  2.133991e-02
7.682622e+01  2.110939e-02
7.709183e+01  2.088236e-02
7.735837e+01  2.065743e-02
7.762582e+01  2.043457e-02
7.789420e+01  2.021376e-02
7.816350e+01  1.999649e-02
7.843374e+01  1.978181e-02
7.870491e+01  1.956910e-02
7.897702e+01  1.935834e-02
7.925007e+01  1.914966e-02
7.952406e+01  1.894473e-02
7.979900e+01  1.874167e-02
8.007489e+01  1.854047e-02
8.035174e+01  1.834111e-02
8.062954e+01  1.814436e-02
8.090830e+01  1.795048e-02
8.118803e+01  1.775837e-02
8.146872e+01  1.756801e-02
8.175039e+01  1.737939e-02
8.203302e+01  1.719385e-02
8.231664e+01  1.701041e-02
8.260123e+01  1.682863e-02
8.288681e+01  1.664850e-02
8.317338e+01  1.647022e-02
8.346094e+01  1.629498e-02
8.374949e+01  1.612134e-02
8.403904e+01  1.594926e-02
8.432959e+01  1.577875e-02
8.462114e+01  1.561054e-02
8.491371e+01  1.544470e-02
8.520728e+01  1.528035e-02
8.550187e+01  1.511749e-02
8.579748e+01  1.495610e-02
8.609411e+01  1.479742e-02
8.639176e+01  1.464044e-02
8.669045e+01  1.448486e-02
8.699017e+01  1.433069e-02
8.729092e+01  1.417816e-02
8.759271e+01  1.402820e-02
8.789555e+01  1.387958e-02
8.819943e+01  1.373229e-02
8.850437e+01  1.358633e-02
8.881035e+01  1.344240e-02
8.911740e+01  1.330041e-02
8.942551e+01  1.315969e-02
8.973468e+01  1.302023e-02
9.004492e+01  1.288201e-02
9.035624e+01  1.274619e-02
9.066863e+01  1.261173e-02
9.098210e+01  1.247847e-02
9.129666e+01  1.234640e-02
9.161230e+01  1.221579e-02
9.192903e+01  1.208731e-02
9.224686e+01  1.195997e-02
9.256579e+01  1.183375e-02
9.288582e+01  1.170866e-02
9.320695e+01  1.158536e-02
9.352920e+01  1.146366e-02
9.385256e+01  1.134303e-02
9.417704e+01  1.122347e-02
9.450264e+01  1.110497e-02
9.482937e+01  1.098858e-02
9.515722e+01  1.087329e-02
9.548621e+01  1.075902e-02
9.581634e+01  1.064576e-02
9.614761e+01  1.053380e-02
9.648002e+01  1.042361e-02
9.681358e+01  1.031438e-02
9.714830e+01  1.020612e-02
9.748417e+01  1.009880e-02
9.782121e+01  9.991611e-03
9.815941e+01  9.884900e-03
9.849878e+01  9.779128e-03
9.883932e+01  9.674286e-03
9.918104e+01  9.570366e-03
9.952394e+01  9.462525e-03
9.986803e+01  9.355577e-03
1.002133e+02  9.249582e-03
1.005598e+02  9.144533e-03
1.009074e+02  9.040842e-03
1.012563e+02  8.938901e-03
1.016064e+02  8.837867e-03
1.019577e+02  8.737732e-03
1.023102e+02  8.638489e-03
1.026639e+02  8.540977e-03
1.030188e+02  8.444713e-03
1.033750e+02  8.349303e-03
1.037324e+02  8.254741e-03
1.040910e+02  8.161064e-03
1.044509e+02  8.069300e-03
1.048120e+02  7.978350e-03
1.051744e+02  7.888206e-03
1.055380e+02  7.798861e-03
1.059029e+02  7.710743e-03
1.062691e+02  7.624079e-03
1.066365e+02  7.538181e-03
1.070051e+02  7.453043e-03
1.073751e+02  7.368657e-03
1.077463e+02  7.285778e-03
1.081188e+02  7.203893e-03
1.084926e+02  7.122731e-03
1.088677e+02  7.042286e-03
1.092441e+02  6.962643e-03
1.096218e+02  6.884595e-03
1.100008e+02  6.807235e-03
1.103811e+02  6.730556e-03
1.107627e+02  6.654552e-03
1.111457e+02  6.579637e-03
1.115300e+02  6.505898e-03
1.119156e+02  6.432808e-03
1.123025e+02  6.360360e-03
1.126907e+02  6.288548e-03
1.130804e+02  6.218072e-03
1.134713e+02  6.148392e-03
1.138636e+02  6.079323e-03
1.142573e+02  6.010860e-03
1.146523e+02  5.943123e-03
1.150487e+02  5.876704e-03
1.154465e+02  5.810866e-03
1.158456e+02  5.745604e-03
1.162461e+02  5.680913e-03
1.166480e+02  5.617181e-03
1.170513e+02  5.554403e-03
1.174560e+02  5.492172e-03
1.178621e+02  5.430485e-03
1.182696e+02  5.369337e-03
1.186785e+02  5.309368e-03
1.190888e+02  5.250034e-03
1.195005e+02  5.191218e-03
1.199136e+02  5.132914e-03
1.203282e+02  5.075264e-03
1.207442e+02  5.018692e-03
1.211617e+02  4.962611e-03
1.215806e+02  4.907019e-03
1.220009e+02  4.851910e-03
1.224227e+02  4.797655e-03
1.228460e+02  4.744174e-03
1.232707e+02  4.691158e-03
1.236969e+02  4.638602e-03
1.241245e+02  4.586502e-03
1.245537e+02  4.535434e-03
1.249843e+02  4.484869e-03
1.254164e+02  4.434743e-03
1.258500e+02  4.385052e-03
1.262851e+02  4.335944e-03
1.267217e+02  4.287709e-03
1.271599e+02  4.239892e-03
1.275995e+02  4.192489e-03
1.280406e+02  4.145496e-03
1.284833e+02  4.099270e-03
1.289275e+02  4.053677e-03
1.293733e+02  4.008477e-03
1.298206e+02  3.963668e-03
1.302694e+02  3.919246e-03
1.307198e+02  3.875740e-03
1.311717e+02  3.832632e-03
1.316252e+02  3.789896e-03
1.320803e+02  3.747529e-03
1.325369e+02  3.705454e-03
1.329952e+02  3.663578e-03
1.334550e+02  3.622065e-03
1.339164e+02  3.580910e-03
1.343794e+02  3.540111e-03
1.348439e+02  3.500369e-03
1.353101e+02  3.461332e-03
1.357780e+02  3.422631e-03
1.362474e+02  3.384263e-03
1.367184e+02  3.346230e-03
1.371911e+02  3.309000e-03
1.376654e+02  3.272090e-03
1.381414e+02  3.235497e-03
1.386190e+02  3.199218e-03
1.390982e+02  3.163417e-03
1.395791e+02  3.128216e-03
1.400617e+02  3.093316e-03
1.405460e+02  3.058716e-03
1.410319e+02  3.024412e-03
1.415195e+02  2.990719e-03
1.420087e+02  2.957440e-03
1.424997e+02  2.924447e-03
1.429924e+02  2.891736e-03
1.434868e+02  2.859330e-03
1.439828e+02  2.827583e-03
1.444806e+02  2.796108e-03
1.449801e+02  2.764901e-03
1.454814e+02  2.733962e-03
1.459844e+02  2.703450e-03
1.464891e+02  2.673431e-03
1.469955e+02  2.643667e-03
1.475038e+02  2.614157e-03
1.480137e+02  2.584900e-03
1.485255e+02  2.556177e-03
1.490390e+02  2.527786e-03
1.495542e+02  2.499637e-03
1.500713e+02  2.471728e-03
1.505901e+02  2.444098e-03
1.511108e+02  2.417011e-03
1.516332e+02  2.390155e-03
1.521575e+02  2.363527e-03
1.526835e+02  2.337127e-03
1.532114e+02  2.311112e-03
1.537411e+02  2.285500e-03
1.542726e+02  2.260106e-03
1.548060e+02  2.234929e-03
1.553412e+02  2.209965e-03
1.558783e+02  2.185468e-03
1.564172e+02  2.161237e-03
1.569580e+02  2.137211e-03
1.575006e+02  2.113389e-03
1.580452e+02  2.089820e-03
1.585916e+02  2.066703e-03
1.591399e+02  2.043781e-03
1.596901e+02  2.021054e-03
1.602422e+02  1.998519e-03
1.607962e+02  1.976325e-03
1.613521e+02  1.954455e-03
1.619100e+02  1.932770e-03
1.624697e+02  1.911268e-03
1.630315e+02  1.889949e-03
1.635951e+02  1.869052e-03
1.641607e+02  1.848366e-03
1.647283e+02  1.827855e-03
1.652978e+02  1.807518e-03
1.658693e+02  1.787409e-03
1.664427e+02  1.767663e-03
1.670182e+02  1.748084e-03
1.675956e+02  1.728671e-03
1.681751e+02  1.709421e-03
1.687565e+02  1.690476e-03
1.693399e+02  1.671796e-03
1.699254e+02  1.653273e-03
1.705129e+02  1.634906e-03
1.711024e+02  1.616694e-03
1.716940e+02  1.598853e-03
1.722876e+02  1.581180e-03
1.728832e+02  1.563655e-03
1.734809e+02  1.546278e-03
1.740807e+02  1.529108e-03
1.746826e+02  1.512241e-03
1.752865e+02  1.495515e-03
1.758925e+02  1.478930e-03
1.765006e+02  1.462485e-03
1.771109e+02  1.446313e-03
1.777232e+02  1.430355e-03
1.783376e+02  1.414532e-03
1.789542e+02  1.398842e-03
1.795729e+02  1.383284e-03
1.801938e+02  1.367437e-03
1.808167e+02  1.351716e-03
1.814419e+02  1.336128e-03
1.820692e+02  1.320672e-03
1.826987e+02  1.304973e-03
1.833303e+02  1.288648e-03
1.839641e+02  1.272464e-03
1.846002e+02  1.256421e-03
1.852384e+02  1.240517e-03
1.858788e+02  1.224445e-03
1.865215e+02  1.208372e-03
1.871663e+02  1.192440e-03
1.878134e+02  1.176647e-03
1.884628e+02  1.161002e-03
1.891143e+02  1.145791e-03
1.897682e+02  1.130713e-03
1.904242e+02  1.115766e-03
1.910826e+02  1.100951e-03
1.917432e+02  1.086385e-03
1.924062e+02  1.072136e-03
1.930714e+02  1.058012e-03
1.937389e+02  1.044011e-03
1.944087e+02  1.030133e-03
1.950808e+02  1.016587e-03
1.957553e+02  1.003235e-03
1.964321e+02  9.900005e-04
1.971112e+02  9.768811e-04
1.977927e+02  9.638999e-04
1.984765e+02  9.512792e-04
1.991627e+02  9.387686e-04
1.998513e+02  9.263671e-04
2.005422e+02  9.140740e-04
2.012356e+02  9.020000e-04
2.019313e+02  8.901744e-04
2.026295e+02  8.784519e-04
2.033300e+02  8.668316e-04
2.040330e+02  8.553128e-04
2.047384e+02  8.440845e-04
2.054463e+02  8.330049e-04
2.061565e+02  8.220217e-04
2.068693e+02  8.111343e-04
2.075845e+02  8.003731e-04
2.083022e+02  7.898981e-04
2.090224e+02  7.795142e-04
2.097450e+02  7.692208e-04
2.104702e+02  7.590171e-04
2.111978e+02  7.490076e-04
2.119280e+02  7.391937e-04
2.126607e+02  7.294651e-04
2.133960e+02  7.198213e-04
2.141337e+02  7.102615e-04
2.148741e+02  7.009512e-04
2.156170e+02  6.917531e-04
2.163624e+02  6.826350e-04
2.171105e+02  6.735962e-04
2.178611e+02  6.646810e-04
2.186143e+02  6.560293e-04
2.193701e+02  6.474527e-04
2.201286e+02  6.389506e-04
2.208896e+02  6.305224e-04
2.216533e+02  6.223096e-04
2.224196e+02  6.142861e-04
2.231886e+02  6.063320e-04
2.239602e+02  5.984469e-04
2.247345e+02  5.906302e-04
2.255115e+02  5.830211e-04
2.262912e+02  5.754942e-04
2.270736e+02  5.680324e-04
2.278586e+02  5.606353e-04
2.286464e+02  5.533388e-04
2.294369e+02  5.462160e-04
2.302301e+02  5.391549e-04
2.310261e+02  5.321550e-04
2.318249e+02  5.252156e-04
2.326264e+02  5.184197e-04
2.334306e+02  5.117382e-04
2.342377e+02  5.051146e-04
2.350475e+02  4.985483e-04
2.358601e+02  4.920389e-04
2.366756e+02  4.857849e-04
2.374938e+02  4.795956e-04
2.383149e+02  4.734597e-04
2.391389e+02  4.673767e-04
2.399657e+02  4.614664e-04
2.407953e+02  4.558850e-04
2.416278e+02  4.503511e-04
2.424632e+02  4.448645e-04
2.433015e+02  4.394248e-04
2.441426e+02  4.340308e-04
2.449867e+02  4.286825e-04
2.458337e+02  4.233800e-04
2.466836e+02  4.181229e-04
2.475365e+02  4.129105e-04
2.483923e+02  4.075110e-04
2.492511e+02  4.021583e-04
2.501128e+02  3.968522e-04
2.509776e+02  3.915921e-04
2.518453e+02  3.864178e-04
2.527160e+02  3.813613e-04
2.535897e+02  3.763486e-04
2.544664e+02  3.713795e-04
2.553462e+02  3.664537e-04
2.562290e+02  3.616437e-04
2.571149e+02  3.569061e-04
2.580038e+02  3.522096e-04
2.588958e+02  3.475540e-04
2.597909e+02  3.429443e-04
2.606891e+02  3.384666e-04
2.615904e+02  3.340278e-04
2.624948e+02  3.296276e-04
2.634023e+02  3.252658e-04
2.643130e+02  3.209785e-04
2.652268e+02  3.167819e-04
2.661438e+02  3.126218e-04
2.670639e+02  3.084980e-04
2.679873e+02  3.044101e-04
2.689138e+02  3.004199e-04
2.698435e+02  2.964842e-04
2.707764e+02  2.925829e-04
2.717126e+02  2.887157e-04
2.726520e+02  2.848892e-04
2.735946e+02  2.811511e-04
2.745405e+02  2.774460e-04
2.754897e+02  2.737736e-04
2.764422e+02  2.701336e-04
2.773979e+02  2.665414e-04
2.783570e+02  2.629997e-04
2.793194e+02  2.594902e-04
2.802851e+02  2.560125e-04
2.812541e+02  2.525663e-04
2.822265e+02  2.489577e-04
2.832022e+02  2.453450e-04
2.841813e+02  1.246716e-03
2.851639e+02  2.688239e-03
2.861498e+02  2.662898e-03
2.871391e+02  2.634269e-03
2.881318e+02  2.605855e-03
2.891280e+02  2.577655e-03
2.901276e+02  2.549667e-03
2.911306e+02  2.521851e-03
2.921372e+02  2.494215e-03
2.931472e+02  2.466799e-03
2.941607e+02  2.439600e-03
2.951777e+02  2.412618e-03
2.961982e+02  2.386069e-03
2.972223e+02  2.359767e-03
2.982499e+02  2.333677e-03
2.992810e+02  2.307797e-03
3.003157e+02  2.282190e-03
3.013540e+02  2.257020e-03
3.023959e+02  2.232054e-03
3.034414e+02  2.207291e-03
3.044905e+02  2.182729e-03
3.055432e+02  2.158541e-03
3.065996e+02  2.134682e-03
3.076596e+02  2.111018e-03
3.087233e+02  2.087546e-03
3.097906e+02  2.064266e-03
3.108617e+02  2.041445e-03
3.119364e+02  2.018835e-03
3.130149e+02  1.996408e-03
3.140971e+02  1.974166e-03
3.151830e+02  1.952182e-03
3.162727e+02  1.930587e-03
3.173662e+02  1.909168e-03
3.184634e+02  1.887925e-03
3.195644e+02  1.866856e-03
3.206693e+02  1.846130e-03
3.217779e+02  1.825679e-03
3.228904e+02  1.805395e-03
3.240068e+02  1.785278e-03
3.251270e+02  1.765325e-03
3.262510e+02  1.745795e-03
3.273790e+02  1.726432e-03
3.285108e+02  1.707228e-03
3.296466e+02  1.688182e-03
3.307863e+02  1.669373e-03
3.319299e+02  1.650885e-03
3.330775e+02  1.632549e-03
3.342291e+02  1.614364e-03
3.353846e+02  1.596328e-03
3.365442e+02  1.578602e-03
3.377077e+02  1.561099e-03
3.388753e+02  1.543739e-03
3.400469e+02  1.526522e-03
3.412225e+02  1.509453e-03
3.424022e+02  1.492747e-03
3.435860e+02  1.476179e-03
3.447739e+02  1.459746e-03
3.459659e+02  1.443449e-03
3.471620e+02  1.427368e-03
3.483623e+02  1.411553e-03
3.495667e+02  1.395868e-03
3.507753e+02  1.380312e-03
3.519880e+02  1.364885e-03
3.532049e+02  1.349734e-03
3.544261e+02  1.334763e-03
3.556515e+02  1.319916e-03
3.568811e+02  1.305191e-03
3.581149e+02  1.290602e-03
3.593530e+02  1.276313e-03
3.605954e+02  1.262142e-03
3.618421e+02  1.248087e-03
3.630931e+02  1.234148e-03
3.643485e+02  1.220404e-03
3.656081e+02  1.206878e-03
3.668722e+02  1.193464e-03
3.681406e+02  1.180160e-03
3.694133e+02  1.166965e-03
3.706905e+02  1.154018e-03
3.719721e+02  1.141216e-03
3.732581e+02  1.128519e-03
3.745486e+02  1.115927e-03
3.758436e+02  1.103387e-03
3.771430e+02  1.090615e-03
3.784469e+02  1.077950e-03
3.797553e+02  1.065390e-03
3.810682e+02  1.052935e-03
3.823857e+02  1.040515e-03
3.837077e+02  1.028126e-03
3.850343e+02  1.015841e-03
3.863655e+02  1.003658e-03
3.877013e+02  9.915784e-04
3.890417e+02  9.797616e-04
3.903868e+02  9.680755e-04
3.917365e+02  9.564874e-04
3.930908e+02  9.449964e-04
3.944499e+02  9.336370e-04
3.958136e+02  9.225260e-04
3.971821e+02  9.115081e-04
3.985553e+02  9.005825e-04
3.999332e+02  8.897486e-04
4.013159e+02  8.791013e-04
4.027034e+02  8.686255e-04
4.040957e+02  8.582375e-04
4.054927e+02  8.479366e-04
4.068947e+02  8.377220e-04
4.083014e+02  8.277433e-04
4.097131e+02  8.178670e-04
4.111296e+02  8.080735e-04
4.125510e+02  7.983621e-04
4.139773e+02  7.887709e-04
4.154086e+02  7.793823e-04
4.168448e+02  7.700723e-04
4.182859e+02  7.608403e-04
4.197321e+02  7.516858e-04
4.211832e+02  7.426972e-04
4.226394e+02  7.338454e-04
4.241006e+02  7.250678e-04
4.255669e+02  7.163637e-04
4.270382e+02  7.077327e-04
4.285146e+02  6.993090e-04
4.299961e+02  6.909642e-04
4.314827e+02  6.826892e-04
4.329745e+02  6.744837e-04
4.344715e+02  6.663869e-04
4.359736e+02  6.584538e-04
4.374809e+02  6.505870e-04
4.389934e+02  6.427862e-04
4.405111e+02  6.350508e-04
4.420341e+02  6.274630e-04
4.435624e+02  6.199841e-04
4.450959e+02  6.125679e-04
4.466347e+02  6.052138e-04
4.481789e+02  5.979214e-04
4.497284e+02  5.908108e-04
4.512833e+02  5.837602e-04
4.528435e+02  5.767687e-04
4.544091e+02  5.698358e-04
4.559802e+02  5.630012e-04
4.575566e+02  5.562991e-04
4.591386e+02  5.496531e-04
4.607260e+02  5.430628e-04
4.623188e+02  5.365277e-04
4.639172e+02  5.301227e-04
4.655211e+02  5.238038e-04
4.671306e+02  5.175378e-04
4.687456e+02  5.113244e-04
4.703662e+02  5.051681e-04
4.719924e+02  4.991610e-04
4.736243e+02  4.932042e-04
4.752617e+02  4.872974e-04
4.769049e+02  4.814400e-04
4.785537e+02  4.756689e-04
4.802082e+02  4.700015e-04
4.818684e+02  4.643815e-04
4.835344e+02  4.588087e-04
4.852062e+02  4.532826e-04
4.868837e+02  4.478206e-04
4.885670e+02  4.424104e-04
4.902561e+02  4.370456e-04
4.919511e+02  4.317259e-04
4.936519e+02  4.264602e-04
4.953586e+02  4.213201e-04
4.970713e+02  4.162232e-04
4.987898e+02  4.111691e-04
5.005143e+02  4.061575e-04
5.022447e+02  4.012269e-04
5.039811e+02  3.963840e-04
5.057236e+02  3.915819e-04
5.074720e+02  3.868202e-04
5.092265e+02  3.820985e-04
5.109871e+02  3.774817e-04
5.127537e+02  3.729194e-04
5.145265e+02  3.683955e-04
5.163054e+02  3.639096e-04
5.180904e+02  3.594733e-04
5.198816e+02  3.551382e-04
5.216790e+02  3.508394e-04
5.234826e+02  3.465769e-04
5.252925e+02  3.423502e-04
5.271086e+02  3.381946e-04
5.289310e+02  3.341081e-04
5.307597e+02  3.300561e-04
5.325947e+02  3.260382e-04
5.344360e+02  3.220542e-04
5.362837e+02  3.181319e-04
5.381378e+02  3.142481e-04
5.399984e+02  3.103979e-04
5.418653e+02  3.065811e-04
5.437387e+02  5.822617e-04
5.456186e+02  5.753728e-04
5.475050e+02  5.685400e-04
5.493979e+02  5.617628e-04
5.512973e+02  5.550409e-04
5.532033e+02  5.484122e-04
5.551160e+02  5.418683e-04
5.570352e+02  5.353790e-04
5.589610e+02  5.289436e-04
5.608935e+02  5.225620e-04
5.628327e+02  5.163321e-04
5.647786e+02  5.101636e-04
5.667312e+02  5.040467e-04
5.686906e+02  4.979808e-04
5.706568e+02  4.920009e-04
5.726297e+02  4.861695e-04
5.746095e+02  4.803868e-04
5.765961e+02  4.746522e-04
5.785896e+02  4.689656e-04
5.805899e+02  4.633890e-04
5.825972e+02  4.578983e-04
5.846115e+02  4.524532e-04
5.866327e+02  4.470536e-04
5.886608e+02  4.416991e-04
5.906960e+02  4.364786e-04
5.927383e+02  4.313048e-04
5.947875e+02  4.261742e-04
5.968439e+02  4.210863e-04
5.989074e+02  4.160670e-04
6.009780e+02  4.111456e-04
6.030558e+02  4.062653e-04
6.051408e+02  4.014256e-04
6.072329e+02  3.966263e-04
6.093323e+02  3.919194e-04
6.114390e+02  3.872777e-04
6.135529e+02  3.826746e-04
6.156742e+02  3.781100e-04
6.178028e+02  3.735848e-04
6.199387e+02  3.691664e-04
6.220820e+02  3.647849e-04
6.242328e+02  3.604399e-04
6.263910e+02  3.561311e-04
6.285566e+02  3.518708e-04
6.307297e+02  3.476671e-04
6.329104e+02  3.434985e-04
6.350985e+02  3.393648e-04
6.372943e+02  3.352656e-04
6.394976e+02  3.312129e-04
6.417086e+02  3.271988e-04
6.439272e+02  3.232184e-04
6.461534e+02  3.192714e-04
6.483874e+02  3.153601e-04
6.506291e+02  3.115151e-04
6.528785e+02  3.077024e-04
6.551357e+02  3.039218e-04
6.574007e+02  3.001730e-04
6.596736e+02  2.964838e-04
6.619543e+02  2.928638e-04
6.642429e+02  2.892741e-04
6.665394e+02  2.857147e-04
6.688438e+02  2.821852e-04
6.711563e+02  2.788198e-04
6.734767e+02  2.755215e-04
6.758051e+02  2.722507e-04
6.781416e+02  2.690072e-04
6.804861e+02  2.658084e-04
6.828388e+02  2.627582e-04
6.851996e+02  2.597333e-04
6.875685e+02  2.567334e-04
6.899457e+02  2.537584e-04
6.923311e+02  2.508393e-04
6.947247e+02  2.479786e-04
6.971266e+02  2.451415e-04
6.995368e+02  2.423279e-04
7.019553e+02  2.395375e-04
7.043822e+02  2.366946e-04
7.068174e+02  2.338598e-04
7.092611e+02  2.310487e-04
7.117133e+02  2.282611e-04
7.141739e+02  2.254898e-04
7.166430e+02  2.227092e-04
7.191207e+02  2.199521e-04
7.216070e+02  2.172182e-04
7.241018e+02  2.145073e-04
7.266052e+02  2.118466e-04
7.291173e+02  2.092324e-04
7.316381e+02  2.066402e-04
7.341677e+02  2.040698e-04
7.367059e+02  2.015211e-04
7.392529e+02  1.990348e-04
7.418088e+02  1.965749e-04
7.443735e+02  1.941357e-04
7.469470e+02  1.917171e-04
7.495294e+02  1.893291e-04
7.521208e+02  1.869946e-04
7.547211e+02  1.846797e-04
7.573304e+02  1.823844e-04
7.599488e+02  1.801084e-04
7.625762e+02  1.778731e-04
7.652127e+02  1.756718e-04
7.678582e+02  1.734892e-04
7.705130e+02  1.713249e-04
7.731769e+02  1.691789e-04
7.758500e+02  1.670731e-04
7.785324e+02  1.649866e-04
7.812240e+02  1.629177e-04
7.839250e+02  1.608663e-04
7.866353e+02  1.588397e-04
7.893549e+02  1.568486e-04
7.920840e+02  1.548744e-04
7.948225e+02  1.529168e-04
7.975704e+02  1.509758e-04
8.003279e+02  1.490748e-04
8.030949e+02  1.472033e-04
8.058714e+02  1.453475e-04
8.086576e+02  1.435075e-04
8.114534e+02  1.416830e-04
8.142588e+02  1.399088e-04
8.170740e+02  1.381499e-04
8.198989e+02  1.364059e-04
8.227336e+02  1.346767e-04
8.255780e+02  1.329734e-04
8.284323e+02  1.313064e-04
8.312965e+02  1.296534e-04
8.341705e+02  1.280144e-04
8.370545e+02  1.263893e-04
8.399485e+02  1.248058e-04
8.428525e+02  1.232480e-04
8.457665e+02  1.217034e-04
8.486906e+02  1.201718e-04
8.516248e+02  1.186547e-04
8.545691e+02  1.171869e-04
8.575236e+02  1.157314e-04
8.604884e+02  1.142882e-04
8.634634e+02  1.128572e-04
8.664486e+02  1.114519e-04
8.694442e+02  1.100792e-04
8.724502e+02  1.087181e-04
8.754665e+02  1.073684e-04
8.784933e+02  1.060301e-04
8.815305e+02  1.047215e-04
8.845783e+02  1.034302e-04
8.876366e+02  1.021498e-04
8.907054e+02  1.008802e-04
8.937849e+02  9.962345e-05
8.968750e+02  9.839831e-05
8.999758e+02  9.718348e-05
9.030873e+02  9.597887e-05
9.062095e+02  9.478441e-05
9.093426e+02  9.360982e-05
9.124865e+02  9.245722e-05
9.156413e+02  9.131432e-05
9.188069e+02  9.018104e-05
9.219835e+02  8.905730e-05
9.251711e+02  8.794305e-05
9.283698e+02  8.683821e-05
9.315794e+02  8.574270e-05
9.348002e+02  8.465645e-05
9.380321e+02  8.358179e-05
9.412752e+02  8.252985e-05
9.445295e+02  8.148679e-05
9.477950e+02  8.045256e-05
9.510719e+02  7.942709e-05
9.543600e+02  7.841830e-05
9.576596e+02  7.742602e-05
9.609705e+02  7.644213e-05
9.642929e+02  7.546657e-05
9.676268e+02  7.449929e-05
9.709722e+02  7.355615e-05
9.743292e+02  7.262376e-05
9.776977e+02  7.169927e-05
9.810779e+02  7.078261e-05
9.844698e+02  6.987746e-05
9.878735e+02  6.899465e-05
9.912889e+02  6.811931e-05
9.947161e+02  6.725138e-05
9.981551e+02  6.639080e-05
1.001606e+03  6.554714e-05
1.005069e+03  6.471836e-05
1.008544e+03  6.389658e-05
1.012031e+03  6.308177e-05
1.015530e+03  6.227386e-05
1.019041e+03  6.149066e-05
1.022564e+03  6.071592e-05
1.026099e+03  5.994774e-05
1.029647e+03  5.918605e-05
1.033207e+03  5.843336e-05
1.036779e+03  5.769439e-05
1.040363e+03  5.696167e-05
1.043960e+03  5.623515e-05
1.047569e+03  5.551479e-05
1.051191e+03  5.480613e-05
1.054825e+03  5.410706e-05
1.058472e+03  5.341392e-05
1.062132e+03  5.272665e-05
1.065804e+03  5.204523e-05
1.069489e+03  5.138275e-05
1.073186e+03  5.072646e-05
1.076897e+03  5.007574e-05
1.080620e+03  4.943054e-05
1.084356e+03  4.879476e-05
1.088105e+03  4.817317e-05
1.091867e+03  4.755684e-05
1.095642e+03  4.694574e-05
1.099430e+03  4.633982e-05
1.103231e+03  4.574691e-05
1.107045e+03  4.516304e-05
1.110872e+03  4.458412e-05
1.114713e+03  4.401011e-05
1.118567e+03  4.344112e-05
1.122434e+03  4.288855e-05
1.126315e+03  4.234065e-05
1.130209e+03  4.179740e-05
1.134116e+03  4.125875e-05
1.138037e+03  4.072862e-05
1.141972e+03  4.020984e-05
1.145920e+03  3.969546e-05
1.149882e+03  3.918543e-05
1.153858e+03  3.867974e-05
1.157847e+03  3.818545e-05
1.161850e+03  3.769820e-05
1.165867e+03  3.721508e-05
1.169898e+03  3.673606e-05
1.173942e+03  3.626173e-05
1.178001e+03  3.580038e-05
1.182074e+03  3.534295e-05
1.186160e+03  3.488939e-05
1.190261e+03  3.443968e-05
1.194377e+03  3.399753e-05
1.198506e+03  3.356434e-05
1.202650e+03  3.313482e-05
1.206807e+03  3.270894e-05
1.210980e+03  3.228668e-05
1.215167e+03  3.187446e-05
1.219368e+03  3.146767e-05
1.223584e+03  3.106433e-05
1.227814e+03  3.066441e-05
1.232059e+03  3.026868e-05
1.236318e+03  2.988213e-05
1.240593e+03  2.949885e-05
1.244882e+03  2.911882e-05
1.249186e+03  2.874202e-05
1.253505e+03  2.837132e-05
1.257838e+03  2.800703e-05
1.262187e+03  2.764582e-05
1.266551e+03  2.728768e-05
1.270930e+03  2.693258e-05
1.275324e+03  2.658493e-05
1.279733e+03  2.624120e-05
1.284158e+03  2.590038e-05
1.288597e+03  2.556247e-05
1.293052e+03  2.522864e-05
1.297523e+03  2.490347e-05
1.302009e+03  2.458106e-05
1.306510e+03  2.426139e-05
1.311027e+03  2.394444e-05
1.315560e+03  2.363362e-05
1.320108e+03  2.332855e-05
1.324672e+03  2.302608e-05
1.329252e+03  2.272617e-05
1.333848e+03  2.242882e-05
1.338459e+03  2.213934e-05
1.343087e+03  2.185308e-05
1.347730e+03  2.156925e-05
1.352390e+03  2.128784e-05
1.357066e+03  2.101014e-05
1.361757e+03  2.073934e-05
1.366466e+03  2.047085e-05
1.371190e+03  2.020463e-05
1.375930e+03  1.994068e-05
1.380688e+03  1.968211e-05
1.385461e+03  1.942803e-05
1.390251e+03  1.917611e-05
1.395058e+03  1.892633e-05
1.399881e+03  1.867868e-05
1.404721e+03  1.843782e-05
1.409577e+03  1.819938e-05
1.414450e+03  1.796296e-05
1.419341e+03  1.772855e-05
1.424248e+03  1.749749e-05
1.429172e+03  1.727192e-05
1.434113e+03  1.704825e-05
1.439071e+03  1.682649e-05
1.444047e+03  1.660662e-05
1.449039e+03  1.639135e-05
1.454049e+03  1.617951e-05
1.459076e+03  1.596947e-05
1.464121e+03  1.576121e-05
1.469182e+03  1.555472e-05
1.474262e+03  1.535380e-05
1.479359e+03  1.515466e-05
1.484474e+03  1.495720e-05
1.489606e+03  1.476143e-05
1.494756e+03  1.456825e-05
1.499924e+03  1.437856e-05
1.505109e+03  1.419048e-05
1.510313e+03  1.400401e-05
1.515535e+03  1.381912e-05
1.520774e+03  1.363839e-05
1.526032e+03  1.346038e-05
1.531308e+03  1.328388e-05
1.536603e+03  1.310889e-05
1.541915e+03  1.293553e-05
1.547246e+03  1.276724e-05
1.552595e+03  1.260039e-05
1.557963e+03  1.243496e-05
1.563350e+03  1.227094e-05
1.568755e+03  1.210963e-05
1.574178e+03  1.195177e-05
1.579621e+03  1.179525e-05
1.585082e+03  1.164007e-05
1.590562e+03  1.148621e-05
1.596061e+03  1.133607e-05
1.601579e+03  1.118807e-05
1.607116e+03  1.104132e-05
1.612673e+03  1.089583e-05
1.618248e+03  1.075184e-05
1.623843e+03  1.061190e-05
1.629457e+03  1.047314e-05
1.635091e+03  1.033557e-05
1.640744e+03  1.019917e-05
1.646416e+03  1.006519e-05
1.652109e+03  9.933965e-06
1.657821e+03  9.803851e-06
1.663552e+03  9.674846e-06
1.669304e+03  9.546940e-06
1.675075e+03  9.422270e-06
1.680866e+03  9.299225e-06
1.686678e+03  9.177227e-06
1.692509e+03  9.056269e-06
1.698360e+03  8.936707e-06
1.704232e+03  8.820363e-06
1.710124e+03  8.705008e-06
1.716037e+03  8.590635e-06
1.721970e+03  8.477237e-06
1.727923e+03  8.365705e-06
1.733897e+03  8.256045e-06
1.739892e+03  8.147319e-06
1.745907e+03  8.039520e-06
1.751943e+03  7.932642e-06
1.758000e+03  7.828456e-06
1.764078e+03  7.725487e-06
1.770177e+03  7.623395e-06
1.776297e+03  7.522175e-06
1.782439e+03  7.422219e-06
1.788601e+03  7.324759e-06
1.794785e+03  7.228129e-06
1.800990e+03  7.132324e-06
1.807217e+03  7.037336e-06
1.813465e+03  6.944278e-06
1.819734e+03  6.852938e-06
1.826026e+03  6.762376e-06
1.832339e+03  6.672587e-06
1.838674e+03  6.583565e-06
1.845031e+03  6.497045e-06
1.851410e+03  6.411459e-06
1.857811e+03  6.326603e-06
1.864234e+03  6.242471e-06
1.870679e+03  6.159511e-06
1.877147e+03  6.078618e-06
1.883637e+03  5.998414e-06
1.890149e+03  5.918895e-06
1.896684e+03  5.840054e-06
1.903241e+03  5.762911e-06
1.909821e+03  5.687102e-06
1.916424e+03  5.611941e-06
1.923050e+03  5.537420e-06
1.929699e+03  5.463536e-06
1.936370e+03  5.391810e-06
1.943065e+03  5.320772e-06
1.949783e+03  5.250340e-06
1.956524e+03  5.180509e-06
1.963288e+03  5.111730e-06
1.970076e+03  5.044582e-06
1.976887e+03  4.978006e-06
1.983722e+03  4.911997e-06
1.990580e+03  4.846553e-06
1.997462e+03  4.782826e-06
2.004368e+03  4.720252e-06
2.011298e+03  4.658211e-06
2.018251e+03  4.596699e-06
2.025229e+03  4.535715e-06
2.032231e+03  4.476012e-06
2.039257e+03  4.416818e-06
2.046308e+03  4.358129e-06
2.053382e+03  4.299942e-06
2.060481e+03  4.242686e-06
2.067605e+03  4.186701e-06
2.074754e+03  4.131194e-06
2.081927e+03  4.076160e-06
2.089125e+03  4.021597e-06
2.096347e+03  3.968316e-06
2.103595e+03  3.915827e-06
2.110868e+03  3.863785e-06
2.118166e+03  3.812189e-06
2.125489e+03  3.761097e-06
2.132838e+03  3.711470e-06
2.140212e+03  3.662267e-06
2.147611e+03  3.613484e-06
2.155036e+03  3.565117e-06
2.162487e+03  3.517585e-06
2.169963e+03  3.471060e-06
2.177465e+03  3.424932e-06
2.184993e+03  3.379199e-06
2.192548e+03  3.333856e-06
2.200128e+03  3.289631e-06
2.207735e+03  3.246012e-06
2.215367e+03  3.202766e-06
2.223027e+03  3.159889e-06
2.230712e+03  3.117483e-06
2.238425e+03  3.076250e-06
2.246164e+03  3.035370e-06
2.253929e+03  2.994839e-06
2.261722e+03  2.954654e-06
2.269542e+03  2.915207e-06
2.277388e+03  2.876552e-06
2.285262e+03  2.838227e-06
2.293163e+03  2.800229e-06
2.301091e+03  2.762556e-06
2.309046e+03  2.725866e-06
2.317030e+03  2.689639e-06
2.325040e+03  2.653721e-06
2.333079e+03  2.618111e-06
2.341145e+03  2.582930e-06
2.349239e+03  2.548675e-06
2.357361e+03  2.514712e-06
2.365511e+03  2.481039e-06
2.373690e+03  2.447655e-06
2.381896e+03  2.414929e-06
2.390131e+03  2.382831e-06
2.398395e+03  2.351008e-06
2.406687e+03  2.319456e-06
2.415007e+03  2.288174e-06
2.423357e+03  2.257743e-06
2.431735e+03  2.227660e-06
2.440143e+03  2.197834e-06
2.448579e+03  2.168264e-06
2.457044e+03  2.139085e-06
2.465539e+03  2.110652e-06
2.474063e+03  2.082461e-06
2.482617e+03  2.054511e-06
2.491200e+03  2.026801e-06
2.499813e+03  1.999666e-06
2.508456e+03  1.973017e-06
2.517128e+03  1.946595e-06
2.525831e+03  1.920400e-06
2.534564e+03  1.894429e-06
2.543326e+03  1.869200e-06
2.552119e+03  1.844232e-06
2.560943e+03  1.819477e-06
2.569797e+03  1.794934e-06
2.578682e+03  1.770744e-06
2.587597e+03  1.747139e-06
2.596543e+03  1.723737e-06
2.605520e+03  1.700534e-06
2.614528e+03  1.677530e-06
2.623568e+03  1.655041e-06
2.632638e+03  1.632935e-06
2.641740e+03  1.611018e-06
2.650873e+03  1.589289e-06
2.660038e+03  1.567746e-06
2.669235e+03  1.546830e-06
2.678463e+03  1.526105e-06
2.687724e+03  1.505557e-06
2.697016e+03  1.485185e-06
2.706341e+03  1.465133e-06
2.715697e+03  1.445550e-06
2.725086e+03  1.426135e-06
2.734508e+03  1.406886e-06
2.743962e+03  1.387803e-06
2.753449e+03  1.369165e-06
2.762968e+03  1.350822e-06
2.772521e+03  1.332637e-06
2.782106e+03  1.314606e-06
2.791725e+03  1.296742e-06
2.801377e+03  1.279416e-06
2.811062e+03  1.262238e-06
2.820781e+03  1.245208e-06
2.830533e+03  1.228323e-06
2.840319e+03  1.211716e-06
2.850139e+03  1.195468e-06
2.859993e+03  1.179359e-06
2.869881e+03  1.163388e-06
2.879803e+03  1.147554e-06
2.889759e+03  1.132115e-06
2.899750e+03  1.116904e-06
2.909776e+03  1.101823e-06
2.919836e+03  1.086871e-06
2.929931e+03  1.072073e-06
2.940060e+03  1.057697e-06
2.950225e+03  1.043443e-06
2.960425e+03  1.029312e-06
2.970660e+03  1.015301e-06
2.980931e+03  1.001547e-06
2.991237e+03  9.880862e-07
3.001578e+03  9.747409e-07
3.011956e+03  9.615100e-07
3.022369e+03  9.483926e-07
3.032818e+03  9.356100e-07
3.043304e+03  9.229980e-07
3.053825e+03  9.104941e-07
3.064384e+03  8.980974e-07
3.074978e+03  8.858435e-07
3.085609e+03  8.739275e-07
3.096277e+03  8.621137e-07
3.106982e+03  8.504010e-07
3.117724e+03  8.387889e-07
3.128503e+03  8.274007e-07
3.139319e+03  8.162408e-07
3.150173e+03  8.051765e-07
3.161064e+03  7.942071e-07
3.171993e+03  7.833319e-07
3.182959e+03  7.727505e-07
3.193964e+03  7.622986e-07
3.205007e+03  7.519364e-07
3.216087e+03  7.416631e-07
3.227206e+03  7.315208e-07
3.238364e+03  7.216489e-07
3.249560e+03  7.118616e-07
3.260795e+03  7.021583e-07
3.272068e+03  6.925383e-07
3.283381e+03  6.831147e-07
3.294733e+03  6.738684e-07
3.306124e+03  6.647015e-07
3.317554e+03  6.556131e-07
3.329024e+03  6.466029e-07
3.340533e+03  6.378507e-07
3.352083e+03  6.291955e-07
3.363672e+03  6.206145e-07
3.375301e+03  6.121073e-07
3.386971e+03  6.037182e-07
3.398681e+03  5.955421e-07
3.410431e+03  5.874361e-07
3.422222e+03  5.793996e-07
3.434054e+03  5.714323e-07
3.445926e+03  5.636378e-07
3.457840e+03  5.559816e-07
3.469795e+03  5.483910e-07
3.481791e+03  5.408657e-07
3.493829e+03  5.334050e-07
3.505908e+03  5.261646e-07
3.518029e+03  5.189954e-07
3.530192e+03  5.118877e-07
3.542397e+03  5.048412e-07
3.554644e+03  4.979014e-07
3.566934e+03  4.911307e-07
3.579266e+03  4.844181e-07
3.591641e+03  4.777631e-07
3.604058e+03  4.711654e-07
3.616519e+03  4.647177e-07
3.629022e+03  4.583761e-07
3.641569e+03  4.520890e-07
3.654159e+03  4.458559e-07
3.666793e+03  4.396765e-07
3.679470e+03  4.336910e-07
3.692191e+03  4.277572e-07
3.704956e+03  4.218744e-07
3.717765e+03  4.160422e-07
3.730619e+03  4.103060e-07
3.743517e+03  4.047040e-07
3.756459e+03  3.991501e-07
3.769447e+03  3.936440e-07
3.782479e+03  3.881852e-07
3.795556e+03  3.828572e-07
3.808679e+03  3.776107e-07
3.821846e+03  3.724093e-07
3.835060e+03  3.672527e-07
3.848319e+03  3.621464e-07
3.861624e+03  3.571949e-07
3.874975e+03  3.522860e-07
3.888372e+03  3.474193e-07
3.901815e+03  3.425945e-07
3.915305e+03  3.378545e-07
3.928841e+03  3.332194e-07
3.942425e+03  3.286241e-07
3.956055e+03  3.240684e-07
3.969732e+03  3.195519e-07
3.983457e+03  3.151560e-07
3.997229e+03  3.108246e-07
4.011049e+03  3.065303e-07
4.024916e+03  3.022731e-07
4.038832e+03  2.980621e-07
4.052795e+03  2.939701e-07
4.066807e+03  2.899132e-07
4.080867e+03  2.858912e-07
4.094976e+03  2.819039e-07
4.109134e+03  2.779931e-07
4.123341e+03  2.741663e-07
4.137596e+03  2.703723e-07
4.151901e+03  2.666111e-07
4.166256e+03  2.628823e-07
4.180660e+03  2.592573e-07
4.195114e+03  2.556805e-07
4.209618e+03  2.521346e-07
4.224172e+03  2.486191e-07
4.238776e+03  2.451469e-07
4.253431e+03  2.417728e-07
4.268136e+03  2.384277e-07
4.282893e+03  2.351114e-07
4.297700e+03  2.318236e-07
4.312559e+03  2.286041e-07
4.327468e+03  2.254505e-07
4.342430e+03  2.223241e-07
4.357443e+03  2.192245e-07
4.372508e+03  2.161517e-07
4.387625e+03  2.131679e-07
4.402795e+03  2.102198e-07
4.418017e+03  2.072970e-07
4.433291e+03  2.043995e-07
4.448619e+03  2.015414e-07
4.463999e+03  1.987612e-07
4.479432e+03  1.960050e-07
4.494919e+03  1.932726e-07
4.510460e+03  1.905637e-07
4.526054e+03  1.879144e-07
4.541702e+03  1.853159e-07
4.557404e+03  1.827398e-07
4.573160e+03  1.801859e-07
4.588971e+03  1.776541e-07
4.604837e+03  1.751986e-07
4.620757e+03  1.727692e-07
4.636733e+03  1.703609e-07
4.652764e+03  1.679732e-07
4.668850e+03  1.656213e-07
4.684991e+03  1.633314e-07
4.701189e+03  1.610612e-07
4.717442e+03  1.588106e-07
4.733752e+03  1.565794e-07
4.750118e+03  1.544000e-07
4.766541e+03  1.522597e-07
4.783021e+03  1.501378e-07
4.799557e+03  1.480342e-07
4.816151e+03  1.459488e-07
4.832802e+03  1.439296e-07
4.849510e+03  1.419294e-07
4.866277e+03  1.399464e-07
4.883101e+03  1.379805e-07
4.899983e+03  1.360466e-07
4.916924e+03  1.341612e-07
4.933924e+03  1.322920e-07
4.950982e+03  1.304389e-07
4.968099e+03  1.286019e-07
4.985275e+03  1.268099e-07
5.002511e+03  1.250478e-07
5.019806e+03  1.233009e-07
5.037161e+03  1.215691e-07
5.054576e+03  1.198531e-07
5.072052e+03  1.181922e-07
5.089588e+03  1.165456e-07
5.107184e+03  1.149132e-07
5.124841e+03  1.132949e-07
5.142559e+03  1.117052e-07
5.160339e+03  1.101537e-07
5.178180e+03  1.086155e-07
5.196082e+03  1.070906e-07
5.214047e+03  1.055789e-07
5.232074e+03  1.041062e-07
5.250163e+03  1.026561e-07
5.268314e+03  1.012185e-07
5.286528e+03  9.979327e-08
5.304806e+03  9.838294e-08
5.323146e+03  9.701625e-08
5.341550e+03  9.566134e-08
5.360017e+03  9.431812e-08
5.378549e+03  9.298650e-08
5.397144e+03  9.167997e-08
5.415804e+03  9.040293e-08
5.434528e+03  8.913691e-08
5.453317e+03  8.788182e-08
5.472171e+03  8.663758e-08
5.491090e+03  8.542752e-08
5.510074e+03  8.423460e-08
5.529125e+03  8.305197e-08
5.548241e+03  8.187955e-08
5.567423e+03  8.072095e-08
5.586671e+03  7.959739e-08
5.605986e+03  7.848351e-08
5.625368e+03  7.737925e-08
5.644816e+03  7.628452e-08
5.664332e+03  7.521177e-08
5.683916e+03  7.416181e-08
5.703567e+03  7.312092e-08
5.723286e+03  7.208901e-08
5.743073e+03  7.106602e-08
5.762929e+03  7.007236e-08
5.782853e+03  6.909145e-08
5.802847e+03  6.811899e-08
5.822909e+03  6.715495e-08
5.843041e+03  6.620344e-08
5.863242e+03  6.527910e-08
5.883513e+03  6.436273e-08
5.903854e+03  6.345428e-08
5.924266e+03  6.255367e-08
5.944748e+03  6.167262e-08
5.965301e+03  6.080943e-08
5.985925e+03  5.995369e-08
6.006620e+03  5.910535e-08
6.027387e+03  5.826435e-08
6.048226e+03  5.744906e-08
6.069136e+03  5.664324e-08
6.090119e+03  5.584437e-08
6.111175e+03  5.505240e-08
6.132303e+03  5.427171e-08
6.153504e+03  5.351206e-08
6.174779e+03  5.275898e-08
6.196127e+03  5.201240e-08
6.217549e+03  5.127228e-08
6.239046e+03  5.054933e-08
6.260616e+03  4.984018e-08
6.282261e+03  4.913716e-08
6.303981e+03  4.844022e-08
6.325776e+03  4.774931e-08
6.347646e+03  4.708021e-08
6.369592e+03  4.641794e-08
6.391614e+03  4.576139e-08
6.413711e+03  4.511052e-08
6.435886e+03  4.446987e-08
6.458137e+03  4.384599e-08
6.480465e+03  4.322750e-08
6.502870e+03  4.261436e-08
6.525352e+03  4.200652e-08
6.547912e+03  4.141344e-08
6.570551e+03  4.083082e-08
6.593267e+03  4.025323e-08
6.616062e+03  3.968064e-08
6.638936e+03  3.911301e-08
6.661889e+03  3.856426e-08
6.684922e+03  3.802038e-08
6.708033e+03  3.748120e-08
6.731225e+03  3.694669e-08
6.754497e+03  3.642133e-08
6.777850e+03  3.590917e-08
6.801283e+03  3.540145e-08
6.824797e+03  3.489811e-08
6.848393e+03  3.439913e-08
6.872070e+03  3.391297e-08
6.895829e+03  3.343474e-08
6.919670e+03  3.296066e-08
6.943594e+03  3.249067e-08
6.967600e+03  3.202527e-08
6.991689e+03  3.157490e-08
7.015862e+03  3.112842e-08
7.040118e+03  3.068581e-08
7.064458e+03  3.024702e-08
7.088882e+03  2.981632e-08
7.113391e+03  2.939587e-08
7.137984e+03  2.897905e-08
7.162662e+03  2.856584e-08
7.187426e+03  2.815621e-08
7.212275e+03  2.775773e-08
7.237210e+03  2.736526e-08
7.262232e+03  2.697619e-08
7.287340e+03  2.659048e-08
7.312534e+03  2.620907e-08
7.337816e+03  2.583968e-08
7.363185e+03  2.547349e-08
7.388642e+03  2.511046e-08
7.414187e+03  2.475058e-08
7.439820e+03  2.439773e-08
7.465542e+03  2.405273e-08
7.491353e+03  2.371071e-08
7.517253e+03  2.337165e-08
7.543243e+03  2.303553e-08
7.569322e+03  2.270913e-08
7.595492e+03  2.238724e-08
7.621752e+03  2.206814e-08
7.648103e+03  2.175180e-08
7.674545e+03  2.143939e-08
7.701078e+03  2.113631e-08
7.727703e+03  2.083584e-08
7.754421e+03  2.053798e-08
7.781230e+03  2.024269e-08
7.808132e+03  1.995368e-08
7.835128e+03  1.967083e-08
7.862216e+03  1.939043e-08
7.889398e+03  1.911246e-08
7.916675e+03  1.883689e-08
7.944045e+03  1.856973e-08
7.971510e+03  1.830590e-08
7.999070e+03  1.804436e-08
8.026726e+03  1.778509e-08
8.054477e+03  1.752937e-08
8.082324e+03  1.728094e-08
8.110267e+03  1.703466e-08
8.138307e+03  1.679051e-08
8.166444e+03  1.654847e-08
8.194678e+03  1.631192e-08
8.223009e+03  1.608010e-08
8.251439e+03  1.585029e-08
8.279967e+03  1.562248e-08
8.308593e+03  1.539663e-08
8.337319e+03  1.517790e-08
8.366144e+03  1.496159e-08
8.395068e+03  1.474715e-08
8.424093e+03  1.453456e-08
8.453218e+03  1.432522e-08
8.482443e+03  1.412166e-08
8.511770e+03  1.391987e-08
8.541198e+03  1.371982e-08
8.570727e+03  1.352151e-08
8.600359e+03  1.332798e-08
8.630093e+03  1.313808e-08
8.659930e+03  1.294983e-08
8.689871e+03  1.276321e-08
8.719914e+03  1.257821e-08
8.750062e+03  1.239930e-08
8.780314e+03  1.222212e-08
8.810670e+03  1.204648e-08
8.841132e+03  1.187237e-08
8.871698e+03  1.170114e-08
8.902371e+03  1.153441e-08
8.933149e+03  1.136913e-08
8.964034e+03  1.120528e-08
8.995025e+03  1.104285e-08
9.026124e+03  1.088458e-08
9.057330e+03  1.072908e-08
9.088645e+03  1.057493e-08
9.120067e+03  1.042211e-08
9.151598e+03  1.027068e-08
9.183238e+03  1.012436e-08
9.214987e+03  9.979311e-09
9.246847e+03  9.835519e-09
9.278816e+03  9.692975e-09
9.310896e+03  9.552998e-09
9.343087e+03  9.416536e-09
9.375389e+03  9.281256e-09
9.407803e+03  9.147150e-09
9.440328e+03  9.014209e-09
9.472967e+03  8.884861e-09
9.505718e+03  8.757596e-09
9.538582e+03  8.631434e-09
9.571560e+03  8.506367e-09
9.604652e+03  8.382599e-09
9.637859e+03  8.262842e-09
9.671180e+03  8.144123e-09
9.704616e+03  8.026433e-09
9.738168e+03  7.909765e-09
9.771836e+03  7.795380e-09
9.805621e+03  7.683740e-09
9.839522e+03  7.573068e-09
9.873540e+03  7.463356e-09
9.907676e+03  7.354598e-09
9.941930e+03  7.248917e-09
9.976303e+03  7.144786e-09
1.001079e+04  7.041559e-09
1.004540e+04  6.939229e-09
1.008014e+04  6.838110e-09
1.011499e+04  6.740187e-09
1.014996e+04  6.643112e-09
1.018505e+04  6.546880e-09
1.022026e+04  6.451484e-09
1.025560e+04  6.358073e-09
1.029105e+04  6.266760e-09
1.032663e+04  6.176239e-09
1.036233e+04  6.086503e-09
1.039816e+04  5.997548e-09
1.043411e+04  5.911268e-09
1.047018e+04  5.826141e-09
1.050638e+04  5.741753e-09
1.054271e+04  5.658098e-09
1.057916e+04  5.575547e-09
1.061573e+04  5.495484e-09
1.065243e+04  5.416116e-09
1.068926e+04  5.337438e-09
1.072622e+04  5.259443e-09
1.076330e+04  5.183195e-09
1.080052e+04  5.108570e-09
1.083786e+04  5.034593e-09
1.087533e+04  4.961258e-09
1.091293e+04  4.888561e-09
1.095066e+04  4.818150e-09
1.098852e+04  4.748583e-09
1.102651e+04  4.679621e-09
1.106463e+04  4.611257e-09
1.110288e+04  4.543889e-09
1.114127e+04  4.478466e-09
1.117979e+04  4.413611e-09
1.121844e+04  4.349319e-09
1.125723e+04  4.285587e-09
1.129615e+04  4.223375e-09
1.133520e+04  4.162403e-09
1.137439e+04  4.101960e-09
1.141372e+04  4.042043e-09
1.145318e+04  3.982647e-09
1.149277e+04  3.925219e-09
1.153251e+04  3.868397e-09
1.157238e+04  3.812068e-09
1.161239e+04  3.756229e-09
1.165254e+04  3.701289e-09
1.169282e+04  3.647872e-09
1.173325e+04  3.594918e-09
1.177382e+04  3.542425e-09
1.181452e+04  3.490388e-09
1.185537e+04  3.439667e-09
1.189636e+04  3.389884e-09
1.193749e+04  3.340534e-09
1.197876e+04  3.291613e-09
1.202017e+04  3.243118e-09
1.206173e+04  3.196316e-09
1.210343e+04  3.149939e-09
1.214528e+04  3.103966e-09
1.218727e+04  3.058393e-09
1.222940e+04  3.013612e-09
1.227168e+04  2.970003e-09
1.231411e+04  2.926773e-09
1.235668e+04  2.883920e-09
1.239940e+04  2.841439e-09
1.244227e+04  2.800108e-09
1.248529e+04  2.759490e-09
1.252846e+04  2.719225e-09
1.257177e+04  2.679311e-09
1.261524e+04  2.639783e-09
1.265885e+04  2.601605e-09
1.270262e+04  2.563759e-09
1.274653e+04  2.526241e-09
1.279060e+04  2.489050e-09
1.283482e+04  2.452572e-09
1.287920e+04  2.417016e-09
1.292373e+04  2.381769e-09
1.296841e+04  2.346830e-09
1.301324e+04  2.312194e-09
1.305823e+04  2.278528e-09
1.310338e+04  2.245391e-09
1.314868e+04  2.212542e-09
1.319414e+04  2.179979e-09
1.323976e+04  2.147779e-09
1.328553e+04  2.116652e-09
1.333147e+04  2.085795e-09
1.337756e+04  2.055207e-09
1.342381e+04  2.024885e-09
1.347022e+04  1.995182e-09
1.351679e+04  1.966185e-09
1.356352e+04  1.937440e-09
1.361041e+04  1.908945e-09
1.365747e+04  1.880699e-09
1.370469e+04  1.853303e-09
1.375207e+04  1.826302e-09
1.379962e+04  1.799536e-09
1.384732e+04  1.773003e-09
1.389520e+04  1.746803e-09
1.394324e+04  1.721430e-09
1.399145e+04  1.696278e-09
1.403982e+04  1.671346e-09
1.408836e+04  1.646630e-09
1.413707e+04  1.622461e-09
1.418594e+04  1.598838e-09
1.423499e+04  1.575420e-09
1.428420e+04  1.552207e-09
1.433359e+04  1.529195e-09
1.438315e+04  1.506905e-09
1.443287e+04  1.484903e-09
1.448277e+04  1.463092e-09
1.453284e+04  1.441471e-09
1.458309e+04  1.420156e-09
1.463351e+04  1.399497e-09
1.468410e+04  1.379018e-09
1.473487e+04  1.358717e-09
1.478581e+04  1.338593e-09
1.483693e+04  1.318940e-09
1.488823e+04  1.299701e-09
1.493970e+04  1.280628e-09
1.499135e+04  1.261722e-09
1.504318e+04  1.242981e-09
1.509519e+04  1.224861e-09
1.514738e+04  1.206950e-09
1.519975e+04  1.189195e-09
1.525230e+04  1.171595e-09
1.530503e+04  1.154268e-09
1.535795e+04  1.137446e-09
1.541104e+04  1.120771e-09
1.546432e+04  1.104240e-09
1.551779e+04  1.087854e-09
1.557144e+04  1.071880e-09
1.562527e+04  1.056221e-09
1.567930e+04  1.040698e-09
1.573350e+04  1.025311e-09
1.578790e+04  1.010058e-09
1.584248e+04  9.953366e-10
1.589726e+04  9.807625e-10
1.595222e+04  9.663153e-10
1.600737e+04  9.519941e-10
1.606271e+04  9.379176e-10
1.611825e+04  9.242352e-10
1.617397e+04  9.106719e-10
1.622989e+04  8.972266e-10
1.628600e+04  8.838987e-10
1.634231e+04  8.709247e-10
1.639881e+04  8.581883e-10
1.645551e+04  8.455627e-10
1.651240e+04  8.330471e-10
1.656949e+04  8.206430e-10
1.662677e+04  8.086863e-10
1.668426e+04  7.968335e-10
1.674194e+04  7.850840e-10
1.679982e+04  7.734369e-10
1.685791e+04  7.620060e-10
1.691619e+04  7.508795e-10
1.697467e+04  7.398498e-10
1.703336e+04  7.289161e-10
1.709225e+04  7.180779e-10
1.715134e+04  7.075457e-10
1.721064e+04  6.971914e-10
1.727015e+04  6.869272e-10
1.732985e+04  6.767525e-10
1.738977e+04  6.666839e-10
1.744989e+04  6.569678e-10
1.751022e+04  6.473362e-10
1.757076e+04  6.377885e-10
1.763151e+04  6.283240e-10
1.769246e+04  6.190485e-10
1.775363e+04  6.100057e-10
1.781501e+04  6.010417e-10
1.787661e+04  5.921557e-10
1.793841e+04  5.833472e-10
1.800043e+04  5.748033e-10
1.806266e+04  5.663919e-10
1.812511e+04  5.580537e-10
1.818778e+04  5.497881e-10
1.825066e+04  5.416208e-10
1.831376e+04  5.337271e-10
1.837707e+04  5.259020e-10
1.844061e+04  5.181451e-10
1.850436e+04  5.104558e-10
1.856834e+04  5.029326e-10
1.863254e+04  4.955886e-10
1.869695e+04  4.883084e-10
1.876160e+04  4.810917e-10
1.882646e+04  4.739379e-10
1.889155e+04  4.670103e-10
1.895686e+04  4.601796e-10
1.902240e+04  4.534083e-10
1.908817e+04  4.466960e-10
1.915417e+04  4.400737e-10
1.922039e+04  4.336644e-10
1.928684e+04  4.273109e-10
1.935352e+04  4.210127e-10
1.942043e+04  4.147694e-10
1.948757e+04  4.086719e-10
1.955495e+04  4.027118e-10
1.962256e+04  3.968036e-10
1.969040e+04  3.909468e-10
1.975847e+04  3.851410e-10
1.982679e+04  3.797103e-10
1.989533e+04  3.743752e-10
1.996412e+04  3.690861e-10
2.003314e+04  3.638428e-10
2.010240e+04  3.586194e-10
2.017190e+04  3.533518e-10
2.024164e+04  3.481302e-10
2.031162e+04  3.429540e-10
2.038185e+04  3.378230e-10
2.045232e+04  3.328202e-10
2.052303e+04  3.279231e-10
2.059398e+04  3.230687e-10
2.066518e+04  3.182566e-10
2.073663e+04  3.134865e-10
2.080832e+04  3.088841e-10
2.088026e+04  3.043323e-10
2.095245e+04  2.998201e-10
2.102489e+04  2.953472e-10
2.109758e+04  2.909483e-10
2.117052e+04  2.866793e-10
2.124371e+04  2.824476e-10
2.131716e+04  2.782527e-10
2.139086e+04  2.740944e-10
2.146482e+04  2.700467e-10
2.153903e+04  2.660784e-10
2.161350e+04  2.621446e-10
2.168822e+04  2.582452e-10
2.176320e+04  2.543798e-10
2.183845e+04  2.506547e-10
2.191395e+04  2.469647e-10
2.198971e+04  2.433068e-10
2.206574e+04  2.396808e-10
2.214203e+04  2.361201e-10
2.221858e+04  2.326592e-10
2.229540e+04  2.292285e-10
2.237248e+04  2.258276e-10
2.244983e+04  2.224564e-10
2.252744e+04  2.191794e-10
2.260533e+04  2.159614e-10
2.268348e+04  2.127714e-10
2.276191e+04  2.096092e-10
2.284060e+04  2.064774e-10
2.291957e+04  2.034590e-10
2.299881e+04  2.004670e-10
2.307832e+04  1.975010e-10
2.315811e+04  1.945608e-10
2.323818e+04  1.916780e-10
2.331852e+04  1.888713e-10
2.339914e+04  1.860891e-10
2.348004e+04  1.833311e-10
2.356122e+04  1.805972e-10
2.364267e+04  1.779434e-10
2.372442e+04  1.753332e-10
2.380644e+04  1.727458e-10
2.388874e+04  1.701809e-10
2.397134e+04  1.676444e-10
2.405421e+04  1.651959e-10
2.413738e+04  1.627687e-10
2.422083e+04  1.603627e-10
2.430457e+04  1.579776e-10
2.438859e+04  1.556425e-10
2.447291e+04  1.533655e-10
2.455753e+04  1.511083e-10
2.464243e+04  1.488708e-10
2.472763e+04  1.466528e-10
2.481312e+04  1.445032e-10
2.489890e+04  1.423856e-10
2.498499e+04  1.402864e-10
2.507137e+04  1.382055e-10
2.515805e+04  1.361507e-10
2.524503e+04  1.341638e-10
2.533231e+04  1.321942e-10
2.541989e+04  1.302418e-10
2.550778e+04  1.283063e-10
2.559596e+04  1.264143e-10
2.568446e+04  1.245663e-10
2.577326e+04  1.227344e-10
2.586236e+04  1.209185e-10
2.595178e+04  1.191184e-10
2.604150e+04  1.173761e-10
2.613154e+04  1.156571e-10
2.622188e+04  1.139530e-10
2.631254e+04  1.122637e-10
2.640351e+04  1.105983e-10
2.649480e+04  1.089855e-10
2.658640e+04  1.073868e-10
2.667831e+04  1.058020e-10
2.677055e+04  1.042310e-10
2.686310e+04  1.026975e-10
2.695598e+04  1.011973e-10
2.704917e+04  9.971019e-11
2.714269e+04  9.823602e-11
2.723653e+04  9.677471e-11
2.733070e+04  9.536254e-11
2.742519e+04  9.396700e-11
2.752001e+04  9.258361e-11
2.761515e+04  9.121227e-11
2.771063e+04  8.986220e-11
2.780643e+04  8.855258e-11
2.790257e+04  8.725435e-11
2.799904e+04  8.596743e-11
2.809584e+04  8.469173e-11
2.819298e+04  8.344837e-11
2.829045e+04  8.223018e-11
2.838826e+04  8.102260e-11
2.848640e+04  7.982553e-11
2.858489e+04  7.863890e-11
2.868372e+04  7.749378e-11
2.878289e+04  7.636039e-11
2.888240e+04  7.523686e-11
2.898226e+04  7.412312e-11
2.908246e+04  7.302830e-11
2.918300e+04  7.196462e-11
2.928390e+04  7.091020e-11
2.938514e+04  6.986495e-11
2.948674e+04  6.882881e-11
2.958868e+04  6.782039e-11
2.969098e+04  6.683079e-11
2.979363e+04  6.584980e-11
2.989664e+04  6.487736e-11
3.000000e+04  6.391340e-11
-1  -1
