  -1
3.025550e+01  6.943014e-02
3.074490e+01  7.872552e-02
3.124210e+01  1.071046e-01
3.174750e+01  1.499528e-01
3.226090e+01  1.599471e-01
3.278270e+01  1.672006e-01
3.331300e+01  1.727531e-01
3.385180e+01  1.787988e-01
3.439930e+01  1.785835e-01
3.495570e+01  1.776133e-01
3.552110e+01  1.757316e-01
3.609560e+01  1.718648e-01
3.667940e+01  1.676450e-01
3.727270e+01  1.632171e-01
3.787550e+01  1.586128e-01
3.848820e+01  1.537314e-01
3.911070e+01  1.513149e-01
3.974320e+01  1.495079e-01
4.038610e+01  1.476975e-01
4.103930e+01  1.465976e-01
4.170310e+01  1.469243e-01
4.237760e+01  1.472855e-01
4.306300e+01  1.474742e-01
4.375950e+01  1.507156e-01
4.446730e+01  1.543921e-01
4.518650e+01  1.583692e-01
4.591740e+01  1.627219e-01
4.666000e+01  1.675036e-01
4.741470e+01  1.726432e-01
4.818160e+01  1.782315e-01
4.896090e+01  1.845040e-01
4.975280e+01  1.883222e-01
5.055760e+01  1.918050e-01
5.137530e+01  1.953410e-01
5.220620e+01  1.990139e-01
5.305060e+01  2.029225e-01
5.390870e+01  2.072761e-01
5.478060e+01  2.096008e-01
5.566670e+01  2.117628e-01
5.656700e+01  2.139522e-01
5.748200e+01  2.163018e-01
5.841170e+01  2.180464e-01
5.935640e+01  2.179360e-01
6.031650e+01  2.176081e-01
6.129210e+01  2.171708e-01
6.228340e+01  2.166732e-01
6.329080e+01  2.161453e-01
6.431450e+01  2.156161e-01
6.535470e+01  2.151136e-01
6.641180e+01  2.146830e-01
6.748590e+01  2.144210e-01
6.857750e+01  2.134561e-01
6.968670e+01  2.098899e-01
7.081380e+01  2.060570e-01
7.195910e+01  2.021064e-01
7.312300e+01  1.981071e-01
7.430570e+01  1.940953e-01
7.550760e+01  1.900967e-01
7.672890e+01  1.861366e-01
7.796990e+01  1.822397e-01
7.923100e+01  1.784546e-01
8.051250e+01  1.741585e-01
8.181470e+01  1.692276e-01
8.313800e+01  1.643455e-01
8.448270e+01  1.595654e-01
8.584910e+01  1.549241e-01
8.723770e+01  1.504804e-01
8.864870e+01  1.459558e-01
9.008250e+01  1.379037e-01
9.153950e+01  1.299721e-01
9.302010e+01  1.223653e-01
9.452460e+01  1.156938e-01
9.605350e+01  1.093794e-01
9.760710e+01  1.034369e-01
9.918580e+01  9.651888e-02
1.007900e+02  8.894922e-02
1.024200e+02  8.182617e-02
1.040770e+02  7.607324e-02
1.057600e+02  7.099326e-02
1.074710e+02  6.625934e-02
1.092090e+02  6.184492e-02
1.109750e+02  5.773095e-02
1.127700e+02  5.390978e-02
1.145940e+02  4.961890e-02
1.164480e+02  4.527366e-02
1.183310e+02  4.129050e-02
1.202450e+02  3.764542e-02
1.221900e+02  3.430842e-02
1.241660e+02  3.190121e-02
1.261750e+02  3.002917e-02
1.282150e+02  2.828269e-02
1.302890e+02  2.664404e-02
1.323970e+02  2.510542e-02
1.345380e+02  2.366058e-02
1.367140e+02  2.230274e-02
1.389250e+02  2.102691e-02
1.411720e+02  1.983074e-02
1.434560e+02  1.831413e-02
1.457760e+02  1.670287e-02
1.481340e+02  1.523083e-02
1.505300e+02  1.388785e-02
1.529640e+02  1.266335e-02
1.554390e+02  1.154671e-02
1.579530e+02  1.053843e-02
1.605070e+02  9.674352e-03
1.631030e+02  8.881815e-03
1.657420e+02  8.154727e-03
1.684220e+02  7.487766e-03
1.711460e+02  6.875711e-03
1.739150e+02  6.313871e-03
1.767270e+02  5.797860e-03
1.795860e+02  5.482508e-03
1.824910e+02  5.201442e-03
1.854420e+02  4.935443e-03
1.884420e+02  4.679645e-03
1.914890e+02  4.416330e-03
1.945870e+02  4.167931e-03
1.977340e+02  3.933693e-03
2.009320e+02  3.725074e-03
2.041820e+02  3.535395e-03
2.074850e+02  3.380544e-03
2.108400e+02  3.276705e-03
2.142510e+02  3.201679e-03
2.177160e+02  3.159110e-03
2.212370e+02  3.117276e-03
2.248160e+02  3.104063e-03
2.284520e+02  3.129945e-03
2.321470e+02  3.156126e-03
2.359020e+02  3.251226e-03
2.397170e+02  3.355693e-03
2.435950e+02  3.467618e-03
2.475350e+02  3.583480e-03
2.515380e+02  3.703390e-03
2.556070e+02  3.841887e-03
2.597410e+02  3.991157e-03
2.639420e+02  4.146423e-03
2.682110e+02  4.307920e-03
2.725490e+02  4.478684e-03
2.769570e+02  4.662925e-03
2.814370e+02  4.855010e-03
2.859890e+02  5.055450e-03
2.906150e+02  5.216841e-03
2.953150e+02  5.373035e-03
3.000920e+02  5.534074e-03
3.049450e+02  5.700462e-03
3.098780e+02  5.807211e-03
3.148900e+02  5.897943e-03
3.199830e+02  5.990196e-03
3.251580e+02  6.084088e-03
3.304180e+02  6.153957e-03
3.357620e+02  6.182413e-03
3.411920e+02  6.210981e-03
3.467110e+02  6.239676e-03
3.523190e+02  6.268599e-03
3.580170e+02  6.297907e-03
3.638080e+02  6.293284e-03
3.696920e+02  6.283252e-03
3.756720e+02  6.273199e-03
3.817480e+02  6.263219e-03
3.879220e+02  6.253293e-03
3.941970e+02  6.243438e-03
4.005730e+02  6.233668e-03
4.070520e+02  6.222358e-03
4.136350e+02  6.179430e-03
4.203260e+02  6.136670e-03
4.271240e+02  6.094250e-03
4.340320e+02  6.052162e-03
4.410520e+02  6.010425e-03
4.481860e+02  5.969050e-03
4.554350e+02  5.918793e-03
4.628020e+02  5.830779e-03
4.702870e+02  5.744011e-03
4.778940e+02  5.658502e-03
4.856230e+02  5.574331e-03
4.934780e+02  5.476269e-03
5.014590e+02  5.340263e-03
5.095700e+02  5.207454e-03
5.178120e+02  5.077914e-03
5.261870e+02  4.951714e-03
5.346980e+02  4.789081e-03
5.433460e+02  4.628670e-03
5.521340e+02  4.473553e-03
5.610650e+02  4.323590e-03
5.701390e+02  4.178670e-03
5.793610e+02  4.022166e-03
5.887320e+02  3.852904e-03
5.982540e+02  3.690655e-03
6.079300e+02  3.535204e-03
6.177630e+02  3.384955e-03
6.277550e+02  3.238483e-03
6.379080e+02  3.098322e-03
6.482260e+02  2.968973e-03
6.587110e+02  2.855309e-03
6.693650e+02  2.746931e-03
6.801910e+02  2.645253e-03
6.911930e+02  2.549801e-03
7.023720e+02  2.462445e-03
7.137330e+02  2.396628e-03
7.252770e+02  2.345242e-03
7.370080e+02  2.294994e-03
7.489280e+02  2.245857e-03
7.610420e+02  2.197226e-03
7.733510e+02  2.143692e-03
7.858590e+02  2.072647e-03
7.985700e+02  1.988909e-03
8.114860e+02  1.908549e-03
8.246110e+02  1.831420e-03
8.379490e+02  1.757396e-03
8.515020e+02  1.685531e-03
8.652740e+02  1.615569e-03
8.792690e+02  1.547621e-03
8.934910e+02  1.482533e-03
9.079430e+02  1.420169e-03
9.226280e+02  1.360421e-03
9.375510e+02  1.310382e-03
9.527150e+02  1.264074e-03
9.681240e+02  1.221010e-03
9.837830e+02  1.179414e-03
9.996950e+02  1.138109e-03
1.015860e+03  1.097101e-03
1.032290e+03  1.046698e-03
1.048990e+03  9.982504e-04
1.065960e+03  9.517730e-04
1.083200e+03  9.074436e-04
1.100720e+03  8.651696e-04
1.118520e+03  8.248602e-04
1.136610e+03  7.864080e-04
1.155000e+03  7.497348e-04
1.173680e+03  7.147748e-04
1.192660e+03  6.814360e-04
1.211950e+03  6.496375e-04
1.231550e+03  6.193135e-04
1.251470e+03  5.903836e-04
1.271720e+03  5.627911e-04
1.292290e+03  5.364918e-04
1.313190e+03  5.114143e-04
1.334430e+03  4.874980e-04
1.356010e+03  4.646889e-04
1.377940e+03  4.429384e-04
1.400230e+03  4.221963e-04
1.422880e+03  4.024194e-04
1.445890e+03  3.835584e-04
1.469280e+03  3.655118e-04
1.493040e+03  3.482241e-04
1.517190e+03  3.314059e-04
1.541730e+03  3.153490e-04
1.566670e+03  3.000583e-04
1.592010e+03  2.854984e-04
1.617760e+03  2.716431e-04
1.643920e+03  2.584617e-04
1.670510e+03  2.459056e-04
1.697530e+03  2.339535e-04
1.724990e+03  2.225756e-04
1.752890e+03  2.115772e-04
1.781240e+03  2.010651e-04
1.810050e+03  1.910354e-04
1.839320e+03  1.814960e-04
1.869070e+03  1.724282e-04
1.899300e+03  1.638123e-04
1.930020e+03  1.556264e-04
1.961240e+03  1.478441e-04
1.992960e+03  1.404430e-04
2.025200e+03  1.334904e-04
2.057950e+03  1.267266e-04
2.091240e+03  1.202753e-04
2.125060e+03  1.141406e-04
2.159430e+03  1.082940e-04
2.194360e+03  1.027373e-04
2.229850e+03  9.744418e-05
2.265920e+03  9.240928e-05
2.302570e+03  8.762007e-05
2.339810e+03  8.306517e-05
2.377660e+03  7.873374e-05
2.416110e+03  7.461483e-05
2.455190e+03  7.069801e-05
2.494900e+03  6.697631e-05
2.535260e+03  6.343778e-05
2.576260e+03  6.007599e-05
2.617930e+03  5.688159e-05
2.660270e+03  5.384692e-05
2.682900e+03  5.230055e-05
2.683100e+03  1.380086e-04
2.703300e+03  1.344516e-04
2.747030e+03  1.270930e-04
2.791460e+03  1.201333e-04
2.797900e+03  1.191533e-04
2.798100e+03  1.728252e-04
2.836610e+03  1.647416e-04
2.882490e+03  1.557077e-04
2.929110e+03  1.471664e-04
2.976480e+03  1.390996e-04
3.024630e+03  1.314748e-04
3.073550e+03  1.242765e-04
3.123260e+03  1.174749e-04
3.173780e+03  1.110490e-04
3.225110e+03  1.049740e-04
3.277270e+03  9.923646e-05
3.301800e+03  9.667407e-05
3.302000e+03  1.122755e-04
3.330280e+03  1.089873e-04
3.384150e+03  1.030529e-04
3.438880e+03  9.744567e-05
3.494500e+03  9.214367e-05
3.551020e+03  8.713687e-05
3.608460e+03  8.240331e-05
3.666820e+03  7.792905e-05
3.726130e+03  7.369950e-05
3.786400e+03  6.970429e-05
3.847640e+03  6.592767e-05
3.854000e+03  6.555012e-05
3.854200e+03  6.952215e-05
3.909870e+03  6.612668e-05
3.973110e+03  6.252300e-05
4.037380e+03  5.911505e-05
4.102680e+03  5.589315e-05
4.149300e+03  5.372932e-05
4.149500e+03  5.594270e-05
4.169030e+03  5.505980e-05
4.236460e+03  5.214699e-05
4.304980e+03  4.938021e-05
4.374620e+03  4.675238e-05
4.445370e+03  4.426298e-05
4.517270e+03  4.190170e-05
4.590330e+03  3.966235e-05
4.664580e+03  3.753716e-05
4.740030e+03  3.552200e-05
4.816690e+03  3.361297e-05
4.894600e+03  3.180365e-05
4.973770e+03  3.008872e-05
5.054210e+03  2.846430e-05
5.135960e+03  2.692515e-05
5.219030e+03  2.546710e-05
5.303440e+03  2.408604e-05
5.389220e+03  2.277826e-05
5.476390e+03  2.153991e-05
5.564970e+03  2.036747e-05
5.654980e+03  1.925747e-05
5.746440e+03  1.820695e-05
5.839390e+03  1.721264e-05
5.933830e+03  1.627179e-05
6.029810e+03  1.538138e-05
6.127330e+03  1.453884e-05
6.226440e+03  1.374167e-05
6.327150e+03  1.298785e-05
6.429480e+03  1.227453e-05
6.533480e+03  1.159984e-05
6.639150e+03  1.096187e-05
6.746540e+03  1.035854e-05
6.855650e+03  9.788183e-06
6.966540e+03  9.248746e-06
7.079220e+03  8.738506e-06
7.193720e+03  8.256501e-06
7.310070e+03  7.800597e-06
7.428310e+03  7.369668e-06
7.548450e+03  6.962492e-06
7.670540e+03  6.577637e-06
7.794610e+03  6.213795e-06
7.920680e+03  5.869934e-06
8.048790e+03  5.544960e-06
8.178980e+03  5.237897e-06
8.311260e+03  4.947727e-06
8.445690e+03  4.673514e-06
8.582290e+03  4.414532e-06
8.721110e+03  4.169666e-06
8.862160e+03  3.938485e-06
9.005500e+03  3.719919e-06
9.151160e+03  3.513515e-06
9.299170e+03  3.318545e-06
9.449580e+03  3.134285e-06
9.602420e+03  2.960212e-06
9.757730e+03  2.795906e-06
9.915550e+03  2.640601e-06
1.007590e+04  2.488058e-06
1.023890e+04  2.344463e-06
1.040450e+04  2.209342e-06
1.057280e+04  2.082176e-06
1.074380e+04  1.962529e-06
1.091760e+04  1.849942e-06
1.109420e+04  1.744017e-06
1.127360e+04  1.644381e-06
1.145590e+04  1.550648e-06
1.164120e+04  1.462458e-06
1.182950e+04  1.379495e-06
1.202080e+04  1.301467e-06
1.221530e+04  1.228044e-06
1.241280e+04  1.159010e-06
1.261360e+04  1.094051e-06
1.281760e+04  1.032958e-06
1.302500e+04  9.754734e-07
1.323560e+04  9.214189e-07
1.344970e+04  8.705564e-07
1.366720e+04  8.227127e-07
1.381370e+04  7.923824e-07
1.381390e+04  2.006052e-06
1.388830e+04  1.966367e-06
1.411290e+04  1.852402e-06
1.434120e+04  1.745036e-06
1.457310e+04  1.643911e-06
1.480890e+04  1.548619e-06
1.504840e+04  1.458870e-06
1.529180e+04  1.374321e-06
1.553910e+04  1.294679e-06
1.579040e+04  1.219650e-06
1.604580e+04  1.148967e-06
1.624420e+04  1.097617e-06
1.624440e+04  1.533384e-06
1.630540e+04  1.513773e-06
1.656910e+04  1.432657e-06
1.683710e+04  1.355867e-06
1.693920e+04  1.328020e-06
1.693940e+04  1.499646e-06
1.710940e+04  1.449831e-06
1.738610e+04  1.373240e-06
1.766740e+04  1.300391e-06
1.795310e+04  1.231150e-06
1.824350e+04  1.165354e-06
1.853860e+04  1.102852e-06
1.883840e+04  1.043498e-06
1.914310e+04  9.871596e-07
1.945270e+04  9.336938e-07
1.976740e+04  8.829607e-07
2.008710e+04  8.348529e-07
2.041200e+04  7.892347e-07
2.074210e+04  7.459963e-07
2.107760e+04  7.050150e-07
2.141850e+04  6.661889e-07
2.176500e+04  6.294072e-07
2.211700e+04  5.945807e-07
2.247470e+04  5.616066e-07
2.283820e+04  5.303919e-07
2.320760e+04  5.008496e-07
2.358300e+04  4.728950e-07
2.396440e+04  4.464517e-07
2.435200e+04  4.214381e-07
2.474590e+04  3.977824e-07
2.514620e+04  3.754141e-07
2.555290e+04  3.542704e-07
2.596620e+04  3.342838e-07
2.638610e+04  3.153971e-07
2.681290e+04  2.975476e-07
2.724660e+04  2.806837e-07
2.768730e+04  2.647536e-07
2.813510e+04  2.497070e-07
2.859020e+04  2.354961e-07
2.905260e+04  2.220778e-07
2.952250e+04  2.094081e-07
3.000000e+04  1.974472e-07
-1  -1
