  -1
3.100200e+01  1.218431e+00
3.300300e+01  1.463548e+00
3.520300e+01  1.236917e+00
3.530100e+01  1.227931e+00
3.540200e+01  1.222949e+00
3.550200e+01  1.214822e+00
3.570200e+01  1.194140e+00
3.580200e+01  1.186522e+00
3.600200e+01  1.170690e+00
3.620200e+01  1.155370e+00
3.640300e+01  1.140544e+00
3.650100e+01  1.132235e+00
3.660200e+01  1.125483e+00
3.680200e+01  1.108649e+00
3.690200e+01  1.102656e+00
3.710200e+01  1.087552e+00
3.740100e+01  1.069443e+00
3.786940e+01  1.040103e+00
3.834360e+01  1.011347e+00
3.882380e+01  9.825713e-01
3.900300e+01  9.707442e-01
3.910200e+01  9.680209e-01
3.959170e+01  9.416513e-01
3.960300e+01  9.410581e-01
3.980200e+01  9.283191e-01
4.020400e+01  9.045565e-01
4.070750e+01  8.754030e-01
4.121730e+01  8.463407e-01
4.173350e+01  8.168215e-01
4.225610e+01  7.881289e-01
4.278530e+01  7.597287e-01
4.332110e+01  7.351190e-01
4.386360e+01  7.122134e-01
4.441300e+01  6.910803e-01
4.496920e+01  6.710062e-01
4.553230e+01  6.509604e-01
4.610260e+01  6.277463e-01
4.667990e+01  6.022078e-01
4.726450e+01  5.733700e-01
4.785640e+01  5.430145e-01
4.790200e+01  5.407726e-01
4.810200e+01  5.294748e-01
4.870300e+01  4.983347e-01
4.910700e+01  4.795252e-01
4.940300e+01  4.672081e-01
4.969900e+01  4.565393e-01
5.000200e+01  4.481959e-01
5.030500e+01  4.427497e-01
5.060200e+01  4.408019e-01
5.080400e+01  4.411309e-01
5.110000e+01  4.459429e-01
5.173990e+01  4.643462e-01
5.190100e+01  4.706722e-01
5.220100e+01  4.824721e-01
5.250300e+01  4.942800e-01
5.280400e+01  5.055996e-01
5.310200e+01  5.151883e-01
5.340200e+01  5.235298e-01
5.390700e+01  5.343952e-01
5.450300e+01  5.434320e-01
5.500200e+01  5.482273e-01
5.569080e+01  5.517655e-01
5.638820e+01  5.534884e-01
5.709440e+01  5.534869e-01
5.780940e+01  5.534869e-01
5.853340e+01  5.528975e-01
5.880300e+01  5.526152e-01
5.950100e+01  5.490364e-01
6.024620e+01  5.418888e-01
6.100060e+01  5.310011e-01
6.176460e+01  5.169133e-01
6.253810e+01  4.997224e-01
6.332130e+01  4.813791e-01
6.410300e+01  4.622543e-01
6.480000e+01  4.460513e-01
6.551000e+01  4.321071e-01
6.610800e+01  4.222363e-01
6.693590e+01  4.133000e-01
6.777420e+01  4.067092e-01
6.789900e+01  4.059784e-01
6.839800e+01  4.020263e-01
6.890500e+01  3.960386e-01
6.919600e+01  3.909607e-01
6.960400e+01  3.827041e-01
6.990300e+01  3.741680e-01
7.020300e+01  3.619869e-01
7.040200e+01  3.502892e-01
7.050400e+01  3.432003e-01
7.060200e+01  3.341924e-01
7.070200e+01  3.247232e-01
7.080400e+01  3.164671e-01
7.090100e+01  3.193712e-01
7.110300e+01  3.583839e-01
7.120200e+01  3.772793e-01
7.130300e+01  3.914279e-01
7.140200e+01  3.996734e-01
7.150200e+01  4.048280e-01
7.160200e+01  4.052437e-01
7.240400e+01  3.967018e-01
7.331070e+01  3.755790e-01
7.340400e+01  3.732290e-01
7.380200e+01  3.591577e-01
7.400100e+01  3.499575e-01
7.410400e+01  3.452199e-01
7.420100e+01  3.427690e-01
7.430200e+01  3.458603e-01
7.440400e+01  3.536403e-01
7.450100e+01  3.608291e-01
7.460400e+01  3.666399e-01
7.470200e+01  3.697392e-01
7.480200e+01  3.707612e-01
7.500200e+01  3.694410e-01
7.570200e+01  3.566930e-01
7.660400e+01  3.383897e-01
7.700400e+01  3.313446e-01
7.760200e+01  3.226293e-01
7.857380e+01  3.080791e-01
7.955780e+01  2.934571e-01
7.990300e+01  2.883096e-01
8.060300e+01  2.799117e-01
8.161240e+01  2.689892e-01
8.220100e+01  2.631757e-01
8.320200e+01  2.521449e-01
8.424400e+01  2.405554e-01
8.529900e+01  2.293139e-01
8.636720e+01  2.184181e-01
8.744880e+01  2.078859e-01
8.840600e+01  1.991407e-01
8.910200e+01  1.917982e-01
9.021790e+01  1.795150e-01
9.130200e+01  1.681963e-01
9.210300e+01  1.604573e-01
9.310300e+01  1.498501e-01
9.420200e+01  1.388319e-01
9.538170e+01  1.291471e-01
9.657620e+01  1.201717e-01
9.778570e+01  1.117782e-01
9.780400e+01  1.116552e-01
9.880300e+01  1.059340e-01
1.000400e+02  9.992669e-02
1.012930e+02  9.392472e-02
1.025620e+02  8.792571e-02
1.036990e+02  8.290593e-02
1.048990e+02  7.727411e-02
1.062130e+02  7.136724e-02
1.070040e+02  6.803703e-02
1.078040e+02  6.498433e-02
1.079510e+02  6.490085e-02
1.093030e+02  6.044525e-02
1.095170e+02  5.975189e-02
1.100230e+02  5.800623e-02
1.105310e+02  5.658290e-02
1.115340e+02  5.358340e-02
1.129310e+02  4.993473e-02
1.140350e+02  4.726097e-02
1.145360e+02  4.620524e-02
1.150350e+02  4.508385e-02
1.160350e+02  4.317022e-02
1.170340e+02  4.157130e-02
1.185000e+02  3.952056e-02
1.199840e+02  3.775383e-02
1.210350e+02  3.657215e-02
1.225370e+02  3.507503e-02
1.240350e+02  3.372185e-02
1.255880e+02  3.254621e-02
1.271610e+02  3.146761e-02
1.287540e+02  3.050436e-02
1.303660e+02  2.964440e-02
1.319990e+02  2.887702e-02
1.336520e+02  2.816051e-02
1.353260e+02  2.746604e-02
1.370200e+02  2.679149e-02
1.387360e+02  2.623562e-02
1.400380e+02  2.586049e-02
1.415380e+02  2.558597e-02
1.433110e+02  2.543786e-02
1.451050e+02  2.541820e-02
1.469220e+02  2.546962e-02
1.487620e+02  2.554298e-02
1.506250e+02  2.556671e-02
1.525120e+02  2.550043e-02
1.544220e+02  2.535082e-02
1.563560e+02  2.516010e-02
1.583140e+02  2.502249e-02
1.602960e+02  2.496125e-02
1.620430e+02  2.497317e-02
1.640420e+02  2.509692e-02
1.660960e+02  2.531062e-02
1.681760e+02  2.558512e-02
1.702830e+02  2.588265e-02
1.724150e+02  2.618844e-02
1.745740e+02  2.650145e-02
1.767610e+02  2.682161e-02
1.780440e+02  2.701137e-02
1.790420e+02  2.715753e-02
1.795460e+02  2.721162e-02
1.798700e+02  2.730900e-02
1.804490e+02  2.738231e-02
1.809930e+02  2.754014e-02
1.815090e+02  2.757652e-02
1.825290e+02  2.776768e-02
1.840400e+02  2.793615e-02
1.850360e+02  2.800453e-02
1.865450e+02  2.823572e-02
1.875420e+02  2.824485e-02
1.885520e+02  2.831446e-02
1.890370e+02  2.839254e-02
1.900440e+02  2.838147e-02
1.905450e+02  2.845846e-02
1.910460e+02  2.839346e-02
1.920440e+02  2.850185e-02
1.925470e+02  2.847972e-02
1.935430e+02  2.850985e-02
1.940460e+02  2.848451e-02
1.964760e+02  2.856903e-02
1.980380e+02  2.862689e-02
1.985520e+02  2.855827e-02
1.990440e+02  2.869827e-02
1.995420e+02  2.876082e-02
2.000490e+02  2.865397e-02
2.005390e+02  2.869130e-02
2.010420e+02  2.864462e-02
2.015530e+02  2.872360e-02
2.020420e+02  2.872188e-02
2.025430e+02  2.859437e-02
2.035420e+02  2.869053e-02
2.045480e+02  2.856176e-02
2.055420e+02  2.853312e-02
2.070520e+02  2.839847e-02
2.075420e+02  2.841704e-02
2.080470e+02  2.826647e-02
2.095540e+02  2.813096e-02
2.105430e+02  2.803894e-02
2.110530e+02  2.807662e-02
2.115420e+02  2.790729e-02
2.120500e+02  2.794295e-02
2.125460e+02  2.789846e-02
2.130520e+02  2.779160e-02
2.140470e+02  2.777864e-02
2.150510e+02  2.768601e-02
2.155470e+02  2.772398e-02
2.170400e+02  2.756401e-02
2.180540e+02  2.763439e-02
2.185430e+02  2.761214e-02
2.195390e+02  2.766492e-02
2.200520e+02  2.764333e-02
2.205390e+02  2.755528e-02
2.210430e+02  2.753069e-02
2.220580e+02  2.764286e-02
2.225460e+02  2.759767e-02
2.230440e+02  2.769873e-02
2.240540e+02  2.769143e-02
2.245430e+02  2.777154e-02
2.255480e+02  2.768483e-02
2.265450e+02  2.771714e-02
2.270500e+02  2.779765e-02
2.275520e+02  2.779471e-02
2.280490e+02  2.785623e-02
2.285480e+02  2.783368e-02
2.290490e+02  2.774848e-02
2.295450e+02  2.790822e-02
2.300420e+02  2.782456e-02
2.305580e+02  2.799261e-02
2.320460e+02  2.786256e-02
2.330490e+02  2.788108e-02
2.335490e+02  2.781820e-02
2.345360e+02  2.787289e-02
2.350550e+02  2.797662e-02
2.360500e+02  2.779261e-02
2.365380e+02  2.781025e-02
2.370450e+02  2.789140e-02
2.375540e+02  2.776784e-02
2.380570e+02  2.782986e-02
2.395390e+02  2.774196e-02
2.400500e+02  2.780324e-02
2.405420e+02  2.774494e-02
2.410570e+02  2.759721e-02
2.415440e+02  2.767634e-02
2.425500e+02  2.767808e-02
2.430380e+02  2.751658e-02
2.440440e+02  2.763244e-02
2.445600e+02  2.745334e-02
2.460560e+02  2.736399e-02
2.465540e+02  2.722057e-02
2.470490e+02  2.725996e-02
2.475460e+02  2.719851e-02
2.480450e+02  2.703210e-02
2.485370e+02  2.713022e-02
2.495410e+02  2.703048e-02
2.500440e+02  2.692354e-02
2.505480e+02  2.700772e-02
2.520450e+02  2.685773e-02
2.525490e+02  2.683848e-02
2.530490e+02  2.671380e-02
2.535610e+02  2.667006e-02
2.545460e+02  2.670726e-02
2.555400e+02  2.660382e-02
2.565610e+02  2.658277e-02
2.570480e+02  2.645911e-02
2.575450e+02  2.651578e-02
2.580450e+02  2.643221e-02
2.600550e+02  2.641394e-02
2.610660e+02  2.618621e-02
2.620540e+02  2.628777e-02
2.625500e+02  2.614570e-02
2.630430e+02  2.618532e-02
2.635540e+02  2.602066e-02
2.640460e+02  2.605947e-02
2.660480e+02  2.587941e-02
2.665600e+02  2.579576e-02
2.675410e+02  2.571336e-02
2.680420e+02  2.565204e-02
2.685510e+02  2.548799e-02
2.690620e+02  2.546536e-02
2.695580e+02  2.536176e-02
2.700010e+02  2.532052e-02
2.705180e+02  2.521581e-02
2.720220e+02  2.502829e-02
2.725230e+02  2.494324e-02
2.730240e+02  2.494268e-02
2.735220e+02  2.483808e-02
2.745240e+02  2.475298e-02
2.770210e+02  2.450055e-02
2.804900e+02  2.422668e-02
2.805220e+02  2.422420e-02
2.810240e+02  2.422546e-02
2.830250e+02  2.395450e-02
2.840250e+02  2.391101e-02
2.845240e+02  2.378902e-02
2.865250e+02  2.365730e-02
2.875240e+02  2.359589e-02
2.880230e+02  2.351050e-02
2.890220e+02  2.353046e-02
2.895240e+02  2.348994e-02
2.900240e+02  2.336799e-02
2.925230e+02  2.325676e-02
2.945250e+02  2.305159e-02
2.950240e+02  2.296932e-02
2.960220e+02  2.288401e-02
2.990250e+02  2.263172e-02
2.995230e+02  2.262876e-02
3.010250e+02  2.250296e-02
3.040250e+02  2.235377e-02
3.050240e+02  2.227051e-02
3.055230e+02  2.231055e-02
3.060230e+02  2.220424e-02
3.085220e+02  2.214075e-02
3.123860e+02  2.197734e-02
3.150280e+02  2.186748e-02
3.165220e+02  2.184712e-02
3.190250e+02  2.172408e-02
3.220270e+02  2.149709e-02
3.260600e+02  2.128194e-02
3.301430e+02  2.103146e-02
3.342780e+02  2.068053e-02
3.365270e+02  2.049324e-02
3.380210e+02  2.032117e-02
3.405240e+02  2.014059e-02
3.447890e+02  1.996038e-02
3.491060e+02  1.973262e-02
3.505280e+02  1.965151e-02
3.515310e+02  1.961430e-02
3.545300e+02  1.941308e-02
3.589700e+02  1.909659e-02
3.610290e+02  1.895286e-02
3.650250e+02  1.859826e-02
3.695960e+02  1.830419e-02
3.742250e+02  1.801623e-02
3.789120e+02  1.772283e-02
3.836570e+02  1.738720e-02
3.855290e+02  1.725743e-02
3.895330e+02  1.697641e-02
3.944110e+02  1.665571e-02
3.993510e+02  1.632846e-02
4.043520e+02  1.594293e-02
4.094160e+02  1.553683e-02
4.145430e+02  1.516910e-02
4.197350e+02  1.483417e-02
4.249910e+02  1.454280e-02
4.303130e+02  1.426144e-02
4.357020e+02  1.398958e-02
4.411590e+02  1.370266e-02
4.466840e+02  1.340135e-02
4.522780e+02  1.310338e-02
4.579420e+02  1.281817e-02
4.636770e+02  1.255013e-02
4.660110e+02  1.244373e-02
4.670120e+02  1.238057e-02
4.680100e+02  1.236154e-02
4.720090e+02  1.215510e-02
4.735190e+02  1.208499e-02
4.740120e+02  1.204698e-02
4.750110e+02  1.200582e-02
4.760140e+02  1.193778e-02
4.780100e+02  1.184243e-02
4.839960e+02  1.149447e-02
4.840110e+02  1.149363e-02
4.894990e+02  1.120790e-02
4.915150e+02  1.111881e-02
4.970090e+02  1.087877e-02
4.990120e+02  1.078142e-02
5.025390e+02  1.065998e-02
5.060310e+02  1.052746e-02
5.085390e+02  1.044852e-02
5.095310e+02  1.042579e-02
5.130380e+02  1.035370e-02
5.155360e+02  1.036437e-02
5.190300e+02  1.048373e-02
5.210280e+02  1.043775e-02
5.235360e+02  1.039354e-02
5.255340e+02  1.041426e-02
5.275240e+02  1.037309e-02
5.300370e+02  1.023196e-02
5.330280e+02  1.002336e-02
5.365300e+02  9.780831e-03
5.405340e+02  9.608293e-03
5.450380e+02  9.444542e-03
5.460340e+02  9.421847e-03
5.505310e+02  9.275560e-03
5.545370e+02  9.113082e-03
5.575280e+02  8.962223e-03
5.585380e+02  8.895279e-03
5.590330e+02  8.842471e-03
5.599940e+02  8.802798e-03
5.605470e+02  8.814790e-03
5.610370e+02  8.739672e-03
5.615280e+02  8.747687e-03
5.620290e+02  8.710570e-03
5.635220e+02  8.655724e-03
5.650360e+02  8.596226e-03
5.655300e+02  8.618248e-03
5.660370e+02  8.559527e-03
5.670300e+02  8.515996e-03
5.675280e+02  8.519797e-03
5.680310e+02  8.489294e-03
5.685460e+02  8.489219e-03
5.700340e+02  8.446151e-03
5.720390e+02  8.364331e-03
5.725370e+02  8.366361e-03
5.750210e+02  8.266433e-03
5.760370e+02  8.258108e-03
5.780290e+02  8.190718e-03
5.785420e+02  8.161785e-03
5.790430e+02  8.162101e-03
5.810350e+02  8.083872e-03
5.815360e+02  8.079822e-03
5.830280e+02  8.016750e-03
5.850430e+02  7.979692e-03
5.860430e+02  7.932895e-03
5.865260e+02  7.932840e-03
5.870370e+02  7.901647e-03
5.875360e+02  7.916192e-03
5.890360e+02  7.852629e-03
5.895420e+02  7.846559e-03
5.900410e+02  7.812309e-03
5.930390e+02  7.740494e-03
5.945370e+02  7.687326e-03
5.950260e+02  7.683422e-03
5.990430e+02  7.575203e-03
5.995210e+02  7.548142e-03
6.000370e+02  7.549991e-03
6.015420e+02  7.505262e-03
6.020380e+02  7.508847e-03
6.025440e+02  7.480299e-03
6.040250e+02  7.441653e-03
6.050260e+02  7.426987e-03
6.060300e+02  7.404448e-03
6.065280e+02  7.402609e-03
6.075370e+02  7.375963e-03
6.125290e+02  7.302319e-03
6.140540e+02  7.269289e-03
6.160300e+02  7.234815e-03
6.175540e+02  7.202246e-03
6.180240e+02  7.180132e-03
6.205330e+02  7.110619e-03
6.255370e+02  6.956569e-03
6.270290e+02  6.923075e-03
6.275380e+02  6.901150e-03
6.310420e+02  6.819236e-03
6.315370e+02  6.799182e-03
6.320330e+02  6.796637e-03
6.399480e+02  6.601195e-03
6.415430e+02  6.562672e-03
6.420340e+02  6.560328e-03
6.500740e+02  6.356380e-03
6.505320e+02  6.344921e-03
6.510210e+02  6.324607e-03
6.590490e+02  6.142459e-03
6.605450e+02  6.116004e-03
6.640370e+02  6.034666e-03
6.645520e+02  6.030471e-03
6.655330e+02  6.002006e-03
6.670410e+02  5.971463e-03
6.680300e+02  5.942898e-03
6.763960e+02  5.762574e-03
6.800500e+02  5.686181e-03
6.825210e+02  5.633130e-03
6.835380e+02  5.616821e-03
6.920980e+02  5.447346e-03
6.935510e+02  5.419190e-03
6.950360e+02  5.388612e-03
6.955510e+02  5.386595e-03
7.040370e+02  5.233541e-03
7.055490e+02  5.213033e-03
7.065350e+02  5.216894e-03
7.075490e+02  5.241188e-03
7.085400e+02  5.212988e-03
7.095280e+02  5.178525e-03
7.130430e+02  5.103283e-03
7.185120e+02  5.017588e-03
7.205330e+02  5.007214e-03
7.250440e+02  4.937925e-03
7.341240e+02  4.829854e-03
7.365390e+02  4.801750e-03
7.400360e+02  4.748895e-03
7.493040e+02  4.594496e-03
7.525610e+02  4.541811e-03
7.570390e+02  4.482864e-03
7.585390e+02  4.458558e-03
7.595540e+02  4.446376e-03
7.600220e+02  4.432293e-03
7.670580e+02  4.328515e-03
7.690480e+02  4.298137e-03
7.760620e+02  4.174395e-03
7.857810e+02  4.034410e-03
7.956220e+02  3.899117e-03
8.055850e+02  3.768362e-03
8.156740e+02  3.642000e-03
8.258890e+02  3.519863e-03
8.362320e+02  3.401835e-03
8.467050e+02  3.285557e-03
8.573080e+02  3.172832e-03
8.680450e+02  3.063960e-03
8.789160e+02  2.958839e-03
8.899230e+02  2.857330e-03
9.010680e+02  2.759297e-03
9.123520e+02  2.664653e-03
9.237780e+02  2.572975e-03
9.353470e+02  2.482051e-03
9.470600e+02  2.394355e-03
9.589210e+02  2.309744e-03
9.709300e+02  2.228134e-03
9.830890e+02  2.149411e-03
9.954010e+02  2.073481e-03
1.007870e+03  2.000223e-03
1.020490e+03  1.928523e-03
1.033270e+03  1.857644e-03
1.046210e+03  1.789360e-03
1.059310e+03  1.723597e-03
1.072580e+03  1.660239e-03
1.086010e+03  1.599232e-03
1.099610e+03  1.540466e-03
1.113380e+03  1.483862e-03
1.127320e+03  1.429341e-03
1.141440e+03  1.376823e-03
1.155740e+03  1.326222e-03
1.170210e+03  1.277506e-03
1.184870e+03  1.230567e-03
1.199700e+03  1.185377e-03
1.214730e+03  1.141823e-03
1.229940e+03  1.099891e-03
1.245340e+03  1.059496e-03
1.260940e+03  1.020018e-03
1.276730e+03  9.816684e-04
1.292720e+03  9.447587e-04
1.308910e+03  9.092356e-04
1.325300e+03  8.750524e-04
1.341900e+03  8.421561e-04
1.358700e+03  8.105056e-04
1.375720e+03  7.800302e-04
1.392950e+03  7.507120e-04
1.410390e+03  7.224974e-04
1.428060e+03  6.953380e-04
1.445940e+03  6.692049e-04
1.464050e+03  6.440575e-04
1.482380e+03  6.198548e-04
1.500950e+03  5.963614e-04
1.519740e+03  5.735135e-04
1.538780e+03  5.515320e-04
1.558050e+03  5.303982e-04
1.577560e+03  5.100795e-04
1.597320e+03  4.905308e-04
1.617320e+03  4.717391e-04
1.637570e+03  4.536688e-04
1.658080e+03  4.362864e-04
1.678850e+03  4.195687e-04
1.699870e+03  4.034978e-04
1.721160e+03  3.880388e-04
1.742720e+03  3.731710e-04
1.764540e+03  3.587079e-04
1.786640e+03  3.446541e-04
1.809010e+03  3.311560e-04
1.831670e+03  3.181814e-04
1.854610e+03  3.057184e-04
1.877830e+03  2.937435e-04
1.901350e+03  2.822360e-04
1.925160e+03  2.711800e-04
1.949270e+03  2.605568e-04
1.973680e+03  2.503488e-04
1.998400e+03  2.405408e-04
2.023430e+03  2.311119e-04
2.048770e+03  2.220543e-04
2.074420e+03  2.132169e-04
2.100400e+03  2.046484e-04
2.121500e+03  1.978581e-04
2.121700e+03  5.563915e-04
2.126710e+03  5.523667e-04
2.153340e+03  5.298683e-04
2.180310e+03  5.081518e-04
2.201800e+03  4.913950e-04
2.202000e+03  7.259857e-04
2.207610e+03  7.199970e-04
2.235260e+03  6.900026e-04
2.263250e+03  6.611655e-04
2.291600e+03  6.335048e-04
2.320290e+03  6.069992e-04
2.349350e+03  5.815882e-04
2.378770e+03  5.572410e-04
2.408560e+03  5.339086e-04
2.438730e+03  5.115457e-04
2.469270e+03  4.901230e-04
2.500190e+03  4.695959e-04
2.531500e+03  4.499250e-04
2.563210e+03  4.310753e-04
2.595310e+03  4.130137e-04
2.627810e+03  3.957019e-04
2.645300e+03  3.867270e-04
2.645500e+03  4.473865e-04
2.660720e+03  4.386397e-04
2.694040e+03  4.201333e-04
2.727780e+03  4.024002e-04
2.761940e+03  3.854127e-04
2.796530e+03  3.691406e-04
2.831550e+03  3.535555e-04
2.867010e+03  3.386285e-04
2.902920e+03  3.243285e-04
2.939270e+03  3.106346e-04
2.976080e+03  2.975177e-04
3.013350e+03  2.849520e-04
3.026400e+03  2.807049e-04
3.026600e+03  2.979941e-04
3.051090e+03  2.898793e-04
3.089300e+03  2.777633e-04
3.127990e+03  2.661525e-04
3.167160e+03  2.550262e-04
3.206820e+03  2.443659e-04
3.246980e+03  2.341504e-04
3.287650e+03  2.243593e-04
3.295900e+03  2.224332e-04
3.296100e+03  2.320077e-04
3.328820e+03  2.243297e-04
3.370510e+03  2.150098e-04
3.412720e+03  2.060768e-04
3.455460e+03  1.975149e-04
3.498730e+03  1.893090e-04
3.542550e+03  1.814433e-04
3.586910e+03  1.739055e-04
3.631830e+03  1.666802e-04
3.677310e+03  1.597487e-04
3.723370e+03  1.530835e-04
3.770000e+03  1.466977e-04
3.817210e+03  1.405777e-04
3.865010e+03  1.347135e-04
3.913420e+03  1.290889e-04
3.962430e+03  1.236467e-04
4.012050e+03  1.184340e-04
4.062290e+03  1.134407e-04
4.113170e+03  1.086580e-04
4.164680e+03  1.040772e-04
4.216830e+03  9.968966e-05
4.269640e+03  9.548724e-05
4.323110e+03  9.146114e-05
4.377250e+03  8.760537e-05
4.432070e+03  8.391225e-05
4.487580e+03  8.034997e-05
4.543780e+03  7.693094e-05
4.600680e+03  7.366227e-05
4.658300e+03  7.055099e-05
4.716640e+03  6.757167e-05
4.775700e+03  6.471816e-05
4.835510e+03  6.198457e-05
4.896070e+03  5.936306e-05
4.957380e+03  5.670908e-05
5.019470e+03  5.429411e-05
5.082330e+03  5.196593e-05
5.145980e+03  4.969868e-05
5.210420e+03  4.768156e-05
5.275670e+03  4.565349e-05
5.341740e+03  4.363259e-05
5.408640e+03  4.171341e-05
5.476380e+03  4.001570e-05
5.544960e+03  3.829768e-05
5.614400e+03  3.669819e-05
5.684710e+03  3.514686e-05
5.755900e+03  3.360168e-05
5.827990e+03  3.204850e-05
5.900970e+03  3.075505e-05
5.974870e+03  2.942316e-05
6.049700e+03  2.807350e-05
6.125460e+03  2.683846e-05
6.202170e+03  2.574213e-05
6.279850e+03  2.465240e-05
6.358490e+03  2.356692e-05
6.438120e+03  2.250380e-05
6.518750e+03  2.157132e-05
6.600390e+03  2.063596e-05
6.683050e+03  1.975490e-05
6.766740e+03  1.892238e-05
6.851480e+03  1.810021e-05
6.937290e+03  1.731373e-05
7.024160e+03  1.656143e-05
7.112130e+03  1.584183e-05
7.201200e+03  1.515349e-05
7.291380e+03  1.449508e-05
7.382700e+03  1.387000e-05
7.475150e+03  1.327309e-05
7.568770e+03  1.270096e-05
7.663550e+03  1.215040e-05
7.759530e+03  1.162368e-05
7.856700e+03  1.111982e-05
7.955100e+03  1.063775e-05
8.054720e+03  1.017664e-05
8.155590e+03  9.735501e-06
8.257730e+03  9.313476e-06
8.361140e+03  8.904185e-06
8.465850e+03  8.511763e-06
8.571880e+03  8.155509e-06
8.679220e+03  7.801880e-06
8.787920e+03  7.462303e-06
8.897970e+03  7.133274e-06
9.009410e+03  6.810699e-06
9.122230e+03  6.514411e-06
9.236470e+03  6.231007e-06
9.352150e+03  5.959928e-06
9.469270e+03  5.700644e-06
9.587860e+03  5.452629e-06
9.707930e+03  5.215414e-06
9.829500e+03  4.991041e-06
9.952600e+03  4.774745e-06
1.007720e+04  4.560585e-06
1.020340e+04  4.355989e-06
1.033120e+04  4.154439e-06
1.046060e+04  3.959967e-06
1.059160e+04  3.775517e-06
1.072430e+04  3.604768e-06
1.085860e+04  3.446734e-06
1.099450e+04  3.291433e-06
1.113220e+04  3.141155e-06
1.127160e+04  3.002298e-06
1.141280e+04  2.861647e-06
1.155570e+04  2.727491e-06
1.156270e+04  2.721140e-06
1.156290e+04  7.144153e-06
1.170050e+04  6.825072e-06
1.184700e+04  6.504729e-06
1.199530e+04  6.207902e-06
1.214560e+04  5.924484e-06
1.229770e+04  5.654064e-06
1.245170e+04  5.396007e-06
1.260760e+04  5.149748e-06
1.276550e+04  4.899916e-06
1.292540e+04  4.673426e-06
1.308720e+04  4.462938e-06
1.325110e+04  4.261892e-06
1.327180e+04  4.237335e-06
1.327200e+04  5.882240e-06
1.341710e+04  5.667526e-06
1.358510e+04  5.431395e-06
1.375530e+04  5.205014e-06
1.388060e+04  5.046011e-06
1.388080e+04  5.651003e-06
1.392750e+04  5.587148e-06
1.410190e+04  5.356877e-06
1.427850e+04  5.136061e-06
1.434120e+04  5.060527e-06
1.440690e+04  4.960456e-06
1.458730e+04  4.747467e-06
1.477000e+04  4.543601e-06
1.495500e+04  4.348476e-06
1.514220e+04  4.161816e-06
1.533190e+04  3.983060e-06
1.552390e+04  3.809216e-06
1.571830e+04  3.641443e-06
1.591510e+04  3.481071e-06
1.611450e+04  3.327697e-06
1.631630e+04  3.181131e-06
1.652060e+04  3.041029e-06
1.672750e+04  2.907078e-06
1.693700e+04  2.779028e-06
1.714910e+04  2.656617e-06
1.736390e+04  2.539596e-06
1.758130e+04  2.427750e-06
1.780150e+04  2.320812e-06
1.802440e+04  2.218599e-06
1.825010e+04  2.120878e-06
1.847870e+04  2.027453e-06
1.871010e+04  1.938153e-06
1.894440e+04  1.852789e-06
1.918170e+04  1.771173e-06
1.942190e+04  1.693158e-06
1.966510e+04  1.618585e-06
1.991140e+04  1.547289e-06
2.016080e+04  1.479177e-06
2.041320e+04  1.414252e-06
2.066890e+04  1.352161e-06
2.092770e+04  1.292810e-06
2.118980e+04  1.236057e-06
2.145520e+04  1.181793e-06
2.172390e+04  1.129911e-06
2.199590e+04  1.080316e-06
2.227140e+04  1.032889e-06
2.255030e+04  9.875475e-07
2.283270e+04  9.441978e-07
2.311870e+04  9.026562e-07
2.340820e+04  8.628593e-07
2.370130e+04  8.248182e-07
2.399820e+04  7.884456e-07
2.429870e+04  7.536844e-07
2.460300e+04  7.204899e-07
2.491110e+04  6.890582e-07
2.522310e+04  6.589969e-07
2.553900e+04  6.302454e-07
2.585880e+04  6.027523e-07
2.618260e+04  5.764567e-07
2.651050e+04  5.505031e-07
2.684250e+04  5.254611e-07
2.717870e+04  5.015570e-07
2.751910e+04  4.787402e-07
2.786370e+04  4.569631e-07
2.821270e+04  4.361745e-07
2.856600e+04  4.163333e-07
2.892370e+04  3.973967e-07
2.928590e+04  3.793189e-07
2.965270e+04  3.620626e-07
3.000000e+04  3.466309e-07
-1  -1
