  -1
3.025550e+01  2.433364e-01
3.074490e+01  2.220736e-01
3.124210e+01  2.020964e-01
3.174750e+01  1.835292e-01
3.226090e+01  1.667653e-01
3.278270e+01  1.528828e-01
3.331300e+01  1.402080e-01
3.385180e+01  1.285873e-01
3.439930e+01  1.179294e-01
3.495570e+01  1.081568e-01
3.552110e+01  9.919994e-02
3.609560e+01  9.099397e-02
3.667940e+01  8.347884e-02
3.727270e+01  7.659220e-02
3.787550e+01  7.004354e-02
3.848820e+01  6.405452e-02
3.911070e+01  5.858431e-02
3.974320e+01  5.358957e-02
4.038610e+01  4.902895e-02
4.103930e+01  4.486541e-02
4.170310e+01  4.106371e-02
4.237760e+01  3.759251e-02
4.306300e+01  3.441696e-02
4.375950e+01  3.138734e-02
4.446730e+01  2.862735e-02
4.518650e+01  2.611415e-02
4.591740e+01  2.382547e-02
4.666000e+01  2.174122e-02
4.741470e+01  1.984255e-02
4.818160e+01  1.811313e-02
4.896090e+01  1.647300e-02
4.975280e+01  1.493372e-02
5.055760e+01  1.353914e-02
5.137530e+01  1.227570e-02
5.220620e+01  1.114176e-02
5.305060e+01  1.029537e-02
5.390870e+01  9.515603e-03
5.478060e+01  8.719518e-03
5.566670e+01  7.752702e-03
5.656700e+01  7.099863e-03
5.748200e+01  6.664370e-03
5.841170e+01  6.255836e-03
5.935640e+01  5.937745e-03
6.031650e+01  5.706201e-03
6.129210e+01  5.525538e-03
6.228340e+01  5.532328e-03
6.329080e+01  5.615743e-03
6.431450e+01  5.894896e-03
6.535470e+01  6.388387e-03
6.641180e+01  7.090745e-03
6.748590e+01  8.341962e-03
6.857750e+01  9.811244e-03
6.968670e+01  1.153278e-02
7.081380e+01  1.353986e-02
7.195910e+01  1.595347e-02
7.312300e+01  2.274938e-02
7.430570e+01  3.247300e-02
7.550760e+01  4.651161e-02
7.672890e+01  6.759991e-02
7.796990e+01  7.963068e-02
7.923100e+01  8.829066e-02
8.051250e+01  9.163430e-02
8.181470e+01  9.480064e-02
8.313800e+01  9.803262e-02
8.448270e+01  1.003309e-01
8.584910e+01  1.008511e-01
8.723770e+01  1.012750e-01
8.864870e+01  1.009229e-01
9.008250e+01  9.910909e-02
9.153950e+01  9.722254e-02
9.302010e+01  9.533784e-02
9.452460e+01  9.300878e-02
9.605350e+01  8.893914e-02
9.760710e+01  8.491817e-02
9.918580e+01  8.100317e-02
1.007900e+02  7.722735e-02
1.024200e+02  7.362982e-02
1.040770e+02  6.912535e-02
1.057600e+02  6.451375e-02
1.074710e+02  6.015800e-02
1.092090e+02  5.606509e-02
1.109750e+02  5.222866e-02
1.127700e+02  4.863839e-02
1.145940e+02  4.528428e-02
1.164480e+02  4.215471e-02
1.183310e+02  3.924292e-02
1.202450e+02  3.613043e-02
1.221900e+02  3.323879e-02
1.241660e+02  3.057149e-02
1.261750e+02  2.811414e-02
1.282150e+02  2.585256e-02
1.302890e+02  2.377135e-02
1.323970e+02  2.185715e-02
1.345380e+02  2.009798e-02
1.367140e+02  1.838219e-02
1.389250e+02  1.679929e-02
1.411720e+02  1.535234e-02
1.434560e+02  1.402990e-02
1.457760e+02  1.282187e-02
1.481340e+02  1.171799e-02
1.505300e+02  1.070965e-02
1.529640e+02  9.788517e-03
1.554390e+02  8.946828e-03
1.579530e+02  8.178095e-03
1.605070e+02  7.475859e-03
1.631030e+02  6.834484e-03
1.657420e+02  6.171559e-03
1.684220e+02  5.567404e-03
1.711460e+02  5.022429e-03
1.739150e+02  4.530881e-03
1.767270e+02  4.087669e-03
1.795860e+02  3.687868e-03
1.824910e+02  3.327242e-03
1.854420e+02  3.042040e-03
1.884420e+02  2.803960e-03
1.914890e+02  2.584740e-03
1.945870e+02  2.382734e-03
1.977340e+02  2.196650e-03
2.009320e+02  2.025174e-03
2.041820e+02  1.867157e-03
2.074850e+02  1.720608e-03
2.108400e+02  1.583613e-03
2.142510e+02  1.457544e-03
2.177160e+02  1.341561e-03
2.212370e+02  1.234836e-03
2.248160e+02  1.146802e-03
2.284520e+02  1.078236e-03
2.321470e+02  1.013797e-03
2.359020e+02  9.532326e-04
2.397170e+02  8.993373e-04
2.435950e+02  8.724175e-04
2.475350e+02  8.463389e-04
2.515380e+02  8.230874e-04
2.556070e+02  8.061865e-04
2.597410e+02  7.896562e-04
2.639420e+02  7.739582e-04
2.682110e+02  7.664489e-04
2.725490e+02  7.590284e-04
2.769570e+02  7.516913e-04
2.814370e+02  7.444289e-04
2.859890e+02  7.444428e-04
2.906150e+02  7.517168e-04
2.953150e+02  7.590702e-04
3.000920e+02  7.807891e-04
3.049450e+02  8.065601e-04
3.098780e+02  8.341021e-04
3.148900e+02  8.629612e-04
3.199830e+02  8.940744e-04
3.251580e+02  9.489295e-04
3.304180e+02  1.007168e-03
3.357620e+02  1.062809e-03
3.411920e+02  1.121167e-03
3.467110e+02  1.192415e-03
3.523190e+02  1.273744e-03
3.580170e+02  1.360659e-03
3.638080e+02  1.446710e-03
3.696920e+02  1.526397e-03
3.756720e+02  1.610476e-03
3.817480e+02  1.699239e-03
3.879220e+02  1.792934e-03
3.941970e+02  1.881865e-03
4.005730e+02  1.972576e-03
4.070520e+02  2.049286e-03
4.136350e+02  2.126226e-03
4.203260e+02  2.194631e-03
4.271240e+02  2.221461e-03
4.340320e+02  2.248583e-03
4.410520e+02  2.276044e-03
4.481860e+02  2.289417e-03
4.554350e+02  2.292588e-03
4.628020e+02  2.295735e-03
4.702870e+02  2.298918e-03
4.778940e+02  2.293725e-03
4.856230e+02  2.256681e-03
4.934780e+02  2.220178e-03
5.014590e+02  2.184252e-03
5.095700e+02  2.148874e-03
5.178120e+02  2.113664e-03
5.261870e+02  2.079040e-03
5.346980e+02  2.039390e-03
5.433460e+02  1.996792e-03
5.521340e+02  1.955074e-03
5.610650e+02  1.914207e-03
5.701390e+02  1.879755e-03
5.793610e+02  1.849448e-03
5.887320e+02  1.819632e-03
5.982540e+02  1.790308e-03
6.079300e+02  1.758857e-03
6.177630e+02  1.727343e-03
6.277550e+02  1.696399e-03
6.379080e+02  1.664553e-03
6.482260e+02  1.627415e-03
6.587110e+02  1.591100e-03
6.693650e+02  1.555741e-03
6.801910e+02  1.521936e-03
6.911930e+02  1.488868e-03
7.023720e+02  1.456544e-03
7.137330e+02  1.405598e-03
7.252770e+02  1.351803e-03
7.370080e+02  1.300015e-03
7.489280e+02  1.250209e-03
7.610420e+02  1.202273e-03
7.733510e+02  1.155830e-03
7.858590e+02  1.110019e-03
7.985700e+02  1.065090e-03
8.114860e+02  1.021973e-03
8.246110e+02  9.806015e-04
8.379490e+02  9.409110e-04
8.515020e+02  9.024561e-04
8.652740e+02  8.651819e-04
8.792690e+02  8.291058e-04
8.934910e+02  7.945333e-04
9.079430e+02  7.614034e-04
9.226280e+02  7.296545e-04
9.375510e+02  7.096470e-04
9.527150e+02  6.928165e-04
9.681240e+02  6.786452e-04
9.837830e+02  6.647625e-04
9.996950e+02  6.498047e-04
1.015860e+03  6.337633e-04
1.032290e+03  6.058960e-04
1.048990e+03  5.802717e-04
1.065960e+03  5.569157e-04
1.083200e+03  5.344951e-04
1.100720e+03  5.129722e-04
1.118520e+03  4.923111e-04
1.136610e+03  4.724716e-04
1.155000e+03  4.534204e-04
1.173680e+03  4.351366e-04
1.192660e+03  4.175858e-04
1.211950e+03  4.007341e-04
1.231550e+03  3.845551e-04
1.251470e+03  3.682584e-04
1.271720e+03  3.518372e-04
1.292290e+03  3.351958e-04
1.313190e+03  3.193348e-04
1.334430e+03  3.042201e-04
1.356010e+03  2.898144e-04
1.377940e+03  2.760827e-04
1.400230e+03  2.629959e-04
1.422880e+03  2.505245e-04
1.445890e+03  2.386372e-04
1.469280e+03  2.272988e-04
1.493040e+03  2.164850e-04
1.517190e+03  2.061126e-04
1.541730e+03  1.962269e-04
1.566670e+03  1.868128e-04
1.592010e+03  1.778442e-04
1.617760e+03  1.693030e-04
1.643920e+03  1.611683e-04
1.670510e+03  1.534181e-04
1.697530e+03  1.460384e-04
1.724990e+03  1.390116e-04
1.752890e+03  1.322329e-04
1.781240e+03  1.257539e-04
1.810050e+03  1.195696e-04
1.839320e+03  1.136860e-04
1.869070e+03  1.080894e-04
1.899300e+03  1.027667e-04
1.930020e+03  9.770450e-05
1.961240e+03  9.288893e-05
1.992960e+03  8.830561e-05
2.025200e+03  8.399391e-05
2.057950e+03  7.980540e-05
2.091240e+03  7.581503e-05
2.125060e+03  7.201322e-05
2.159430e+03  6.839470e-05
2.194360e+03  6.494874e-05
2.229850e+03  6.166696e-05
2.265920e+03  5.854353e-05
2.302570e+03  5.557342e-05
2.339810e+03  5.274645e-05
2.377660e+03  5.005466e-05
2.416110e+03  4.749372e-05
2.455190e+03  4.505866e-05
2.494900e+03  4.274076e-05
2.535260e+03  4.053754e-05
2.576260e+03  3.844400e-05
2.617930e+03  3.645281e-05
2.660270e+03  3.456059e-05
2.703300e+03  3.276147e-05
2.747030e+03  3.105167e-05
2.791460e+03  2.942727e-05
2.836610e+03  2.788430e-05
2.882490e+03  2.641807e-05
2.929110e+03  2.502523e-05
2.976480e+03  2.370258e-05
3.024630e+03  2.244650e-05
3.073550e+03  2.125369e-05
3.104800e+03  2.053283e-05
3.105000e+03  5.197660e-05
3.123260e+03  5.088445e-05
3.173780e+03  4.800242e-05
3.225110e+03  4.528531e-05
3.248300e+03  4.412011e-05
3.248500e+03  6.358604e-05
3.277270e+03  6.164839e-05
3.330280e+03  5.826749e-05
3.384150e+03  5.507366e-05
3.438880e+03  5.205535e-05
3.494500e+03  4.920625e-05
3.551020e+03  4.651398e-05
3.608460e+03  4.397059e-05
3.666820e+03  4.156801e-05
3.726130e+03  3.929580e-05
3.786400e+03  3.715081e-05
3.791700e+03  3.696904e-05
3.791900e+03  4.286881e-05
3.847640e+03  4.072657e-05
3.909870e+03  3.849385e-05
3.973110e+03  3.638296e-05
4.037380e+03  3.439088e-05
4.102680e+03  3.250748e-05
4.169030e+03  3.072818e-05
4.236460e+03  2.904777e-05
4.304980e+03  2.745753e-05
4.374620e+03  2.595706e-05
4.445370e+03  2.453737e-05
4.489400e+03  2.370396e-05
4.489600e+03  2.512852e-05
4.517270e+03  2.460010e-05
4.590330e+03  2.327197e-05
4.664580e+03  2.201763e-05
4.740030e+03  2.083110e-05
4.816690e+03  1.970830e-05
4.821900e+03  1.963481e-05
4.822100e+03  2.049362e-05
4.894600e+03  1.946761e-05
4.973770e+03  1.842164e-05
5.054210e+03  1.742972e-05
5.135960e+03  1.648975e-05
5.219030e+03  1.559907e-05
5.303440e+03  1.475540e-05
5.389220e+03  1.395596e-05
5.476390e+03  1.319890e-05
5.564970e+03  1.248209e-05
5.654980e+03  1.180343e-05
5.746440e+03  1.116073e-05
5.839390e+03  1.055230e-05
5.933830e+03  9.976486e-06
6.029810e+03  9.431481e-06
6.127330e+03  8.915686e-06
6.226440e+03  8.427672e-06
6.327150e+03  7.965913e-06
6.429480e+03  7.529113e-06
6.533480e+03  7.115799e-06
6.639150e+03  6.724859e-06
6.746540e+03  6.355166e-06
6.855650e+03  6.005549e-06
6.966540e+03  5.674831e-06
7.079220e+03  5.362243e-06
7.193720e+03  5.066549e-06
7.310070e+03  4.787039e-06
7.428310e+03  4.522884e-06
7.548450e+03  4.273072e-06
7.670540e+03  4.036956e-06
7.794610e+03  3.813724e-06
7.920680e+03  3.602739e-06
8.048790e+03  3.403432e-06
8.178980e+03  3.215009e-06
8.311260e+03  3.036886e-06
8.445690e+03  2.868706e-06
8.582290e+03  2.709644e-06
8.721110e+03  2.559380e-06
8.862160e+03  2.417456e-06
9.005500e+03  2.283367e-06
9.151160e+03  2.156576e-06
9.299170e+03  2.036875e-06
9.449580e+03  1.923754e-06
9.602420e+03  1.816928e-06
9.757730e+03  1.716011e-06
9.915550e+03  1.620644e-06
1.007590e+04  1.527019e-06
1.023890e+04  1.438745e-06
1.040450e+04  1.355552e-06
1.057280e+04  1.277140e-06
1.074380e+04  1.203257e-06
1.091760e+04  1.133637e-06
1.109420e+04  1.068047e-06
1.127360e+04  1.006271e-06
1.145590e+04  9.480832e-07
1.164120e+04  8.932702e-07
1.182950e+04  8.416495e-07
1.202080e+04  7.930453e-07
1.221530e+04  7.472653e-07
1.241280e+04  7.041790e-07
1.261360e+04  6.636021e-07
1.281760e+04  6.254084e-07
1.302500e+04  5.894423e-07
1.323560e+04  5.556022e-07
1.344970e+04  5.237406e-07
1.366720e+04  4.937550e-07
1.388830e+04  4.655268e-07
1.411290e+04  4.389639e-07
1.434120e+04  4.139606e-07
1.457310e+04  3.904325e-07
1.480890e+04  3.682825e-07
1.504840e+04  3.474421e-07
1.529180e+04  3.278268e-07
1.544430e+04  3.162509e-07
1.544450e+04  7.804291e-07
1.553910e+04  7.627476e-07
1.579040e+04  7.181765e-07
1.604580e+04  6.762066e-07
1.630540e+04  6.366841e-07
1.656910e+04  5.994795e-07
1.683710e+04  5.644462e-07
1.710940e+04  5.314629e-07
1.738610e+04  5.004079e-07
1.766740e+04  4.711607e-07
1.795310e+04  4.436308e-07
1.824350e+04  4.177060e-07
1.848420e+04  3.976561e-07
1.848440e+04  5.609229e-07
1.853860e+04  5.552587e-07
1.883840e+04  5.252196e-07
1.914310e+04  4.967999e-07
1.923660e+04  4.884776e-07
1.923680e+04  5.610530e-07
1.945270e+04  5.395607e-07
1.976740e+04  5.100917e-07
2.008710e+04  4.821735e-07
2.041200e+04  4.557246e-07
2.074210e+04  4.306769e-07
2.107760e+04  4.069564e-07
2.141850e+04  3.844998e-07
2.176500e+04  3.632394e-07
2.211700e+04  3.431220e-07
2.247470e+04  3.240854e-07
2.283820e+04  3.060741e-07
2.320760e+04  2.890359e-07
2.358300e+04  2.729204e-07
2.396440e+04  2.576822e-07
2.435200e+04  2.432731e-07
2.474590e+04  2.296502e-07
2.514620e+04  2.167723e-07
2.555290e+04  2.046020e-07
2.596620e+04  1.931002e-07
2.638610e+04  1.822329e-07
2.681290e+04  1.719642e-07
2.724660e+04  1.622628e-07
2.768730e+04  1.530992e-07
2.813510e+04  1.444440e-07
2.859020e+04  1.362697e-07
2.905260e+04  1.285509e-07
2.952250e+04  1.212624e-07
3.000000e+04  1.143809e-07
-1  -1
