  -1
3.025550e+01  1.477923e+00
3.074490e+01  1.312328e+00
3.124210e+01  1.148565e+00
3.174750e+01  1.003001e+00
3.226090e+01  9.032005e-01
3.278270e+01  8.191071e-01
3.331300e+01  7.455755e-01
3.385180e+01  6.828705e-01
3.439930e+01  6.266089e-01
3.495570e+01  5.742107e-01
3.552110e+01  5.331934e-01
3.609560e+01  4.981427e-01
3.667940e+01  4.659747e-01
3.727270e+01  4.348503e-01
3.787550e+01  4.057945e-01
3.848820e+01  3.778638e-01
3.911070e+01  3.819669e-01
3.974320e+01  3.940175e-01
4.038610e+01  4.117644e-01
4.103930e+01  4.358003e-01
4.170310e+01  4.702775e-01
4.237760e+01  4.932737e-01
4.306300e+01  5.159992e-01
4.375950e+01  5.452781e-01
4.446730e+01  5.737540e-01
4.518650e+01  5.845534e-01
4.591740e+01  5.907671e-01
4.666000e+01  5.966170e-01
4.741470e+01  5.989814e-01
4.818160e+01  5.933121e-01
4.896090e+01  5.796783e-01
4.975280e+01  5.679164e-01
5.055760e+01  5.584183e-01
5.137530e+01  5.470905e-01
5.220620e+01  5.547674e-01
5.305060e+01  5.668602e-01
5.390870e+01  5.824410e-01
5.478060e+01  5.931306e-01
5.566670e+01  6.053224e-01
5.656700e+01  6.157710e-01
5.748200e+01  6.329660e-01
5.841170e+01  6.316456e-01
5.935640e+01  6.255386e-01
6.031650e+01  6.174933e-01
6.129210e+01  6.092419e-01
6.228340e+01  5.975850e-01
6.329080e+01  5.793538e-01
6.431450e+01  5.592994e-01
6.535470e+01  5.335534e-01
6.641180e+01  5.015193e-01
6.748590e+01  4.614904e-01
6.857750e+01  4.205510e-01
6.968670e+01  3.878357e-01
7.081380e+01  3.585618e-01
7.195910e+01  3.314420e-01
7.312300e+01  3.061309e-01
7.430570e+01  2.825497e-01
7.550760e+01  2.606249e-01
7.672890e+01  2.402747e-01
7.796990e+01  2.214247e-01
7.923100e+01  2.044902e-01
8.051250e+01  1.888639e-01
8.181470e+01  1.744325e-01
8.313800e+01  1.610960e-01
8.448270e+01  1.487690e-01
8.584910e+01  1.373494e-01
8.723770e+01  1.273869e-01
8.864870e+01  1.194060e-01
9.008250e+01  1.120338e-01
9.153950e+01  1.051554e-01
9.302010e+01  9.870283e-02
9.452460e+01  9.336105e-02
9.605350e+01  8.941713e-02
9.760710e+01  8.572071e-02
9.918580e+01  8.222359e-02
1.007900e+02  7.889265e-02
1.024200e+02  7.584149e-02
1.040770e+02  7.405044e-02
1.057600e+02  7.237711e-02
1.074710e+02  7.078245e-02
1.092090e+02  6.925212e-02
1.109750e+02  6.794197e-02
1.127700e+02  6.699073e-02
1.145940e+02  6.608896e-02
1.164480e+02  6.522693e-02
1.183310e+02  6.440263e-02
1.202450e+02  6.361419e-02
1.221900e+02  6.272333e-02
1.241660e+02  6.184596e-02
1.261750e+02  6.099269e-02
1.282150e+02  6.016549e-02
1.302890e+02  5.936053e-02
1.323970e+02  5.857771e-02
1.345380e+02  5.781788e-02
1.367140e+02  5.707856e-02
1.389250e+02  5.631388e-02
1.411720e+02  5.547838e-02
1.434560e+02  5.465970e-02
1.457760e+02  5.386119e-02
1.481340e+02  5.308207e-02
1.505300e+02  5.232894e-02
1.529640e+02  5.131742e-02
1.554390e+02  5.028503e-02
1.579530e+02  4.927299e-02
1.605070e+02  4.828149e-02
1.631030e+02  4.730818e-02
1.657420e+02  4.647068e-02
1.684220e+02  4.574246e-02
1.711460e+02  4.503173e-02
1.739150e+02  4.433627e-02
1.767270e+02  4.365626e-02
1.795860e+02  4.298966e-02
1.824910e+02  4.232748e-02
1.854420e+02  4.160277e-02
1.884420e+02  4.089032e-02
1.914890e+02  4.019184e-02
1.945870e+02  3.950638e-02
1.977340e+02  3.883452e-02
2.009320e+02  3.817549e-02
2.041820e+02  3.752901e-02
2.074850e+02  3.689429e-02
2.108400e+02  3.628892e-02
2.142510e+02  3.570557e-02
2.177160e+02  3.513364e-02
2.212370e+02  3.457276e-02
2.248160e+02  3.402177e-02
2.284520e+02  3.348147e-02
2.321470e+02  3.295117e-02
2.359020e+02  3.243076e-02
2.397170e+02  3.192051e-02
2.435950e+02  3.140661e-02
2.475350e+02  3.081803e-02
2.515380e+02  3.023979e-02
2.556070e+02  2.967251e-02
2.597410e+02  2.911666e-02
2.639420e+02  2.857174e-02
2.682110e+02  2.803794e-02
2.725490e+02  2.751541e-02
2.769570e+02  2.697668e-02
2.814370e+02  2.632428e-02
2.859890e+02  2.568571e-02
2.906150e+02  2.506205e-02
2.953150e+02  2.445342e-02
3.000920e+02  2.385934e-02
3.049450e+02  2.327614e-02
3.098780e+02  2.270538e-02
3.148900e+02  2.214882e-02
3.199830e+02  2.160598e-02
3.251580e+02  2.107668e-02
3.304180e+02  2.056044e-02
3.357620e+02  2.005732e-02
3.411920e+02  1.956189e-02
3.467110e+02  1.903398e-02
3.523190e+02  1.852016e-02
3.580170e+02  1.802007e-02
3.638080e+02  1.753345e-02
3.696920e+02  1.706010e-02
3.756720e+02  1.659962e-02
3.817480e+02  1.615199e-02
3.879220e+02  1.569021e-02
3.941970e+02  1.521723e-02
4.005730e+02  1.475826e-02
4.070520e+02  1.431298e-02
4.136350e+02  1.388096e-02
4.203260e+02  1.348810e-02
4.271240e+02  1.312502e-02
4.340320e+02  1.277217e-02
4.410520e+02  1.242905e-02
4.481860e+02  1.207841e-02
4.554350e+02  1.172839e-02
4.628020e+02  1.138850e-02
4.702870e+02  1.105852e-02
4.778940e+02  1.073815e-02
4.856230e+02  1.042721e-02
4.934780e+02  1.012527e-02
5.014590e+02  9.832236e-03
5.095700e+02  9.547783e-03
5.178120e+02  9.271699e-03
5.261870e+02  9.003818e-03
5.346980e+02  8.744363e-03
5.433460e+02  8.363037e-03
5.521340e+02  8.051120e-03
5.610650e+02  7.744011e-03
5.701390e+02  7.451595e-03
5.793610e+02  7.213390e-03
5.887320e+02  6.994396e-03
5.982540e+02  6.789410e-03
6.079300e+02  6.590521e-03
6.177630e+02  6.397627e-03
6.277550e+02  6.208465e-03
6.379080e+02  5.999294e-03
6.482260e+02  5.760349e-03
6.587110e+02  5.507390e-03
6.693650e+02  5.265361e-03
6.801910e+02  5.042936e-03
6.911930e+02  4.836649e-03
7.023720e+02  4.640590e-03
7.137330e+02  4.447078e-03
7.252770e+02  4.258028e-03
7.370080e+02  4.076994e-03
7.489280e+02  3.903645e-03
7.610420e+02  3.737612e-03
7.733510e+02  3.577952e-03
7.858590e+02  3.422798e-03
7.985700e+02  3.272528e-03
8.114860e+02  3.128829e-03
8.246110e+02  2.991457e-03
8.379490e+02  2.860112e-03
8.515020e+02  2.734114e-03
8.652740e+02  2.613263e-03
8.792690e+02  2.497404e-03
8.934910e+02  2.386644e-03
9.079430e+02  2.280793e-03
9.226280e+02  2.179631e-03
9.375510e+02  2.081658e-03
9.527150e+02  1.987763e-03
9.681240e+02  1.897852e-03
9.837830e+02  1.811986e-03
9.996950e+02  1.729755e-03
1.015860e+03  1.651025e-03
1.032290e+03  1.573811e-03
1.048990e+03  1.499897e-03
1.065960e+03  1.429137e-03
1.083200e+03  1.361721e-03
1.100720e+03  1.297466e-03
1.118520e+03  1.236248e-03
1.136610e+03  1.177900e-03
1.155000e+03  1.122276e-03
1.173680e+03  1.069267e-03
1.192660e+03  1.018765e-03
1.211950e+03  9.706340e-04
1.231550e+03  9.247489e-04
1.251470e+03  8.806228e-04
1.271720e+03  8.381545e-04
1.292290e+03  7.972245e-04
1.313190e+03  7.582819e-04
1.334430e+03  7.212451e-04
1.356010e+03  6.860099e-04
1.377940e+03  6.524829e-04
1.400230e+03  6.205714e-04
1.422880e+03  5.902059e-04
1.445890e+03  5.613283e-04
1.469280e+03  5.338448e-04
1.493040e+03  5.076898e-04
1.517190e+03  4.827597e-04
1.541730e+03  4.590354e-04
1.566670e+03  4.364628e-04
1.592010e+03  4.149918e-04
1.617760e+03  3.945798e-04
1.643920e+03  3.751798e-04
1.670510e+03  3.567140e-04
1.697530e+03  3.391487e-04
1.724990e+03  3.224404e-04
1.752890e+03  3.063952e-04
1.781240e+03  2.910902e-04
1.810050e+03  2.764996e-04
1.839320e+03  2.626327e-04
1.869070e+03  2.494227e-04
1.882800e+03  2.433739e-04
1.883000e+03  7.281206e-04
1.899300e+03  7.064467e-04
1.930020e+03  6.664479e-04
1.948800e+03  6.429380e-04
1.949000e+03  9.529191e-04
1.961240e+03  9.335810e-04
1.992960e+03  8.843414e-04
2.025200e+03  8.377735e-04
2.057950e+03  7.934364e-04
2.091240e+03  7.514095e-04
2.125060e+03  7.116093e-04
2.159430e+03  6.739098e-04
2.194360e+03  6.381935e-04
2.229850e+03  6.043692e-04
2.265920e+03  5.723381e-04
2.302570e+03  5.420014e-04
2.339810e+03  5.132690e-04
2.367200e+03  4.932972e-04
2.367400e+03  5.748336e-04
2.377660e+03  5.661468e-04
2.416110e+03  5.347402e-04
2.455190e+03  5.050528e-04
2.494900e+03  4.770331e-04
2.535260e+03  4.505503e-04
2.576260e+03  4.255573e-04
2.617930e+03  4.019517e-04
2.660270e+03  3.796632e-04
2.681500e+03  3.690650e-04
2.681700e+03  3.933838e-04
2.703300e+03  3.826201e-04
2.747030e+03  3.619341e-04
2.791460e+03  3.423688e-04
2.836610e+03  3.238745e-04
2.882490e+03  3.063848e-04
2.929110e+03  2.898472e-04
2.931600e+03  2.889923e-04
2.931800e+03  3.015043e-04
2.976480e+03  2.864936e-04
3.024630e+03  2.713763e-04
3.073550e+03  2.570098e-04
3.123260e+03  2.433871e-04
3.173780e+03  2.304610e-04
3.225110e+03  2.182072e-04
3.277270e+03  2.065729e-04
3.330280e+03  1.955534e-04
3.384150e+03  1.851001e-04
3.438880e+03  1.751872e-04
3.494500e+03  1.657992e-04
3.551020e+03  1.568989e-04
3.608460e+03  1.484650e-04
3.666820e+03  1.404751e-04
3.726130e+03  1.329025e-04
3.786400e+03  1.257342e-04
3.847640e+03  1.189398e-04
3.909870e+03  1.125144e-04
3.973110e+03  1.064201e-04
4.037380e+03  1.006548e-04
4.102680e+03  9.519590e-05
4.169030e+03  9.002823e-05
4.236460e+03  8.513625e-05
4.304980e+03  8.050458e-05
4.374620e+03  7.612139e-05
4.445370e+03  7.197241e-05
4.517270e+03  6.804624e-05
4.590330e+03  6.433158e-05
4.664580e+03  6.081629e-05
4.740030e+03  5.748984e-05
4.816690e+03  5.434387e-05
4.894600e+03  5.136728e-05
4.973770e+03  4.855070e-05
5.054210e+03  4.588747e-05
5.135960e+03  4.336844e-05
5.219030e+03  4.098555e-05
5.303440e+03  3.873200e-05
5.389220e+03  3.660119e-05
5.476390e+03  3.458635e-05
5.564970e+03  3.268075e-05
5.654980e+03  3.087985e-05
5.746440e+03  2.917637e-05
5.839390e+03  2.756610e-05
5.933830e+03  2.604395e-05
6.029810e+03  2.460495e-05
6.127330e+03  2.324467e-05
6.226440e+03  2.195906e-05
6.327150e+03  2.074382e-05
6.429480e+03  1.959542e-05
6.533480e+03  1.850968e-05
6.639150e+03  1.748396e-05
6.746540e+03  1.651429e-05
6.855650e+03  1.559829e-05
6.966540e+03  1.473269e-05
7.079220e+03  1.391416e-05
7.193720e+03  1.314145e-05
7.310070e+03  1.241113e-05
7.428310e+03  1.172095e-05
7.548450e+03  1.106887e-05
7.670540e+03  1.045293e-05
7.794610e+03  9.870772e-06
7.920680e+03  9.320583e-06
8.048790e+03  8.801164e-06
8.178980e+03  8.310512e-06
8.311260e+03  7.846761e-06
8.445690e+03  7.408675e-06
8.582290e+03  6.995000e-06
8.721110e+03  6.604229e-06
8.862160e+03  6.235114e-06
9.005500e+03  5.886543e-06
9.151160e+03  5.556882e-06
9.299170e+03  5.245909e-06
9.449580e+03  4.952054e-06
9.602420e+03  4.674591e-06
9.757730e+03  4.412455e-06
9.915550e+03  4.164771e-06
1.007590e+04  3.935790e-06
1.023890e+04  3.719759e-06
1.040450e+04  3.515991e-06
1.053520e+04  3.365156e-06
1.053540e+04  8.548078e-06
1.057280e+04  8.433069e-06
1.074380e+04  7.930586e-06
1.091760e+04  7.458013e-06
1.109420e+04  7.013614e-06
1.127360e+04  6.595754e-06
1.145590e+04  6.202797e-06
1.164120e+04  5.833200e-06
1.182950e+04  5.485614e-06
1.195860e+04  5.262293e-06
1.195880e+04  7.366167e-06
1.202080e+04  7.227298e-06
1.221530e+04  6.812699e-06
1.241280e+04  6.422035e-06
1.252660e+04  6.209856e-06
1.252680e+04  7.073582e-06
1.261360e+04  6.907173e-06
1.281760e+04  6.535395e-06
1.302500e+04  6.182489e-06
1.323560e+04  5.847796e-06
1.344970e+04  5.530225e-06
1.366720e+04  5.229087e-06
1.388830e+04  4.943581e-06
1.411290e+04  4.672993e-06
1.434120e+04  4.416560e-06
1.457310e+04  4.173669e-06
1.480890e+04  3.943535e-06
1.504840e+04  3.725663e-06
1.529180e+04  3.519383e-06
1.553910e+04  3.324132e-06
1.579040e+04  3.139350e-06
1.604580e+04  2.964486e-06
1.630540e+04  2.799035e-06
1.656910e+04  2.642569e-06
1.683710e+04  2.494583e-06
1.710940e+04  2.354659e-06
1.738610e+04  2.222373e-06
1.766740e+04  2.097289e-06
1.795310e+04  1.979104e-06
1.824350e+04  1.867397e-06
1.853860e+04  1.761848e-06
1.883840e+04  1.662139e-06
1.914310e+04  1.567942e-06
1.945270e+04  1.478975e-06
1.976740e+04  1.394938e-06
2.008710e+04  1.315594e-06
2.041200e+04  1.240672e-06
2.074210e+04  1.169945e-06
2.107760e+04  1.103170e-06
2.141850e+04  1.040144e-06
2.176500e+04  9.806508e-07
2.211700e+04  9.245153e-07
2.247470e+04  8.715442e-07
2.283820e+04  8.215582e-07
2.320760e+04  7.743982e-07
2.358300e+04  7.299068e-07
2.396440e+04  6.879406e-07
2.435200e+04  6.483536e-07
2.474590e+04  6.110141e-07
2.514620e+04  5.757988e-07
2.555290e+04  5.425921e-07
2.596620e+04  5.112789e-07
2.638610e+04  4.817554e-07
2.681290e+04  4.539167e-07
2.724660e+04  4.276691e-07
2.768730e+04  4.029255e-07
2.813510e+04  3.796008e-07
2.859020e+04  3.576121e-07
2.905260e+04  3.368883e-07
2.952250e+04  3.173550e-07
3.000000e+04  2.989455e-07
-1  -1
