  -1
3.025540e+01  1.813342e+00
3.074480e+01  1.770686e+00
3.124210e+01  1.713485e+00
3.174740e+01  1.637358e+00
3.226090e+01  1.549020e+00
3.278270e+01  1.452874e+00
3.331290e+01  1.352459e+00
3.385170e+01  1.250733e+00
3.439920e+01  1.150055e+00
3.495560e+01  1.052012e+00
3.552100e+01  9.581092e-01
3.609550e+01  8.693330e-01
3.667930e+01  7.867120e-01
3.727260e+01  7.080353e-01
3.787540e+01  6.328034e-01
3.848800e+01  5.626201e-01
3.911060e+01  4.980901e-01
3.974310e+01  4.375000e-01
4.000390e+01  4.132166e-01
4.058780e+01  3.625650e-01
4.099790e+01  3.370310e-01
4.130410e+01  3.260717e-01
4.158020e+01  3.259068e-01
4.225270e+01  3.382423e-01
4.283600e+01  3.479502e-01
4.317610e+01  4.013202e-01
4.376750e+01  4.530053e-01
4.420330e+01  4.899458e-01
4.467020e+01  5.227830e-01
4.526160e+01  5.581671e-01
4.572850e+01  5.774984e-01
4.610200e+01  5.886212e-01
4.672450e+01  6.102221e-01
4.712920e+01  6.296155e-01
4.762720e+01  6.548195e-01
4.815640e+01  6.806847e-01
4.893530e+01  7.133639e-01
4.899680e+01  7.158283e-01
4.949480e+01  7.305305e-01
5.005510e+01  7.458178e-01
5.051750e+01  7.526237e-01
5.093250e+01  7.573115e-01
5.175630e+01  7.659520e-01
5.259340e+01  7.757912e-01
5.344410e+01  7.860747e-01
5.430850e+01  7.958660e-01
5.518690e+01  8.024590e-01
5.607950e+01  8.055649e-01
5.698650e+01  8.065235e-01
5.790820e+01  7.991642e-01
5.884480e+01  7.833352e-01
5.979660e+01  7.648166e-01
6.076380e+01  7.443253e-01
6.174660e+01  7.171390e-01
6.274530e+01  6.870105e-01
6.376010e+01  6.569379e-01
6.479140e+01  6.245707e-01
6.583940e+01  5.874617e-01
6.690430e+01  5.478833e-01
6.798640e+01  5.080516e-01
6.908600e+01  4.699363e-01
7.020340e+01  4.296626e-01
7.133890e+01  3.896734e-01
7.249270e+01  3.542351e-01
7.366520e+01  3.187290e-01
7.485670e+01  2.854819e-01
7.606750e+01  2.540725e-01
7.729780e+01  2.257170e-01
7.854800e+01  1.993466e-01
7.981850e+01  1.759847e-01
8.110950e+01  1.544509e-01
8.242140e+01  1.351493e-01
8.375450e+01  1.176058e-01
8.510910e+01  1.023456e-01
8.648570e+01  8.747988e-02
8.788450e+01  7.473674e-02
8.930600e+01  6.389416e-02
9.075040e+01  5.465431e-02
9.221830e+01  4.717062e-02
9.370980e+01  4.078560e-02
9.522550e+01  3.568862e-02
9.676570e+01  3.137760e-02
9.833080e+01  2.769029e-02
9.992120e+01  2.487170e-02
1.015370e+02  2.247426e-02
1.031800e+02  2.068662e-02
1.048490e+02  1.915984e-02
1.065440e+02  1.808640e-02
1.082680e+02  1.708722e-02
1.100190e+02  1.617918e-02
1.117980e+02  1.535419e-02
1.136060e+02  1.457773e-02
1.154440e+02  1.389914e-02
1.173110e+02  1.333264e-02
1.192090e+02  1.280680e-02
1.211370e+02  1.246621e-02
1.230960e+02  1.213945e-02
1.250870e+02  1.188928e-02
1.271100e+02  1.170288e-02
1.291660e+02  1.152307e-02
1.312550e+02  1.135383e-02
1.333780e+02  1.119159e-02
1.355350e+02  1.103445e-02
1.377280e+02  1.089654e-02
1.399550e+02  1.076390e-02
1.422190e+02  1.063120e-02
1.445190e+02  1.050207e-02
1.468570e+02  1.037233e-02
1.492320e+02  1.024390e-02
1.516460e+02  1.011859e-02
1.540980e+02  9.998920e-03
1.565910e+02  9.883329e-03
1.591240e+02  9.770480e-03
1.616970e+02  9.650252e-03
1.643130e+02  9.527170e-03
1.669700e+02  9.407001e-03
1.696710e+02  9.282644e-03
1.724150e+02  9.130943e-03
1.752040e+02  8.982492e-03
1.780380e+02  8.837295e-03
1.809170e+02  8.662513e-03
1.838430e+02  8.490922e-03
1.868170e+02  8.323183e-03
1.898380e+02  8.147973e-03
1.929090e+02  7.964660e-03
1.960290e+02  7.785910e-03
1.992000e+02  7.611522e-03
2.024220e+02  7.429707e-03
2.056960e+02  7.252540e-03
2.090230e+02  7.079976e-03
2.124030e+02  6.905709e-03
2.158390e+02  6.733908e-03
2.193300e+02  6.566857e-03
2.228770e+02  6.381953e-03
2.264820e+02  6.181638e-03
2.301450e+02  5.987726e-03
2.338680e+02  5.799874e-03
2.376500e+02  5.599240e-03
2.414940e+02  5.405447e-03
2.454000e+02  5.218322e-03
2.493690e+02  5.048230e-03
2.534030e+02  4.886032e-03
2.575010e+02  4.728949e-03
2.616660e+02  4.593092e-03
2.658980e+02  4.472679e-03
2.701990e+02  4.354909e-03
2.745690e+02  4.358843e-03
2.790100e+02  4.380982e-03
2.801270e+02  4.385979e-03
2.823670e+02  4.778346e-03
2.846630e+02  5.760513e-03
2.858680e+02  6.252150e-03
2.880490e+02  7.086793e-03
2.902870e+02  7.707722e-03
2.917220e+02  8.050185e-03
2.937300e+02  8.413544e-03
2.957390e+02  8.733734e-03
2.979190e+02  9.031752e-03
3.001000e+02  9.286735e-03
3.021090e+02  9.455609e-03
3.040170e+02  9.513985e-03
3.058580e+02  9.534953e-03
3.070300e+02  9.696979e-03
3.087030e+02  1.032578e-02
3.106400e+02  1.100404e-02
3.136210e+02  1.177071e-02
3.158950e+02  1.236298e-02
3.179660e+02  1.313474e-02
3.196840e+02  1.414666e-02
3.215020e+02  1.527328e-02
3.230180e+02  1.618779e-02
3.245840e+02  1.716333e-02
3.256450e+02  1.770530e-02
3.266550e+02  1.810344e-02
3.276180e+02  1.835034e-02
3.280750e+02  1.839065e-02
3.287290e+02  1.834478e-02
3.295850e+02  1.818764e-02
3.307650e+02  1.790019e-02
3.316210e+02  1.784068e-02
3.320140e+02  1.788093e-02
3.325720e+02  1.781006e-02
3.332190e+02  1.776428e-02
3.340310e+02  1.746368e-02
3.346190e+02  1.758602e-02
3.351590e+02  1.749421e-02
3.359640e+02  1.769021e-02
3.369940e+02  1.753046e-02
3.382920e+02  1.794215e-02
3.391350e+02  1.809571e-02
3.408200e+02  1.757462e-02
3.437500e+02  1.722934e-02
3.461200e+02  1.723452e-02
3.479060e+02  1.712743e-02
3.530110e+02  1.694481e-02
3.587210e+02  1.738632e-02
3.645230e+02  1.737709e-02
3.704190e+02  1.709684e-02
3.764100e+02  1.647897e-02
3.824980e+02  1.589175e-02
3.886840e+02  1.536595e-02
3.949710e+02  1.489893e-02
4.013590e+02  1.448272e-02
4.078510e+02  1.406132e-02
4.144480e+02  1.363849e-02
4.211510e+02  1.320976e-02
4.279630e+02  1.279930e-02
4.348850e+02  1.241257e-02
4.419190e+02  1.200193e-02
4.490660e+02  1.157496e-02
4.501030e+02  1.151431e-02
4.547610e+02  1.124287e-02
4.565630e+02  1.124420e-02
4.574380e+02  1.137173e-02
4.584700e+02  1.149374e-02
4.591400e+02  1.164006e-02
4.599840e+02  1.197961e-02
4.607640e+02  1.250392e-02
4.611690e+02  1.320257e-02
4.616240e+02  1.387709e-02
4.618840e+02  1.435034e-02
4.621430e+02  1.454662e-02
4.624450e+02  1.462203e-02
4.628430e+02  1.448699e-02
4.631300e+02  1.415349e-02
4.637030e+02  1.331173e-02
4.644200e+02  1.253722e-02
4.650090e+02  1.207707e-02
4.663300e+02  1.144750e-02
4.679490e+02  1.125676e-02
4.698610e+02  1.126179e-02
4.727660e+02  1.162127e-02
4.748740e+02  1.143408e-02
4.770360e+02  1.126489e-02
4.792700e+02  1.109239e-02
4.813410e+02  1.094838e-02
4.821380e+02  1.094279e-02
4.828060e+02  1.100042e-02
4.833230e+02  1.117514e-02
4.838610e+02  1.148721e-02
4.842710e+02  1.171219e-02
4.846370e+02  1.177297e-02
4.850030e+02  1.174359e-02
4.857570e+02  1.144263e-02
4.862740e+02  1.108686e-02
4.869410e+02  1.075793e-02
4.873070e+02  1.069006e-02
4.888580e+02  1.054561e-02
4.906030e+02  1.045400e-02
4.921160e+02  1.043857e-02
4.939440e+02  1.043864e-02
4.952840e+02  1.045087e-02
4.988110e+02  1.047833e-02
5.026790e+02  1.008313e-02
5.079910e+02  9.738733e-03
5.162070e+02  9.377760e-03
5.179970e+02  9.302121e-03
5.248390e+02  8.750264e-03
5.309730e+02  8.263473e-03
5.392090e+02  7.909872e-03
5.460280e+02  7.708099e-03
5.548600e+02  7.400178e-03
5.550360e+02  7.394123e-03
5.639140e+02  7.142734e-03
5.708630e+02  6.954425e-03
5.800960e+02  6.705629e-03
5.894790e+02  6.462318e-03
5.990130e+02  6.224377e-03
6.087020e+02  5.902549e-03
6.185470e+02  5.600346e-03
6.285520e+02  5.411994e-03
6.387180e+02  5.213647e-03
6.490490e+02  5.002351e-03
6.595460e+02  4.879725e-03
6.702140e+02  4.699901e-03
6.810540e+02  4.467617e-03
6.920700e+02  4.246418e-03
7.032630e+02  4.035880e-03
7.146380e+02  3.835692e-03
7.261970e+02  3.648079e-03
7.379430e+02  3.484380e-03
7.498780e+02  3.328071e-03
7.620070e+02  3.182584e-03
7.743320e+02  3.043773e-03
7.868560e+02  2.906287e-03
7.995830e+02  2.768521e-03
8.125150e+02  2.637276e-03
8.256570e+02  2.511272e-03
8.390110e+02  2.390736e-03
8.525820e+02  2.275986e-03
8.663710e+02  2.166770e-03
8.803840e+02  2.064763e-03
8.946240e+02  1.968871e-03
9.090940e+02  1.877432e-03
9.237970e+02  1.790260e-03
9.387390e+02  1.707864e-03
9.539220e+02  1.629717e-03
9.693510e+02  1.555156e-03
9.850300e+02  1.484028e-03
1.000960e+03  1.411409e-03
1.017150e+03  1.339469e-03
1.033600e+03  1.271215e-03
1.050320e+03  1.206421e-03
1.067310e+03  1.144311e-03
1.084570e+03  1.085069e-03
1.102110e+03  1.028891e-03
1.119940e+03  9.756096e-04
1.138050e+03  9.251087e-04
1.156460e+03  8.772193e-04
1.175170e+03  8.317997e-04
1.194170e+03  7.887641e-04
1.213490e+03  7.479480e-04
1.233120e+03  7.092555e-04
1.253060e+03  6.725810e-04
1.273330e+03  6.377907e-04
1.280000e+03  6.268605e-04
1.294000e+03  6.042090e-04
1.314930e+03  5.730034e-04
1.336200e+03  5.434102e-04
1.357810e+03  5.153512e-04
1.379770e+03  4.887304e-04
1.402090e+03  4.634887e-04
1.424770e+03  4.395601e-04
1.447810e+03  4.168636e-04
1.471230e+03  3.951986e-04
1.495020e+03  3.745238e-04
1.519200e+03  3.542048e-04
1.543780e+03  3.349571e-04
1.568740e+03  3.167659e-04
1.594120e+03  2.995559e-04
1.619900e+03  2.832845e-04
1.646100e+03  2.678952e-04
1.672730e+03  2.533333e-04
1.699780e+03  2.395698e-04
1.727270e+03  2.265580e-04
1.755210e+03  2.142021e-04
1.783600e+03  2.025088e-04
1.812450e+03  1.914438e-04
1.841760e+03  1.809802e-04
1.871550e+03  1.710877e-04
1.901820e+03  1.617369e-04
1.932580e+03  1.529055e-04
1.963840e+03  1.445517e-04
1.995610e+03  1.366453e-04
2.000000e+03  1.355964e-04
2.026000e+03  1.296387e-04
2.052000e+03  1.239759e-04
2.079000e+03  1.184335e-04
2.106000e+03  1.132000e-04
2.134000e+03  1.080877e-04
2.161000e+03  1.034376e-04
2.190000e+03  9.872697e-05
2.218000e+03  9.443988e-05
2.247000e+03  9.025124e-05
2.277000e+03  8.616943e-05
2.306000e+03  8.244870e-05
2.337000e+03  7.869856e-05
2.367000e+03  7.527952e-05
2.398000e+03  7.194685e-05
2.429000e+03  6.880554e-05
2.461000e+03  6.574751e-05
2.493000e+03  6.286563e-05
2.526000e+03  6.006409e-05
2.559000e+03  5.742490e-05
2.592000e+03  5.493539e-05
2.626000e+03  5.251746e-05
2.660000e+03  5.023777e-05
2.695000e+03  4.802521e-05
2.730000e+03  4.593950e-05
2.766000e+03  4.391699e-05
2.802000e+03  4.200992e-05
2.837800e+03  4.020849e-05
2.838000e+03  1.382158e-04
2.839000e+03  1.380630e-04
2.876000e+03  1.320385e-04
2.914000e+03  1.261879e-04
2.952000e+03  1.206607e-04
2.966800e+03  1.185808e-04
2.967000e+03  1.624646e-04
2.990000e+03  1.582333e-04
3.029000e+03  1.513533e-04
3.069000e+03  1.446950e-04
3.109000e+03  1.384033e-04
3.150000e+03  1.323145e-04
3.191000e+03  1.265666e-04
3.223900e+03  1.221812e-04
3.224100e+03  1.376660e-04
3.232000e+03  1.365437e-04
3.275000e+03  1.306143e-04
3.317000e+03  1.251336e-04
3.361000e+03  1.196818e-04
3.405000e+03  1.145148e-04
3.449000e+03  1.096223e-04
3.494000e+03  1.048782e-04
3.540000e+03  1.002891e-04
3.586000e+03  9.594152e-05
3.633000e+03  9.173164e-05
3.680000e+03  8.775615e-05
3.729000e+03  8.382992e-05
3.777000e+03  8.018835e-05
3.827000e+03  7.660516e-05
3.877000e+03  7.321496e-05
3.927000e+03  7.001119e-05
3.979000e+03  6.685457e-05
4.031000e+03  6.387669e-05
4.083000e+03  6.106441e-05
4.137000e+03  5.829899e-05
4.191000e+03  5.568903e-05
4.245000e+03  5.322229e-05
4.301000e+03  5.080587e-05
4.357000e+03  4.852418e-05
4.414000e+03  4.633148e-05
4.472000e+03  4.422492e-05
4.530000e+03  4.223607e-05
4.589000e+03  4.032612e-05
4.649000e+03  3.849224e-05
4.710000e+03  3.673377e-05
4.771000e+03  3.507369e-05
4.834000e+03  3.345637e-05
4.897000e+03  3.193125e-05
4.961000e+03  3.046933e-05
5.026000e+03  2.906960e-05
5.091000e+03  2.774892e-05
5.158000e+03  2.646461e-05
5.225000e+03  2.525454e-05
5.294000e+03  2.407940e-05
5.363000e+03  2.297153e-05
5.433000e+03  2.191210e-05
5.504000e+03  2.089945e-05
5.576000e+03  1.993146e-05
5.649000e+03  1.900644e-05
5.722000e+03  1.813502e-05
5.797000e+03  1.729058e-05
5.873000e+03  1.648496e-05
5.950000e+03  1.571621e-05
6.027000e+03  1.499147e-05
6.106000e+03  1.429120e-05
6.186000e+03  1.362287e-05
6.267000e+03  1.298593e-05
6.349000e+03  1.237874e-05
6.432000e+03  1.180007e-05
6.516000e+03  1.124832e-05
6.601000e+03  1.072274e-05
6.687000e+03  1.022181e-05
6.774000e+03  9.744802e-06
6.863000e+03  9.285436e-06
6.952000e+03  8.852602e-06
7.043000e+03  8.435998e-06
7.135000e+03  8.039530e-06
7.229000e+03  7.658492e-06
7.323000e+03  7.299951e-06
7.419000e+03  6.954891e-06
7.516000e+03  6.627232e-06
7.614000e+03  6.315452e-06
7.713000e+03  6.018754e-06
7.814000e+03  5.734392e-06
7.916000e+03  5.463701e-06
8.019000e+03  5.206588e-06
8.124000e+03  4.960198e-06
8.230000e+03  4.725779e-06
8.338000e+03  4.501542e-06
8.447000e+03  4.288314e-06
8.557000e+03  4.085780e-06
8.669000e+03  3.891995e-06
8.782000e+03  3.708043e-06
8.897000e+03  3.531836e-06
9.013000e+03  3.364633e-06
9.131000e+03  3.204738e-06
9.250000e+03  3.053091e-06
9.371000e+03  2.908078e-06
9.494000e+03  2.769272e-06
9.618000e+03  2.637820e-06
9.743000e+03  2.513022e-06
9.900580e+03  2.366200e-06
1.006070e+04  2.227911e-06
1.022340e+04  2.097669e-06
1.038880e+04  1.974964e-06
1.055680e+04  1.859428e-06
1.072760e+04  1.750591e-06
1.090110e+04  1.648116e-06
1.107740e+04  1.551607e-06
1.125660e+04  1.460712e-06
1.143860e+04  1.375150e-06
1.162360e+04  1.294563e-06
1.181170e+04  1.218651e-06
1.200270e+04  1.147213e-06
1.219680e+04  1.079933e-06
1.239410e+04  1.016585e-06
1.259460e+04  9.569369e-07
1.279830e+04  9.007839e-07
1.300530e+04  8.479097e-07
1.321560e+04  7.981422e-07
1.342940e+04  7.512716e-07
1.364660e+04  7.071578e-07
1.386730e+04  6.656282e-07
1.409160e+04  6.265220e-07
1.431950e+04  5.897166e-07
1.455110e+04  5.550673e-07
1.478650e+04  5.224436e-07
1.502560e+04  4.917406e-07
1.526870e+04  4.628280e-07
1.551560e+04  4.356231e-07
1.576660e+04  4.100067e-07
1.602160e+04  3.858971e-07
1.628070e+04  3.632039e-07
1.654410e+04  3.418381e-07
1.681160e+04  3.217329e-07
1.708360e+04  3.028021e-07
1.735990e+04  2.849867e-07
1.764060e+04  2.682195e-07
1.792600e+04  2.524325e-07
1.821590e+04  2.375765e-07
1.851050e+04  2.235927e-07
1.880990e+04  2.104298e-07
1.911420e+04  1.980391e-07
1.942330e+04  1.863793e-07
1.973750e+04  1.754028e-07
2.005670e+04  1.650728e-07
2.038110e+04  1.553492e-07
2.071080e+04  1.461967e-07
2.104570e+04  1.375839e-07
2.138610e+04  1.294763e-07
2.173200e+04  1.218456e-07
2.208350e+04  1.146631e-07
2.211710e+04  1.140053e-07
2.211730e+04  7.491639e-07
2.244070e+04  7.116727e-07
2.280370e+04  6.724119e-07
2.317250e+04  6.352118e-07
2.354730e+04  5.999701e-07
2.392820e+04  5.665897e-07
2.431520e+04  5.349876e-07
2.470850e+04  5.050702e-07
2.510810e+04  4.767588e-07
2.551420e+04  4.499684e-07
2.592690e+04  4.246242e-07
2.634620e+04  4.006562e-07
2.677240e+04  3.779870e-07
2.720540e+04  3.565592e-07
2.764540e+04  3.363041e-07
2.809260e+04  3.171606e-07
2.854690e+04  2.990739e-07
2.900870e+04  2.819847e-07
2.947790e+04  2.658422e-07
2.995460e+04  2.505997e-07
3.000000e+04  2.492063e-07
-1  -1
