  -1
3.025550e+01  2.448364e-01
3.074490e+01  2.056451e-01
3.124210e+01  1.744544e-01
3.174750e+01  1.483990e-01
3.226090e+01  1.268631e-01
3.278270e+01  1.087829e-01
3.331300e+01  9.347934e-02
3.385180e+01  8.080778e-02
3.439930e+01  6.998490e-02
3.495570e+01  6.070524e-02
3.552110e+01  5.269893e-02
3.609560e+01  4.580912e-02
3.667940e+01  3.997548e-02
3.727270e+01  3.507218e-02
3.787550e+01  3.080695e-02
3.848820e+01  2.715688e-02
3.911070e+01  2.403079e-02
3.974320e+01  2.128291e-02
4.038610e+01  1.902272e-02
4.103930e+01  1.705782e-02
4.170310e+01  1.570806e-02
4.237760e+01  1.495012e-02
4.306300e+01  1.424150e-02
4.375950e+01  1.384638e-02
4.446730e+01  1.386529e-02
4.518650e+01  1.389610e-02
4.591740e+01  1.393653e-02
4.666000e+01  1.398538e-02
4.741470e+01  1.404146e-02
4.818160e+01  1.410302e-02
4.896090e+01  1.445476e-02
4.975280e+01  1.488918e-02
5.055760e+01  1.544110e-02
5.137530e+01  1.599090e-02
5.220620e+01  1.601441e-02
5.305060e+01  1.604053e-02
5.390870e+01  1.603618e-02
5.478060e+01  1.593078e-02
5.566670e+01  1.582874e-02
5.656700e+01  1.575354e-02
5.748200e+01  1.576751e-02
5.841170e+01  1.578766e-02
5.935640e+01  1.555885e-02
6.031650e+01  1.525769e-02
6.129210e+01  1.500079e-02
6.228340e+01  1.484123e-02
6.329080e+01  1.468663e-02
6.431450e+01  1.450327e-02
6.535470e+01  1.423602e-02
6.641180e+01  1.397526e-02
6.748590e+01  1.372130e-02
6.857750e+01  1.340148e-02
6.968670e+01  1.307830e-02
7.081380e+01  1.276415e-02
7.195910e+01  1.245919e-02
7.312300e+01  1.207041e-02
7.430570e+01  1.165148e-02
7.550760e+01  1.126129e-02
7.672890e+01  1.093978e-02
7.796990e+01  1.062852e-02
7.923100e+01  1.032010e-02
8.051250e+01  9.986871e-03
8.181470e+01  9.653935e-03
8.313800e+01  9.326155e-03
8.448270e+01  9.009857e-03
8.584910e+01  8.704676e-03
8.723770e+01  8.410338e-03
8.864870e+01  8.123267e-03
9.008250e+01  7.842763e-03
9.153950e+01  7.567723e-03
9.302010e+01  7.294923e-03
9.452460e+01  7.032247e-03
9.605350e+01  6.779247e-03
9.760710e+01  6.535584e-03
9.918580e+01  6.300944e-03
1.007900e+02  6.052883e-03
1.024200e+02  5.792898e-03
1.040770e+02  5.545169e-03
1.057600e+02  5.308201e-03
1.074710e+02  5.086022e-03
1.092090e+02  4.885333e-03
1.109750e+02  4.701652e-03
1.127700e+02  4.529568e-03
1.145940e+02  4.360500e-03
1.164480e+02  4.189492e-03
1.183310e+02  4.023015e-03
1.202450e+02  3.862921e-03
1.221900e+02  3.709331e-03
1.241660e+02  3.561964e-03
1.261750e+02  3.420391e-03
1.282150e+02  3.284492e-03
1.302890e+02  3.153877e-03
1.323970e+02  3.028181e-03
1.345380e+02  2.904510e-03
1.367140e+02  2.784658e-03
1.389250e+02  2.669650e-03
1.411720e+02  2.559233e-03
1.434560e+02  2.453172e-03
1.457760e+02  2.351297e-03
1.481340e+02  2.254639e-03
1.505300e+02  2.163664e-03
1.529640e+02  2.078353e-03
1.554390e+02  1.995181e-03
1.579530e+02  1.913100e-03
1.605070e+02  1.828216e-03
1.624000e+02  1.730540e-03
1.626000e+02  2.041919e-02
1.631030e+02  2.062875e-02
1.657420e+02  2.026156e-02
1.684220e+02  1.969801e-02
1.711460e+02  1.910734e-02
1.739150e+02  1.851502e-02
1.767270e+02  1.793075e-02
1.795860e+02  1.735770e-02
1.824910e+02  1.679461e-02
1.854420e+02  1.622725e-02
1.884420e+02  1.567246e-02
1.914890e+02  1.512732e-02
1.945870e+02  1.458178e-02
1.977340e+02  1.404964e-02
2.009320e+02  1.353141e-02
2.041820e+02  1.303113e-02
2.074850e+02  1.254825e-02
2.108400e+02  1.208241e-02
2.142510e+02  1.169377e-02
2.177160e+02  1.133026e-02
2.212370e+02  1.098786e-02
2.248160e+02  1.065556e-02
2.284520e+02  1.033334e-02
2.321470e+02  1.002079e-02
2.359020e+02  9.717501e-03
2.397170e+02  9.423373e-03
2.435950e+02  9.137965e-03
2.475350e+02  8.861303e-03
2.515380e+02  8.593017e-03
2.556070e+02  8.332651e-03
2.597410e+02  8.080289e-03
2.639420e+02  7.835568e-03
2.682110e+02  7.598299e-03
2.725490e+02  7.368421e-03
2.769570e+02  7.111189e-03
2.814370e+02  6.820526e-03
2.859890e+02  6.516038e-03
2.906150e+02  6.221422e-03
2.953150e+02  5.939986e-03
3.000920e+02  5.671223e-03
3.049450e+02  5.414590e-03
3.098780e+02  5.169417e-03
3.148900e+02  4.935298e-03
3.199830e+02  4.711792e-03
3.251580e+02  4.498474e-03
3.304180e+02  4.294702e-03
3.357620e+02  4.100175e-03
3.411920e+02  3.914486e-03
3.467110e+02  3.737153e-03
3.523190e+02  3.567856e-03
3.580170e+02  3.406259e-03
3.638080e+02  3.251975e-03
3.696920e+02  3.104688e-03
3.756720e+02  2.964076e-03
3.817480e+02  2.829862e-03
3.879220e+02  2.700459e-03
3.941970e+02  2.574240e-03
4.005730e+02  2.448357e-03
4.070520e+02  2.326535e-03
4.136350e+02  2.210855e-03
4.203260e+02  2.100887e-03
4.271240e+02  1.996403e-03
4.340320e+02  1.897112e-03
4.410520e+02  1.802750e-03
4.481860e+02  1.712771e-03
4.554350e+02  1.625815e-03
4.628020e+02  1.542283e-03
4.702870e+02  1.462552e-03
4.778940e+02  1.386919e-03
4.856230e+02  1.315207e-03
4.934780e+02  1.247200e-03
5.014590e+02  1.182710e-03
5.095700e+02  1.121571e-03
5.178120e+02  1.063618e-03
5.261870e+02  1.008710e-03
5.346980e+02  9.566918e-04
5.433460e+02  9.073920e-04
5.521340e+02  8.606585e-04
5.610650e+02  8.149589e-04
5.701390e+02  7.711097e-04
5.793610e+02  7.298688e-04
5.887320e+02  6.909277e-04
5.982540e+02  6.541215e-04
6.079300e+02  6.192849e-04
6.177630e+02  5.863027e-04
6.277550e+02  5.550363e-04
6.379080e+02  5.249284e-04
6.482260e+02  4.957370e-04
6.587110e+02  4.677224e-04
6.693650e+02  4.412912e-04
6.801910e+02  4.173465e-04
6.911930e+02  3.954201e-04
7.023720e+02  3.747419e-04
7.137330e+02  3.541716e-04
7.252770e+02  3.340951e-04
7.370080e+02  3.151516e-04
7.489280e+02  2.972855e-04
7.610420e+02  2.804356e-04
7.733510e+02  2.645524e-04
7.858590e+02  2.496169e-04
7.985700e+02  2.355622e-04
8.114860e+02  2.222995e-04
8.246110e+02  2.097820e-04
8.379490e+02  1.979680e-04
8.515020e+02  1.867781e-04
8.652740e+02  1.761731e-04
8.792690e+02  1.661286e-04
8.934910e+02  1.566564e-04
9.079430e+02  1.477256e-04
9.226280e+02  1.393062e-04
9.375510e+02  1.313579e-04
9.527150e+02  1.238619e-04
9.681240e+02  1.167937e-04
9.837830e+02  1.101269e-04
9.996950e+02  1.038359e-04
1.015860e+03  9.789981e-05
1.032290e+03  9.226440e-05
1.048990e+03  8.694344e-05
1.065960e+03  8.192120e-05
1.083200e+03  7.718938e-05
1.100720e+03  7.273060e-05
1.118520e+03  6.852898e-05
1.136610e+03  6.457123e-05
1.155000e+03  6.084034e-05
1.173680e+03  5.732487e-05
1.192660e+03  5.401485e-05
1.211950e+03  5.089531e-05
1.231550e+03  4.795564e-05
1.251470e+03  4.518742e-05
1.271720e+03  4.258196e-05
1.292290e+03  4.013096e-05
1.313190e+03  3.782055e-05
1.334430e+03  3.564373e-05
1.356010e+03  3.359260e-05
1.377940e+03  3.165921e-05
1.400230e+03  2.983669e-05
1.422880e+03  2.811819e-05
1.445890e+03  2.649981e-05
1.469280e+03  2.497673e-05
1.493040e+03  2.354504e-05
1.517190e+03  2.220913e-05
1.541730e+03  2.095101e-05
1.566670e+03  1.976420e-05
1.592010e+03  1.864458e-05
1.617760e+03  1.758838e-05
1.643920e+03  1.659221e-05
1.670510e+03  1.565241e-05
1.697530e+03  1.476582e-05
1.724990e+03  1.392935e-05
1.752890e+03  1.312801e-05
1.781240e+03  1.236880e-05
1.810050e+03  1.165061e-05
1.839320e+03  1.097411e-05
1.869070e+03  1.033681e-05
1.899300e+03  9.736592e-06
1.930020e+03  9.171273e-06
1.961240e+03  8.638733e-06
1.992960e+03  8.137065e-06
2.025200e+03  7.669705e-06
2.057950e+03  7.217987e-06
2.091240e+03  6.790937e-06
2.125060e+03  6.387816e-06
2.159430e+03  6.007405e-06
2.194360e+03  5.648042e-06
2.229850e+03  5.308767e-06
2.265920e+03  4.988595e-06
2.302570e+03  4.686493e-06
2.339810e+03  4.401310e-06
2.377660e+03  4.132177e-06
2.416110e+03  3.878343e-06
2.455190e+03  3.638896e-06
2.471900e+03  3.541928e-06
2.472100e+03  3.605593e-05
2.494900e+03  3.494250e-05
2.535260e+03  3.307395e-05
2.576260e+03  3.129733e-05
2.617930e+03  2.961003e-05
2.660270e+03  2.800873e-05
2.703300e+03  2.648816e-05
2.747030e+03  2.504429e-05
2.791460e+03  2.367488e-05
2.836610e+03  2.237717e-05
2.882490e+03  2.114600e-05
2.929110e+03  1.997988e-05
2.976480e+03  1.887472e-05
3.024630e+03  1.782706e-05
3.073550e+03  1.683583e-05
3.123260e+03  1.589702e-05
3.173780e+03  1.500860e-05
3.225110e+03  1.416710e-05
3.277270e+03  1.337152e-05
3.330280e+03  1.261922e-05
3.384150e+03  1.190713e-05
3.438880e+03  1.123381e-05
3.494500e+03  1.059739e-05
3.551020e+03  9.995740e-06
3.608460e+03  9.427098e-06
3.666820e+03  8.889914e-06
3.726130e+03  8.382366e-06
3.786400e+03  7.902908e-06
3.847640e+03  7.450138e-06
3.909870e+03  7.022541e-06
3.973110e+03  6.618824e-06
4.037380e+03  6.237694e-06
4.102680e+03  5.877983e-06
4.169030e+03  5.538490e-06
4.236460e+03  5.218145e-06
4.304980e+03  4.915896e-06
4.374620e+03  4.630732e-06
4.445370e+03  4.361776e-06
4.517270e+03  4.108095e-06
4.590330e+03  3.868892e-06
4.664580e+03  3.643274e-06
4.740030e+03  3.430557e-06
4.816690e+03  3.230013e-06
4.894600e+03  3.041006e-06
4.973770e+03  2.862820e-06
5.054210e+03  2.694902e-06
5.135960e+03  2.536678e-06
5.219030e+03  2.387573e-06
5.303440e+03  2.247056e-06
5.389220e+03  2.114708e-06
5.476390e+03  1.989979e-06
5.564970e+03  1.872561e-06
5.654980e+03  1.761900e-06
5.746440e+03  1.657729e-06
5.839390e+03  1.559618e-06
5.933830e+03  1.467251e-06
6.029810e+03  1.380219e-06
6.127330e+03  1.298351e-06
6.226440e+03  1.221236e-06
6.327150e+03  1.148612e-06
6.429480e+03  1.080294e-06
6.533480e+03  1.015986e-06
6.639150e+03  9.554481e-07
6.746540e+03  8.984645e-07
6.855650e+03  8.448445e-07
6.966540e+03  7.944142e-07
7.079220e+03  7.469297e-07
7.193720e+03  7.022638e-07
7.310070e+03  6.602144e-07
7.428310e+03  6.206749e-07
7.548450e+03  5.834684e-07
7.670540e+03  5.484757e-07
7.794610e+03  5.155783e-07
7.920680e+03  4.846229e-07
8.048790e+03  4.554981e-07
8.178980e+03  4.281102e-07
8.311260e+03  4.023526e-07
8.445690e+03  3.781329e-07
8.582290e+03  3.553522e-07
8.721110e+03  3.339313e-07
8.862160e+03  3.137913e-07
9.005500e+03  2.948516e-07
9.151160e+03  2.770466e-07
9.299170e+03  2.603082e-07
9.449580e+03  2.445689e-07
9.602420e+03  2.297764e-07
9.757730e+03  2.158687e-07
9.915550e+03  2.027958e-07
1.007590e+04  1.905074e-07
1.023890e+04  1.789554e-07
1.040450e+04  1.680989e-07
1.057280e+04  1.578938e-07
1.074380e+04  1.483042e-07
1.091760e+04  1.392906e-07
1.109420e+04  1.308203e-07
1.127360e+04  1.228616e-07
1.145590e+04  1.153829e-07
1.164120e+04  1.083543e-07
1.182950e+04  1.017503e-07
1.202080e+04  9.554553e-08
1.221530e+04  8.971438e-08
1.241280e+04  8.423764e-08
1.261360e+04  7.909108e-08
1.281760e+04  7.425633e-08
1.302500e+04  6.971334e-08
1.323560e+04  6.544726e-08
1.344970e+04  6.143888e-08
1.366720e+04  5.767406e-08
1.388830e+04  5.413734e-08
1.411290e+04  5.081551e-08
1.434120e+04  4.769518e-08
1.457310e+04  4.476500e-08
1.480890e+04  4.201229e-08
1.504840e+04  3.942754e-08
1.529180e+04  3.700001e-08
1.553910e+04  3.472040e-08
1.579040e+04  3.257968e-08
1.604580e+04  3.056939e-08
1.630540e+04  2.868136e-08
1.656910e+04  2.690899e-08
1.683710e+04  2.524463e-08
1.710940e+04  2.368209e-08
1.738610e+04  2.221506e-08
1.766740e+04  2.083739e-08
1.795310e+04  1.954438e-08
1.824350e+04  1.833029e-08
1.853860e+04  1.719055e-08
1.883840e+04  1.612081e-08
1.914310e+04  1.511662e-08
1.945270e+04  1.417413e-08
1.976740e+04  1.328923e-08
2.008710e+04  1.245654e-08
2.041200e+04  1.167764e-08
2.074210e+04  1.094709e-08
2.107760e+04  1.026178e-08
2.141850e+04  9.619051e-09
2.176500e+04  9.016159e-09
2.211700e+04  8.450835e-09
2.247470e+04  7.920658e-09
2.283820e+04  7.423432e-09
2.320760e+04  6.957165e-09
2.358300e+04  6.519910e-09
2.396440e+04  6.109953e-09
2.435200e+04  5.725537e-09
2.474590e+04  5.365099e-09
2.514620e+04  5.027139e-09
2.555290e+04  4.710328e-09
2.596620e+04  4.413300e-09
2.638610e+04  4.134874e-09
2.681290e+04  3.873834e-09
2.724660e+04  3.629131e-09
2.768730e+04  3.399759e-09
2.813510e+04  3.184764e-09
2.859020e+04  2.983243e-09
2.905260e+04  2.794374e-09
2.952250e+04  2.617359e-09
3.000000e+04  2.451459e-09
-1  -1
