  -1
3.025550e+01  3.377468e-02
3.074490e+01  3.295327e-02
3.124210e+01  3.325654e-02
3.174750e+01  3.497939e-02
3.226090e+01  3.889176e-02
3.278270e+01  4.490495e-02
3.331300e+01  9.307063e-02
3.385180e+01  1.121216e-01
3.439930e+01  1.128796e-01
3.495570e+01  1.090274e-01
3.552110e+01  9.643453e-02
3.609560e+01  8.890561e-02
3.667940e+01  8.178185e-02
3.727270e+01  7.525176e-02
3.787550e+01  6.953502e-02
3.848820e+01  6.567519e-02
3.911070e+01  6.303166e-02
3.974320e+01  6.430773e-02
4.038610e+01  6.663165e-02
4.103930e+01  7.082144e-02
4.170310e+01  7.518182e-02
4.237760e+01  7.957971e-02
4.306300e+01  8.558780e-02
4.375950e+01  9.182812e-02
4.446730e+01  9.777867e-02
4.518650e+01  1.044731e-01
4.591740e+01  1.131753e-01
4.666000e+01  1.181424e-01
4.741470e+01  1.229171e-01
4.818160e+01  1.280151e-01
4.896090e+01  1.336033e-01
4.975280e+01  1.370680e-01
5.055760e+01  1.397768e-01
5.137530e+01  1.424007e-01
5.220620e+01  1.455784e-01
5.305060e+01  1.501607e-01
5.390870e+01  1.552178e-01
5.478060e+01  1.589484e-01
5.566670e+01  1.621365e-01
5.656700e+01  1.653818e-01
5.748200e+01  1.686735e-01
5.841170e+01  1.716367e-01
5.935640e+01  1.746372e-01
6.031650e+01  1.779420e-01
6.129210e+01  1.820683e-01
6.228340e+01  1.866160e-01
6.329080e+01  1.900506e-01
6.431450e+01  1.927996e-01
6.535470e+01  1.955770e-01
6.641180e+01  1.985614e-01
6.748590e+01  2.013289e-01
6.857750e+01  2.017366e-01
6.968670e+01  2.018767e-01
7.081380e+01  2.019305e-01
7.195910e+01  2.019599e-01
7.312300e+01  2.018856e-01
7.430570e+01  2.013018e-01
7.550760e+01  2.006408e-01
7.672890e+01  1.999558e-01
7.796990e+01  1.993051e-01
7.923100e+01  1.987420e-01
8.051250e+01  1.982413e-01
8.181470e+01  1.962732e-01
8.313800e+01  1.942857e-01
8.448270e+01  1.921056e-01
8.584910e+01  1.883497e-01
8.723770e+01  1.827712e-01
8.864870e+01  1.771960e-01
9.008250e+01  1.711645e-01
9.153950e+01  1.598514e-01
9.302010e+01  1.506751e-01
9.452460e+01  1.450814e-01
9.605350e+01  1.369039e-01
9.760710e+01  1.289995e-01
9.918580e+01  1.214690e-01
1.007900e+02  1.143400e-01
1.024200e+02  1.076516e-01
1.040770e+02  1.013337e-01
1.057600e+02  9.072761e-02
1.074710e+02  8.067941e-02
1.092090e+02  7.072323e-02
1.109750e+02  6.190825e-02
1.127700e+02  5.415295e-02
1.145940e+02  4.735936e-02
1.164480e+02  4.107059e-02
1.183310e+02  3.521728e-02
1.202450e+02  2.885267e-02
1.221900e+02  2.361763e-02
1.241660e+02  1.933088e-02
1.261750e+02  1.585296e-02
1.282150e+02  1.303515e-02
1.302890e+02  1.073992e-02
1.323970e+02  8.856891e-03
1.345380e+02  7.535576e-03
1.367140e+02  6.652711e-03
1.389250e+02  6.182565e-03
1.411720e+02  5.749079e-03
1.434560e+02  5.347773e-03
1.457760e+02  4.975807e-03
1.481340e+02  4.690203e-03
1.505300e+02  4.532680e-03
1.529640e+02  4.553971e-03
1.554390e+02  4.620152e-03
1.579530e+02  4.721005e-03
1.605070e+02  4.825298e-03
1.631030e+02  4.932834e-03
1.657420e+02  5.043630e-03
1.684220e+02  5.157982e-03
1.711460e+02  5.236442e-03
1.739150e+02  5.261219e-03
1.767270e+02  5.217970e-03
1.795860e+02  5.173111e-03
1.824910e+02  5.129693e-03
1.854420e+02  5.090906e-03
1.884420e+02  5.053463e-03
1.914890e+02  5.012608e-03
1.945870e+02  4.945972e-03
1.977340e+02  4.872485e-03
2.009320e+02  4.793753e-03
2.041820e+02  4.716451e-03
2.074850e+02  4.640590e-03
2.108400e+02  4.566242e-03
2.142510e+02  4.476200e-03
2.177160e+02  4.384549e-03
2.212370e+02  4.292141e-03
2.248160e+02  4.201706e-03
2.284520e+02  4.113349e-03
2.321470e+02  4.026998e-03
2.359020e+02  3.942525e-03
2.397170e+02  3.859945e-03
2.435950e+02  3.779140e-03
2.475350e+02  3.700170e-03
2.515380e+02  3.622944e-03
2.556070e+02  3.547365e-03
2.597410e+02  3.473496e-03
2.639420e+02  3.401242e-03
2.682110e+02  3.330558e-03
2.725490e+02  3.261413e-03
2.769570e+02  3.185532e-03
2.814370e+02  3.101252e-03
2.859890e+02  3.012933e-03
2.906150e+02  2.926278e-03
2.953150e+02  2.842156e-03
3.000920e+02  2.760479e-03
3.049450e+02  2.681191e-03
3.098780e+02  2.604163e-03
3.148900e+02  2.529419e-03
3.199830e+02  2.456842e-03
3.251580e+02  2.386372e-03
3.304180e+02  2.317918e-03
3.357620e+02  2.251466e-03
3.411920e+02  2.186964e-03
3.467110e+02  2.124296e-03
3.523190e+02  2.063440e-03
3.580170e+02  2.004357e-03
3.638080e+02  1.946988e-03
3.696920e+02  1.891276e-03
3.756720e+02  1.837154e-03
3.817480e+02  1.784609e-03
3.879220e+02  1.732811e-03
3.941970e+02  1.680860e-03
4.005730e+02  1.622882e-03
4.070520e+02  1.563985e-03
4.136350e+02  1.507225e-03
4.203260e+02  1.452508e-03
4.271240e+02  1.399781e-03
4.340320e+02  1.348986e-03
4.410520e+02  1.300004e-03
4.481860e+02  1.252642e-03
4.554350e+02  1.206321e-03
4.628020e+02  1.161233e-03
4.702870e+02  1.117571e-03
4.778940e+02  1.075497e-03
4.856230e+02  1.034959e-03
4.934780e+02  9.958724e-04
5.014590e+02  9.581463e-04
5.095700e+02  9.216284e-04
5.178120e+02  8.860117e-04
5.261870e+02  8.494094e-04
5.281000e+02  8.353376e-04
5.283000e+02  6.522485e-03
5.346980e+02  6.334176e-03
5.433460e+02  6.011727e-03
5.521340e+02  5.698884e-03
5.610650e+02  5.399856e-03
5.701390e+02  5.116038e-03
5.793610e+02  4.851553e-03
5.887320e+02  4.601499e-03
5.982540e+02  4.364785e-03
6.079300e+02  4.140065e-03
6.177630e+02  3.926657e-03
6.277550e+02  3.723841e-03
6.379080e+02  3.528720e-03
6.482260e+02  3.339917e-03
6.587110e+02  3.158749e-03
6.693650e+02  2.987429e-03
6.801910e+02  2.833136e-03
6.911930e+02  2.692673e-03
7.023720e+02  2.561642e-03
7.137330e+02  2.437622e-03
7.252770e+02  2.320042e-03
7.370080e+02  2.208127e-03
7.489280e+02  2.101587e-03
7.610420e+02  2.001068e-03
7.733510e+02  1.914818e-03
7.858590e+02  1.864681e-03
7.985700e+02  1.842549e-03
8.114860e+02  1.820710e-03
8.246110e+02  1.799189e-03
8.379490e+02  1.777989e-03
8.515020e+02  1.737053e-03
8.652740e+02  1.675475e-03
8.792690e+02  1.597562e-03
8.934910e+02  1.523302e-03
9.079430e+02  1.452507e-03
9.226280e+02  1.385000e-03
9.375510e+02  1.328683e-03
9.527150e+02  1.276651e-03
9.681240e+02  1.228338e-03
9.837830e+02  1.181861e-03
9.996950e+02  1.135812e-03
1.015860e+03  1.090197e-03
1.032290e+03  1.034757e-03
1.048990e+03  9.818494e-04
1.065960e+03  9.314560e-04
1.083200e+03  8.836484e-04
1.100720e+03  8.382928e-04
1.118520e+03  7.952667e-04
1.136610e+03  7.544499e-04
1.155000e+03  7.157155e-04
1.173680e+03  6.789815e-04
1.192660e+03  6.441342e-04
1.211950e+03  6.110739e-04
1.231550e+03  5.797130e-04
1.251470e+03  5.499734e-04
1.271720e+03  5.217695e-04
1.292290e+03  4.950307e-04
1.313190e+03  4.696731e-04
1.334430e+03  4.456083e-04
1.356010e+03  4.227775e-04
1.377940e+03  4.011181e-04
1.400230e+03  3.805665e-04
1.422880e+03  3.610656e-04
1.445890e+03  3.425739e-04
1.469280e+03  3.249912e-04
1.493040e+03  3.082638e-04
1.517190e+03  2.922117e-04
1.541730e+03  2.769728e-04
1.566670e+03  2.625293e-04
1.592010e+03  2.488354e-04
1.617760e+03  2.358569e-04
1.643920e+03  2.235605e-04
1.670510e+03  2.119025e-04
1.697530e+03  2.008519e-04
1.724990e+03  1.903783e-04
1.752890e+03  1.803777e-04
1.781240e+03  1.708770e-04
1.810050e+03  1.618580e-04
1.839320e+03  1.533205e-04
1.869070e+03  1.452306e-04
1.899300e+03  1.375664e-04
1.930020e+03  1.303066e-04
1.961240e+03  1.234308e-04
1.992960e+03  1.169200e-04
2.025200e+03  1.107998e-04
2.057950e+03  1.049190e-04
2.091240e+03  9.933709e-05
2.125060e+03  9.404836e-05
2.159430e+03  8.903327e-05
2.194360e+03  8.428326e-05
2.229850e+03  7.977362e-05
2.265920e+03  7.550341e-05
2.302570e+03  7.145202e-05
2.339810e+03  6.761785e-05
2.377660e+03  6.397841e-05
2.416110e+03  6.053129e-05
2.455190e+03  5.726397e-05
2.494900e+03  5.416519e-05
2.535260e+03  5.123120e-05
2.576260e+03  4.845100e-05
2.617930e+03  4.581682e-05
2.660270e+03  4.332114e-05
2.703300e+03  4.095627e-05
2.747030e+03  3.871571e-05
2.791460e+03  3.659363e-05
2.836610e+03  3.458400e-05
2.882490e+03  3.267989e-05
2.929110e+03  3.087674e-05
2.976480e+03  2.916937e-05
3.024630e+03  2.755213e-05
3.073550e+03  2.602118e-05
3.123260e+03  2.457118e-05
3.173780e+03  2.319840e-05
3.225110e+03  2.189907e-05
3.277270e+03  2.066886e-05
3.330280e+03  1.950415e-05
3.384150e+03  1.840191e-05
3.438880e+03  1.735895e-05
3.494500e+03  1.637204e-05
3.551020e+03  1.543769e-05
3.608460e+03  1.455380e-05
3.666820e+03  1.371776e-05
3.726130e+03  1.292680e-05
3.786400e+03  1.217852e-05
3.847640e+03  1.147088e-05
3.909870e+03  1.080164e-05
3.973110e+03  1.016885e-05
4.037380e+03  9.570361e-06
4.102680e+03  9.005393e-06
4.132100e+03  8.764217e-06
4.132300e+03  2.764143e-05
4.169030e+03  2.679108e-05
4.236460e+03  2.531322e-05
4.304980e+03  2.391674e-05
4.374620e+03  2.259737e-05
4.380300e+03  2.249352e-05
4.380500e+03  3.097325e-05
4.445370e+03  2.937084e-05
4.517270e+03  2.771556e-05
4.590330e+03  2.615392e-05
4.664580e+03  2.467972e-05
4.698200e+03  2.404695e-05
4.698400e+03  2.765402e-05
4.740030e+03  2.681620e-05
4.816690e+03  2.535645e-05
4.894600e+03  2.397251e-05
4.973770e+03  2.266046e-05
5.054210e+03  2.141747e-05
5.135960e+03  2.023982e-05
5.219030e+03  1.912477e-05
5.303440e+03  1.806842e-05
5.389220e+03  1.706849e-05
5.476390e+03  1.612205e-05
5.564970e+03  1.522618e-05
5.654980e+03  1.437868e-05
5.746440e+03  1.357669e-05
5.839390e+03  1.281816e-05
5.933830e+03  1.210090e-05
6.029810e+03  1.142271e-05
6.127330e+03  1.078136e-05
6.226440e+03  1.017513e-05
6.327150e+03  9.602150e-06
6.429480e+03  9.060616e-06
6.533480e+03  8.548931e-06
6.639150e+03  8.065468e-06
6.746540e+03  7.608853e-06
6.855650e+03  7.177529e-06
6.966540e+03  6.770051e-06
7.079220e+03  6.385358e-06
7.193720e+03  6.022042e-06
7.310070e+03  5.679093e-06
7.428310e+03  5.355310e-06
7.548450e+03  5.049559e-06
7.670540e+03  4.761129e-06
7.794610e+03  4.488879e-06
7.920680e+03  4.231964e-06
8.048790e+03  3.989462e-06
8.178980e+03  3.760675e-06
8.311260e+03  3.544812e-06
8.445690e+03  3.341319e-06
8.582290e+03  3.149167e-06
8.721110e+03  2.967965e-06
8.862160e+03  2.797135e-06
9.005500e+03  2.636021e-06
9.151160e+03  2.484063e-06
9.299170e+03  2.340755e-06
9.449580e+03  2.205669e-06
9.602420e+03  2.078302e-06
9.757730e+03  1.958137e-06
9.915550e+03  1.844966e-06
1.007590e+04  1.738229e-06
1.023890e+04  1.637590e-06
1.040450e+04  1.542744e-06
1.057280e+04  1.453336e-06
1.074380e+04  1.369074e-06
1.091760e+04  1.289656e-06
1.109420e+04  1.214808e-06
1.127360e+04  1.144289e-06
1.145590e+04  1.077833e-06
1.164120e+04  1.015204e-06
1.182950e+04  9.561901e-07
1.202080e+04  9.005895e-07
1.221530e+04  8.481895e-07
1.241280e+04  7.988394e-07
1.261360e+04  7.523323e-07
1.281760e+04  7.085243e-07
1.302500e+04  6.672416e-07
1.323560e+04  6.283673e-07
1.344970e+04  5.917384e-07
1.366720e+04  5.572389e-07
1.388830e+04  5.247382e-07
1.411290e+04  4.941273e-07
1.434120e+04  4.652902e-07
1.457310e+04  4.381334e-07
1.480890e+04  4.125481e-07
1.504840e+04  3.884563e-07
1.529180e+04  3.657641e-07
1.553910e+04  3.443953e-07
1.579040e+04  3.242694e-07
1.604580e+04  3.053143e-07
1.630540e+04  2.874589e-07
1.656910e+04  2.706495e-07
1.683710e+04  2.548169e-07
1.710940e+04  2.399086e-07
1.738610e+04  2.258690e-07
1.766740e+04  2.126464e-07
1.795310e+04  2.001971e-07
1.824350e+04  1.884725e-07
1.853860e+04  1.774335e-07
1.883840e+04  1.670388e-07
1.914310e+04  1.572498e-07
1.945270e+04  1.480335e-07
1.976740e+04  1.393544e-07
2.008710e+04  1.311823e-07
2.041200e+04  1.234878e-07
2.074210e+04  1.162445e-07
2.107760e+04  1.094221e-07
2.141850e+04  1.029996e-07
2.176500e+04  9.695178e-08
2.211700e+04  9.125801e-08
2.247470e+04  8.589739e-08
2.283820e+04  8.084992e-08
2.320760e+04  7.609763e-08
2.358300e+04  7.162313e-08
2.396440e+04  6.741083e-08
2.435200e+04  6.344469e-08
2.474590e+04  5.971055e-08
2.514620e+04  5.619484e-08
2.555290e+04  5.288521e-08
2.596620e+04  4.976923e-08
2.638610e+04  4.683589e-08
2.681290e+04  4.407399e-08
2.724660e+04  4.147382e-08
2.768730e+04  3.902600e-08
2.813510e+04  3.672159e-08
2.859020e+04  3.455208e-08
2.905260e+04  3.250982e-08
2.952250e+04  3.058717e-08
3.000000e+04  2.877721e-08
-1  -1
