  -1
3.000000e+01  1.103743e-01
3.020000e+01  1.173476e-01
3.040000e+01  1.230299e-01
3.060000e+01  1.277971e-01
3.100000e+01  1.332964e-01
3.150140e+01  1.367826e-01
3.180000e+01  1.375320e-01
3.220000e+01  1.427589e-01
3.272080e+01  1.554574e-01
3.325000e+01  1.737292e-01
3.378780e+01  1.963327e-01
3.380000e+01  1.968910e-01
3.420000e+01  2.169609e-01
3.440000e+01  2.236417e-01
3.460000e+01  2.408995e-01
3.515960e+01  2.589349e-01
3.572830e+01  2.829932e-01
3.630620e+01  3.135246e-01
3.689340e+01  3.477523e-01
3.740000e+01  3.816649e-01
3.780000e+01  4.097295e-01
3.841140e+01  4.470042e-01
3.903270e+01  4.849187e-01
3.966400e+01  5.261976e-01
4.030550e+01  5.749623e-01
4.095740e+01  6.224076e-01
4.120000e+01  6.424153e-01
4.160000e+01  6.746226e-01
4.227280e+01  7.208264e-01
4.280000e+01  7.539339e-01
4.340000e+01  7.847296e-01
4.410200e+01  8.009128e-01
4.481530e+01  7.887935e-01
4.554010e+01  7.489657e-01
4.627670e+01  6.752150e-01
4.640000e+01  6.594192e-01
4.700000e+01  6.109809e-01
4.740000e+01  5.751768e-01
4.816670e+01  4.860818e-01
4.894570e+01  3.990457e-01
4.973740e+01  3.251575e-01
4.980000e+01  3.206951e-01
5.000000e+01  2.842601e-01
5.040000e+01  2.542819e-01
5.100000e+01  2.177118e-01
5.120000e+01  2.064790e-01
5.160000e+01  1.878517e-01
5.220000e+01  1.627810e-01
5.300000e+01  1.369432e-01
5.340000e+01  1.252565e-01
5.400000e+01  1.103651e-01
5.487340e+01  9.338435e-02
5.520000e+01  8.784923e-02
5.540000e+01  8.391952e-02
5.620000e+01  7.297926e-02
5.660000e+01  6.779068e-02
5.751550e+01  5.840067e-02
5.844570e+01  5.060663e-02
5.939100e+01  4.416567e-02
6.035160e+01  3.891075e-02
6.132780e+01  3.520951e-02
6.231970e+01  3.215739e-02
6.332770e+01  2.969463e-02
6.435200e+01  2.770664e-02
6.539280e+01  2.608140e-02
6.645050e+01  2.496762e-02
6.752530e+01  2.401719e-02
6.861740e+01  2.323097e-02
6.972720e+01  2.261714e-02
7.085500e+01  2.203450e-02
7.200110e+01  2.147719e-02
7.316560e+01  2.103512e-02
7.434900e+01  2.075922e-02
7.555160e+01  2.049716e-02
7.677350e+01  2.029245e-02
7.801530e+01  2.013067e-02
7.927710e+01  1.997737e-02
8.055940e+01  1.983144e-02
8.186240e+01  1.969232e-02
8.318640e+01  1.955975e-02
8.453190e+01  1.942192e-02
8.589910e+01  1.922071e-02
8.728850e+01  1.902462e-02
8.870030e+01  1.883385e-02
9.013490e+01  1.864814e-02
9.159280e+01  1.846740e-02
9.307420e+01  1.829150e-02
9.457960e+01  1.812036e-02
9.610940e+01  1.795446e-02
9.766390e+01  1.767370e-02
9.924350e+01  1.739906e-02
1.008490e+02  1.702860e-02
1.024800e+02  1.660472e-02
1.041370e+02  1.618425e-02
1.058220e+02  1.577482e-02
1.075330e+02  1.537806e-02
1.092730e+02  1.489556e-02
1.110400e+02  1.437985e-02
1.128360e+02  1.390361e-02
1.146610e+02  1.347013e-02
1.165160e+02  1.305052e-02
1.184000e+02  1.264363e-02
1.203150e+02  1.234067e-02
1.222610e+02  1.211274e-02
1.242390e+02  1.189030e-02
1.262480e+02  1.167119e-02
1.282900e+02  1.145236e-02
1.303650e+02  1.123850e-02
1.324740e+02  1.102978e-02
1.346160e+02  1.073404e-02
1.367930e+02  1.038845e-02
1.390060e+02  1.005158e-02
1.412540e+02  9.708825e-03
1.435390e+02  9.377685e-03
1.458610e+02  9.058003e-03
1.482200e+02  8.735093e-03
1.506170e+02  8.412707e-03
1.530530e+02  8.102205e-03
1.555290e+02  7.803196e-03
1.580440e+02  7.515421e-03
1.606010e+02  7.243052e-03
1.631980e+02  6.985786e-03
1.658380e+02  6.737753e-03
1.685200e+02  6.498648e-03
1.712460e+02  6.275129e-03
1.740150e+02  6.065986e-03
1.768300e+02  5.863878e-03
1.796900e+02  5.668713e-03
1.825960e+02  5.480283e-03
1.855500e+02  5.258982e-03
1.885510e+02  5.040605e-03
1.916010e+02  4.831291e-03
1.947000e+02  4.630723e-03
1.978490e+02  4.432303e-03
2.010490e+02  4.241173e-03
2.043000e+02  4.058318e-03
2.076050e+02  3.883337e-03
2.109630e+02  3.723344e-03
2.143750e+02  3.576825e-03
2.178420e+02  3.436155e-03
2.213660e+02  3.301032e-03
2.249460e+02  3.171304e-03
2.285840e+02  3.046710e-03
2.322820e+02  2.927010e-03
2.360390e+02  2.812080e-03
2.398560e+02  2.701725e-03
2.437360e+02  2.586122e-03
2.476780e+02  2.472744e-03
2.516840e+02  2.364354e-03
2.557550e+02  2.260615e-03
2.598910e+02  2.158000e-03
2.640950e+02  2.060033e-03
2.683660e+02  1.966545e-03
2.727070e+02  1.877294e-03
2.771180e+02  1.791818e-03
2.816000e+02  1.709753e-03
2.861550e+02  1.631450e-03
2.907830e+02  1.556747e-03
2.954860e+02  1.485468e-03
3.002650e+02  1.417453e-03
3.051220e+02  1.352550e-03
3.100570e+02  1.290623e-03
3.150720e+02  1.231299e-03
3.201680e+02  1.172197e-03
3.253470e+02  1.115911e-03
3.306090e+02  1.062324e-03
3.359560e+02  1.011305e-03
3.413900e+02  9.627091e-04
3.469120e+02  9.164263e-04
3.525230e+02  8.723417e-04
3.582240e+02  8.303419e-04
3.640180e+02  7.903053e-04
3.699060e+02  7.521168e-04
3.758890e+02  7.156477e-04
3.819690e+02  6.807270e-04
3.869600e+02  6.534093e-04
3.916100e+02  6.398022e-04
3.938500e+02  6.454864e-04
3.951000e+02  6.625449e-04
3.961100e+02  6.950927e-04
3.964900e+02  7.159031e-04
3.968800e+02  7.527703e-04
3.971200e+02  7.907003e-04
3.972600e+02  8.247432e-04
3.973800e+02  8.747056e-04
3.975100e+02  9.385787e-04
3.976400e+02  1.077831e-03
3.977700e+02  1.283869e-03
3.980200e+02  1.848387e-03
3.982700e+02  2.776385e-03
3.984000e+02  3.242421e-03
3.985400e+02  3.632712e-03
3.986000e+02  3.807690e-03
3.988000e+02  4.427285e-03
3.989100e+02  5.313704e-03
3.993000e+02  7.494123e-03
3.994300e+02  8.342243e-03
3.995600e+02  9.164176e-03
3.996800e+02  9.846134e-03
3.999500e+02  1.081628e-02
4.000700e+02  1.306768e-02
4.002000e+02  1.346235e-02
4.004600e+02  1.393385e-02
4.011100e+02  1.620886e-02
4.012400e+02  1.652794e-02
4.013700e+02  1.657962e-02
4.015000e+02  1.633273e-02
4.016300e+02  1.569158e-02
4.017600e+02  1.484938e-02
4.020200e+02  1.288303e-02
4.021500e+02  1.039350e-02
4.022800e+02  9.836211e-03
4.024100e+02  9.468050e-03
4.025500e+02  9.217977e-03
4.026700e+02  9.172095e-03
4.028100e+02  9.215846e-03
4.029300e+02  9.371158e-03
4.032000e+02  1.006196e-02
4.033300e+02  1.048525e-02
4.034600e+02  1.303891e-02
4.035900e+02  1.392826e-02
4.037200e+02  1.504680e-02
4.041100e+02  1.825535e-02
4.042500e+02  1.923110e-02
4.045100e+02  2.022495e-02
4.047800e+02  2.057286e-02
4.053000e+02  2.044976e-02
4.057000e+02  2.064172e-02
4.058400e+02  2.059743e-02
4.061000e+02  1.992006e-02
4.063700e+02  1.878683e-02
4.065000e+02  1.811201e-02
4.067700e+02  1.632842e-02
4.073100e+02  1.365754e-02
4.074300e+02  1.319964e-02
4.075700e+02  1.108114e-02
4.079700e+02  1.013620e-02
4.083800e+02  9.495336e-03
4.089200e+02  8.963954e-03
4.100000e+02  8.107216e-03
4.141000e+02  5.213920e-03
4.152100e+02  4.749724e-03
4.160500e+02  4.516572e-03
4.174500e+02  4.336478e-03
4.201400e+02  4.153458e-03
4.228600e+02  4.106515e-03
4.259200e+02  4.062042e-03
4.275700e+02  4.061015e-03
4.344860e+02  4.147189e-03
4.365300e+02  4.173357e-03
4.396400e+02  4.139574e-03
4.451700e+02  3.810487e-03
4.523700e+02  3.501562e-03
4.524800e+02  3.497055e-03
4.566500e+02  3.433532e-03
4.640360e+02  3.461130e-03
4.678500e+02  3.475856e-03
4.750200e+02  3.368161e-03
4.824100e+02  3.144331e-03
4.890700e+02  2.943801e-03
4.939400e+02  2.908359e-03
5.019290e+02  3.029492e-03
5.060400e+02  3.093531e-03
5.102100e+02  3.062454e-03
5.184620e+02  2.862710e-03
5.268480e+02  2.675444e-03
5.287000e+02  2.636113e-03
5.344000e+02  2.529237e-03
5.390400e+02  2.485571e-03
5.477590e+02  2.428167e-03
5.566180e+02  2.353560e-03
5.656210e+02  2.215834e-03
5.674100e+02  2.189686e-03
5.753200e+02  2.056316e-03
5.846250e+02  1.954329e-03
5.940810e+02  1.882541e-03
6.036900e+02  1.811873e-03
6.134540e+02  1.718100e-03
6.233760e+02  1.629163e-03
6.334590e+02  1.539551e-03
6.437050e+02  1.463510e-03
6.541160e+02  1.402041e-03
6.646960e+02  1.335021e-03
6.754470e+02  1.267225e-03
6.863720e+02  1.202861e-03
6.974730e+02  1.141770e-03
7.087540e+02  1.084162e-03
7.202180e+02  1.030830e-03
7.318670e+02  9.801239e-04
7.437040e+02  9.319155e-04
7.557330e+02  8.860771e-04
7.679560e+02  8.423117e-04
7.803770e+02  8.000710e-04
7.929990e+02  7.599473e-04
8.058250e+02  7.218384e-04
8.188590e+02  6.856404e-04
8.321030e+02  6.512590e-04
8.455620e+02  6.180676e-04
8.592380e+02  5.852687e-04
8.731350e+02  5.534813e-04
8.872580e+02  5.240726e-04
9.016080e+02  4.967100e-04
9.161910e+02  4.700156e-04
9.310100e+02  4.437906e-04
9.460680e+02  4.190290e-04
9.613700e+02  3.960947e-04
9.769190e+02  3.748409e-04
9.927200e+02  3.549548e-04
1.008780e+03  3.361222e-04
1.024600e+03  3.188146e-04
1.037500e+03  3.054032e-04
1.054280e+03  2.888795e-04
1.071330e+03  2.732510e-04
1.088660e+03  2.584660e-04
1.106270e+03  2.444815e-04
1.124160e+03  2.312561e-04
1.142340e+03  2.185167e-04
1.160820e+03  2.064372e-04
1.179600e+03  1.950253e-04
1.198680e+03  1.842452e-04
1.218060e+03  1.740014e-04
1.237760e+03  1.643028e-04
1.257780e+03  1.551446e-04
1.278130e+03  1.464955e-04
1.298800e+03  1.383307e-04
1.319810e+03  1.306200e-04
1.341150e+03  1.233411e-04
1.362850e+03  1.164651e-04
1.384890e+03  1.099746e-04
1.407290e+03  1.038454e-04
1.430050e+03  9.805796e-05
1.453180e+03  9.259313e-05
1.476680e+03  8.743311e-05
1.500570e+03  8.255994e-05
1.524840e+03  7.795908e-05
1.549500e+03  7.361472e-05
1.574560e+03  6.951248e-05
1.600030e+03  6.563859e-05
1.625910e+03  6.198067e-05
1.652210e+03  5.852658e-05
1.678930e+03  5.526516e-05
1.706090e+03  5.218531e-05
1.733680e+03  4.927766e-05
1.761720e+03  4.653173e-05
1.790220e+03  4.393862e-05
1.819170e+03  4.149051e-05
1.848600e+03  3.917827e-05
1.878500e+03  3.696569e-05
1.908880e+03  3.486093e-05
1.939750e+03  3.287626e-05
1.971130e+03  3.100418e-05
2.003010e+03  2.923889e-05
2.035410e+03  2.757395e-05
2.068330e+03  2.600400e-05
2.101780e+03  2.452354e-05
2.135780e+03  2.312719e-05
2.170320e+03  2.181052e-05
2.205420e+03  2.056870e-05
2.241090e+03  1.939772e-05
2.277340e+03  1.829325e-05
2.314180e+03  1.725163e-05
2.351610e+03  1.626945e-05
2.389640e+03  1.534320e-05
2.428290e+03  1.446967e-05
2.467570e+03  1.364586e-05
2.507480e+03  1.286893e-05
2.548030e+03  1.213629e-05
2.589250e+03  1.144529e-05
2.631130e+03  1.079371e-05
2.673680e+03  1.017920e-05
2.716930e+03  9.599689e-06
2.760870e+03  9.053146e-06
2.805530e+03  8.537740e-06
2.850900e+03  8.048720e-06
2.897010e+03  7.579674e-06
2.943870e+03  7.138007e-06
2.991490e+03  6.721979e-06
3.039870e+03  6.330296e-06
3.089040e+03  5.961423e-06
3.139000e+03  5.614041e-06
3.189770e+03  5.286883e-06
3.241360e+03  4.978795e-06
3.293790e+03  4.688655e-06
3.347060e+03  4.415448e-06
3.401200e+03  4.158143e-06
3.456210e+03  3.915843e-06
3.512110e+03  3.687652e-06
3.568920e+03  3.472758e-06
3.626640e+03  3.270400e-06
3.685300e+03  3.079826e-06
3.744910e+03  2.900353e-06
3.805480e+03  2.731348e-06
3.867030e+03  2.572181e-06
3.929580e+03  2.419134e-06
3.993130e+03  2.274632e-06
4.057720e+03  2.138753e-06
4.123350e+03  2.010996e-06
4.190040e+03  1.890868e-06
4.257810e+03  1.777914e-06
4.326680e+03  1.671707e-06
4.396660e+03  1.571844e-06
4.467770e+03  1.477944e-06
4.472000e+03  1.472586e-06
4.492700e+03  1.446674e-06
4.492900e+03  1.123717e-05
4.530000e+03  1.091837e-05
4.603270e+03  1.032163e-05
4.677720e+03  9.757495e-06
4.753380e+03  9.224161e-06
4.830260e+03  8.719999e-06
4.908390e+03  8.243361e-06
4.987780e+03  7.792804e-06
5.068450e+03  7.366857e-06
5.150430e+03  6.964190e-06
5.233730e+03  6.583555e-06
5.318390e+03  6.223674e-06
5.404410e+03  5.883515e-06
5.491820e+03  5.561931e-06
5.580640e+03  5.257937e-06
5.670910e+03  4.967589e-06
5.762630e+03  4.684551e-06
5.855830e+03  4.417662e-06
5.950550e+03  4.165948e-06
6.046790e+03  3.928598e-06
6.144590e+03  3.704756e-06
6.243980e+03  3.493660e-06
6.344970e+03  3.294611e-06
6.447590e+03  3.106911e-06
6.551880e+03  2.929880e-06
6.657850e+03  2.762957e-06
6.765540e+03  2.605519e-06
6.874960e+03  2.457077e-06
6.986160e+03  2.317080e-06
7.099160e+03  2.185063e-06
7.213980e+03  2.060562e-06
7.330660e+03  1.943163e-06
7.449230e+03  1.831600e-06
7.569710e+03  1.724108e-06
7.692150e+03  1.622928e-06
7.816560e+03  1.527678e-06
7.942990e+03  1.438022e-06
8.071460e+03  1.353635e-06
8.202010e+03  1.274184e-06
8.334670e+03  1.199412e-06
8.469480e+03  1.129014e-06
8.606460e+03  1.062764e-06
8.745670e+03  1.000391e-06
8.887120e+03  9.416767e-07
9.030860e+03  8.864104e-07
9.176930e+03  8.343896e-07
9.325360e+03  7.854249e-07
9.476190e+03  7.393295e-07
9.629460e+03  6.959397e-07
9.785210e+03  6.550950e-07
9.943470e+03  6.162264e-07
1.010430e+04  5.796126e-07
1.026770e+04  5.451452e-07
1.043380e+04  5.126817e-07
1.060260e+04  4.821217e-07
1.077410e+04  4.533568e-07
1.094830e+04  4.262870e-07
1.112540e+04  4.008026e-07
1.130530e+04  3.768233e-07
1.148820e+04  3.542521e-07
1.167400e+04  3.330167e-07
1.186280e+04  3.130366e-07
1.205470e+04  2.942362e-07
1.224970e+04  2.765498e-07
1.244780e+04  2.599146e-07
1.264910e+04  2.442672e-07
1.285370e+04  2.295481e-07
1.306160e+04  2.157050e-07
1.327290e+04  2.026851e-07
1.348760e+04  1.904421e-07
1.370570e+04  1.789317e-07
1.392740e+04  1.681072e-07
1.415270e+04  1.579292e-07
1.438160e+04  1.483617e-07
1.461420e+04  1.393672e-07
1.485050e+04  1.309130e-07
1.509070e+04  1.229650e-07
1.533480e+04  1.154940e-07
1.558280e+04  1.084728e-07
1.583490e+04  1.018729e-07
1.609100e+04  9.567140e-08
1.635130e+04  8.984296e-08
1.661570e+04  8.436717e-08
1.688450e+04  7.922079e-08
1.715760e+04  7.438572e-08
1.743510e+04  6.984292e-08
1.771710e+04  6.557503e-08
1.800360e+04  6.156572e-08
1.829480e+04  5.779905e-08
1.859070e+04  5.426070e-08
1.889140e+04  5.093699e-08
1.919700e+04  4.781477e-08
1.950750e+04  4.488254e-08
1.982300e+04  4.212866e-08
2.014360e+04  3.954234e-08
2.046940e+04  3.711339e-08
2.080050e+04  3.483227e-08
2.113690e+04  3.269039e-08
2.147880e+04  3.067891e-08
2.182620e+04  2.879036e-08
2.217920e+04  2.701713e-08
2.253800e+04  2.535198e-08
2.290250e+04  2.378897e-08
2.327290e+04  2.232150e-08
2.364930e+04  2.094380e-08
2.403180e+04  1.965043e-08
2.442050e+04  1.843635e-08
2.481550e+04  1.729673e-08
2.521690e+04  1.622693e-08
2.562480e+04  1.522283e-08
2.603920e+04  1.428048e-08
2.646040e+04  1.339594e-08
2.688840e+04  1.256586e-08
2.732330e+04  1.178678e-08
2.776520e+04  1.105571e-08
2.821430e+04  1.036963e-08
2.867060e+04  9.725850e-09
2.913430e+04  9.121672e-09
2.960560e+04  8.554778e-09
3.000000e+04  8.113617e-09
-1  -1
