  -1
3.025550e+01  2.156254e-01
3.074490e+01  1.931186e-01
3.124210e+01  1.729432e-01
3.174750e+01  1.548240e-01
3.226090e+01  1.387173e-01
3.278270e+01  1.243930e-01
3.331300e+01  1.116457e-01
3.385180e+01  1.002922e-01
3.439930e+01  9.017139e-02
3.495570e+01  8.114058e-02
3.552110e+01  7.307349e-02
3.609560e+01  6.586283e-02
3.667940e+01  5.935446e-02
3.727270e+01  5.349753e-02
3.787550e+01  4.825155e-02
3.848820e+01  4.354836e-02
3.911070e+01  3.932908e-02
3.974320e+01  3.554025e-02
4.038610e+01  3.213450e-02
4.103930e+01  2.906999e-02
4.170310e+01  2.638974e-02
4.237760e+01  2.420585e-02
4.306300e+01  2.221701e-02
4.375950e+01  2.040207e-02
4.446730e+01  1.874889e-02
4.518650e+01  1.730748e-02
4.591740e+01  1.598341e-02
4.666000e+01  1.476477e-02
4.741470e+01  1.389655e-02
4.818160e+01  1.322434e-02
4.896090e+01  1.259021e-02
4.975280e+01  1.199002e-02
5.055760e+01  1.149590e-02
5.137530e+01  1.103866e-02
5.220620e+01  1.060123e-02
5.305060e+01  1.023393e-02
5.390870e+01  9.910687e-03
5.478060e+01  9.750686e-03
5.566670e+01  9.618973e-03
5.656700e+01  1.232214e-02
5.748200e+01  1.909165e-02
5.841170e+01  2.384148e-02
5.935640e+01  2.510099e-02
6.031650e+01  2.489322e-02
6.129210e+01  2.420995e-02
6.228340e+01  2.193877e-02
6.329080e+01  2.148866e-02
6.431450e+01  2.104613e-02
6.535470e+01  2.144693e-02
6.641180e+01  2.188048e-02
6.748590e+01  2.235538e-02
6.857750e+01  2.285626e-02
6.968670e+01  2.337389e-02
7.081380e+01  2.390853e-02
7.195910e+01  2.446143e-02
7.312300e+01  2.491588e-02
7.430570e+01  2.530621e-02
7.550760e+01  2.570476e-02
7.672890e+01  2.611231e-02
7.796990e+01  2.652911e-02
7.923100e+01  2.695541e-02
8.051250e+01  2.739124e-02
8.181470e+01  2.783586e-02
8.313800e+01  2.837514e-02
8.448270e+01  2.897246e-02
8.584910e+01  2.958767e-02
8.723770e+01  3.022128e-02
8.864870e+01  3.087462e-02
9.008250e+01  3.155101e-02
9.153950e+01  3.203010e-02
9.302010e+01  3.238566e-02
9.452460e+01  3.274557e-02
9.605350e+01  3.311163e-02
9.760710e+01  3.348491e-02
9.918580e+01  3.386612e-02
1.007900e+02  3.425708e-02
1.024200e+02  3.466253e-02
1.040770e+02  3.477017e-02
1.057600e+02  3.474475e-02
1.074710e+02  3.471636e-02
1.092090e+02  3.468804e-02
1.109750e+02  3.466030e-02
1.127700e+02  3.463345e-02
1.145940e+02  3.460837e-02
1.164480e+02  3.458589e-02
1.183310e+02  3.452962e-02
1.202450e+02  3.427908e-02
1.221900e+02  3.402759e-02
1.241660e+02  3.377709e-02
1.261750e+02  3.352803e-02
1.282150e+02  3.328169e-02
1.302890e+02  3.303730e-02
1.323970e+02  3.279610e-02
1.345380e+02  3.256001e-02
1.367140e+02  3.219633e-02
1.389250e+02  3.176215e-02
1.411720e+02  3.133115e-02
1.434560e+02  3.090496e-02
1.457760e+02  3.048497e-02
1.481340e+02  3.007080e-02
1.505300e+02  2.966285e-02
1.529640e+02  2.915373e-02
1.554390e+02  2.865102e-02
1.579530e+02  2.815647e-02
1.605070e+02  2.767033e-02
1.631030e+02  2.719220e-02
1.657420e+02  2.672225e-02
1.684220e+02  2.626185e-02
1.711460e+02  2.574180e-02
1.739150e+02  2.518523e-02
1.767270e+02  2.463982e-02
1.795860e+02  2.410528e-02
1.824910e+02  2.358224e-02
1.854420e+02  2.307080e-02
1.884420e+02  2.257019e-02
1.914890e+02  2.208132e-02
1.945870e+02  2.156404e-02
1.977340e+02  2.093736e-02
2.009320e+02  2.032681e-02
2.041820e+02  1.973314e-02
2.074850e+02  1.915645e-02
2.108400e+02  1.859531e-02
2.142510e+02  1.799683e-02
2.177160e+02  1.740838e-02
2.212370e+02  1.683158e-02
2.248160e+02  1.627315e-02
2.284520e+02  1.573311e-02
2.321470e+02  1.521078e-02
2.359020e+02  1.470537e-02
2.397170e+02  1.421685e-02
2.435950e+02  1.374446e-02
2.475350e+02  1.328758e-02
2.515380e+02  1.284590e-02
2.556070e+02  1.241865e-02
2.597410e+02  1.200591e-02
2.639420e+02  1.160690e-02
2.682110e+02  1.122144e-02
2.725490e+02  1.084882e-02
2.769570e+02  1.045947e-02
2.814370e+02  1.004782e-02
2.859890e+02  9.630303e-03
2.906150e+02  9.226835e-03
2.953150e+02  8.840051e-03
3.000920e+02  8.469362e-03
3.049450e+02  8.114154e-03
3.098780e+02  7.773774e-03
3.148900e+02  7.447743e-03
3.199830e+02  7.135439e-03
3.251580e+02  6.836219e-03
3.304180e+02  6.549432e-03
3.357620e+02  6.274714e-03
3.411920e+02  6.011762e-03
3.467110e+02  5.759558e-03
3.523190e+02  5.517927e-03
3.580170e+02  5.286606e-03
3.638080e+02  5.065040e-03
3.696920e+02  4.852755e-03
3.756720e+02  4.649330e-03
3.817480e+02  4.454442e-03
3.879220e+02  4.266652e-03
3.941970e+02  4.084552e-03
4.005730e+02  3.900451e-03
4.070520e+02  3.720873e-03
4.136350e+02  3.549470e-03
4.203260e+02  3.386140e-03
4.271240e+02  3.230394e-03
4.340320e+02  3.081628e-03
4.410520e+02  2.939825e-03
4.481860e+02  2.804317e-03
4.554350e+02  2.673663e-03
4.628020e+02  2.548247e-03
4.702870e+02  2.428310e-03
4.778940e+02  2.314069e-03
4.856230e+02  2.205173e-03
4.934780e+02  2.101386e-03
5.014590e+02  2.002513e-03
5.095700e+02  1.908349e-03
5.178120e+02  1.818525e-03
5.261870e+02  1.732532e-03
5.346980e+02  1.649936e-03
5.433460e+02  1.570971e-03
5.521340e+02  1.495807e-03
5.610650e+02  1.422936e-03
5.701390e+02  1.353069e-03
5.793610e+02  1.286851e-03
5.887320e+02  1.223979e-03
5.982540e+02  1.164246e-03
6.079300e+02  1.107430e-03
6.177630e+02  1.053387e-03
6.277550e+02  1.001912e-03
6.379080e+02  9.521029e-04
6.482260e+02  9.035390e-04
6.587110e+02  8.566818e-04
6.693650e+02  8.122590e-04
6.801910e+02  7.719100e-04
6.911930e+02  7.348738e-04
7.023720e+02  6.999269e-04
7.137330e+02  6.655112e-04
7.252770e+02  6.320455e-04
7.370080e+02  6.002555e-04
7.489280e+02  5.700719e-04
7.610420e+02  5.414019e-04
7.733510e+02  5.141170e-04
7.858590e+02  4.879905e-04
7.985700e+02  4.630189e-04
8.114860e+02  4.393225e-04
8.246110e+02  4.168436e-04
8.379490e+02  3.955201e-04
8.515020e+02  3.752458e-04
8.652740e+02  3.559719e-04
8.792690e+02  3.376554e-04
8.934910e+02  3.202794e-04
9.079430e+02  3.038019e-04
9.226280e+02  2.881766e-04
9.375510e+02  2.731514e-04
9.527150e+02  2.588589e-04
9.681240e+02  2.452714e-04
9.837830e+02  2.323984e-04
9.996950e+02  2.202026e-04
1.015860e+03  2.086508e-04
1.032290e+03  1.977042e-04
1.048990e+03  1.872948e-04
1.065960e+03  1.773967e-04
1.083200e+03  1.680161e-04
1.100720e+03  1.591313e-04
1.118520e+03  1.507174e-04
1.136610e+03  1.427504e-04
1.155000e+03  1.352038e-04
1.173680e+03  1.280592e-04
1.192660e+03  1.212886e-04
1.211950e+03  1.148773e-04
1.231550e+03  1.088085e-04
1.251470e+03  1.030607e-04
1.271720e+03  9.762156e-05
1.292290e+03  9.247761e-05
1.313190e+03  8.760253e-05
1.334430e+03  8.298302e-05
1.356010e+03  7.860591e-05
1.377940e+03  7.446345e-05
1.400230e+03  7.053508e-05
1.422880e+03  6.680393e-05
1.433800e+03  6.505254e-05
1.434000e+03  4.016784e-04
1.445890e+03  3.912748e-04
1.469280e+03  3.713314e-04
1.493040e+03  3.523718e-04
1.517190e+03  3.344292e-04
1.541730e+03  3.174031e-04
1.566670e+03  3.012399e-04
1.592010e+03  2.858973e-04
1.617760e+03  2.713369e-04
1.643920e+03  2.575132e-04
1.651900e+03  2.534649e-04
1.652100e+03  2.880359e-04
1.670510e+03  2.776695e-04
1.697530e+03  2.632880e-04
1.724990e+03  2.496482e-04
1.752890e+03  2.365043e-04
1.781240e+03  2.239811e-04
1.810050e+03  2.120723e-04
1.839320e+03  2.007978e-04
1.869070e+03  1.901219e-04
1.899300e+03  1.800110e-04
1.930020e+03  1.704424e-04
1.961240e+03  1.613806e-04
1.992960e+03  1.527995e-04
2.025200e+03  1.447705e-04
2.057950e+03  1.369515e-04
2.091240e+03  1.295315e-04
2.125060e+03  1.224937e-04
2.159430e+03  1.158217e-04
2.194360e+03  1.094968e-04
2.229850e+03  1.035041e-04
2.265920e+03  9.782475e-05
2.302570e+03  9.244386e-05
2.339810e+03  8.735194e-05
2.377660e+03  8.252586e-05
2.416110e+03  7.795953e-05
2.455190e+03  7.363672e-05
2.494900e+03  6.954872e-05
2.535260e+03  6.567625e-05
2.576260e+03  6.201621e-05
2.617930e+03  5.855377e-05
2.660270e+03  5.527793e-05
2.703300e+03  5.218153e-05
2.747030e+03  4.925270e-05
2.791460e+03  4.648505e-05
2.836610e+03  4.387057e-05
2.882490e+03  4.139878e-05
2.929110e+03  3.906235e-05
2.976480e+03  3.685445e-05
3.024630e+03  3.476965e-05
3.073550e+03  3.280159e-05
3.123260e+03  3.094210e-05
3.173780e+03  2.918471e-05
3.225110e+03  2.752635e-05
3.277270e+03  2.596058e-05
3.330280e+03  2.448188e-05
3.384150e+03  2.308624e-05
3.438880e+03  2.176919e-05
3.494500e+03  2.052574e-05
3.551020e+03  1.935247e-05
3.608460e+03  1.824516e-05
3.666820e+03  1.720050e-05
3.726130e+03  1.621461e-05
3.786400e+03  1.528456e-05
3.847640e+03  1.440736e-05
3.909870e+03  1.357973e-05
3.973110e+03  1.279914e-05
4.037380e+03  1.206271e-05
4.102680e+03  1.136844e-05
4.169030e+03  1.071359e-05
4.236460e+03  1.009614e-05
4.304980e+03  9.513833e-06
4.374620e+03  8.964824e-06
4.445370e+03  8.447215e-06
4.517270e+03  7.959139e-06
4.590330e+03  7.499144e-06
4.664580e+03  7.065404e-06
4.740030e+03  6.656608e-06
4.816690e+03  6.271197e-06
4.894600e+03  5.907881e-06
4.973770e+03  5.565577e-06
5.054210e+03  5.243009e-06
5.135960e+03  4.938875e-06
5.219030e+03  4.652240e-06
5.303440e+03  4.382176e-06
5.389220e+03  4.127661e-06
5.476390e+03  3.887889e-06
5.564970e+03  3.661797e-06
5.654980e+03  3.448853e-06
5.746440e+03  3.248261e-06
5.839390e+03  3.059296e-06
5.933830e+03  2.881229e-06
6.029810e+03  2.713494e-06
6.127330e+03  2.555383e-06
6.226440e+03  2.406491e-06
6.327150e+03  2.266143e-06
6.429480e+03  2.134021e-06
6.533480e+03  2.009591e-06
6.639150e+03  1.892248e-06
6.746540e+03  1.781778e-06
6.855650e+03  1.677800e-06
6.966540e+03  1.579758e-06
7.079220e+03  1.487513e-06
7.193720e+03  1.400533e-06
7.310070e+03  1.318619e-06
7.428310e+03  1.241501e-06
7.548450e+03  1.168863e-06
7.670540e+03  1.100455e-06
7.794610e+03  1.036020e-06
7.920680e+03  9.753391e-07
8.048790e+03  9.181879e-07
8.178980e+03  8.643647e-07
8.311260e+03  8.136921e-07
8.445690e+03  7.659634e-07
8.582290e+03  7.210129e-07
8.721110e+03  6.786856e-07
8.862160e+03  6.388211e-07
9.005500e+03  6.012901e-07
9.151160e+03  5.659416e-07
9.299170e+03  5.326631e-07
9.449580e+03  5.013258e-07
9.602420e+03  4.718166e-07
9.757730e+03  4.440343e-07
9.915550e+03  4.178740e-07
1.007590e+04  3.932420e-07
1.023890e+04  3.700460e-07
1.040450e+04  3.482084e-07
1.057280e+04  3.276459e-07
1.074380e+04  3.082877e-07
1.091760e+04  2.900597e-07
1.109420e+04  2.728988e-07
1.127360e+04  2.567448e-07
1.145590e+04  2.415365e-07
1.164120e+04  2.272168e-07
1.182950e+04  2.137355e-07
1.202080e+04  2.010459e-07
1.221530e+04  1.890962e-07
1.241280e+04  1.778515e-07
1.261360e+04  1.672631e-07
1.265770e+04  1.650448e-07
1.265790e+04  1.212800e-06
1.281760e+04  1.160416e-06
1.302500e+04  1.096653e-06
1.323560e+04  1.036241e-06
1.344970e+04  9.789776e-07
1.366720e+04  9.247373e-07
1.388830e+04  8.733510e-07
1.411290e+04  8.247070e-07
1.434120e+04  7.786461e-07
1.457310e+04  7.350611e-07
1.480890e+04  6.938055e-07
1.504840e+04  6.547866e-07
1.529180e+04  6.178783e-07
1.553910e+04  5.829784e-07
1.579040e+04  5.499795e-07
1.604580e+04  5.187843e-07
1.630540e+04  4.892946e-07
1.656910e+04  4.614367e-07
1.683710e+04  4.351113e-07
1.710940e+04  4.102465e-07
1.738610e+04  3.867617e-07
1.766740e+04  3.645781e-07
1.795310e+04  3.436378e-07
1.824350e+04  3.238655e-07
1.853860e+04  3.052014e-07
1.883840e+04  2.875899e-07
1.914310e+04  2.709677e-07
1.945270e+04  2.552836e-07
1.976740e+04  2.404852e-07
2.008710e+04  2.265275e-07
2.041200e+04  2.133608e-07
2.074210e+04  2.009460e-07
2.107760e+04  1.892364e-07
2.141850e+04  1.781959e-07
2.176500e+04  1.677860e-07
2.211700e+04  1.579748e-07
2.247470e+04  1.487256e-07
2.283820e+04  1.400090e-07
2.320760e+04  1.317935e-07
2.358300e+04  1.240512e-07
2.396440e+04  1.167575e-07
2.435200e+04  1.098854e-07
2.474590e+04  1.034104e-07
2.514620e+04  9.731184e-08
2.555290e+04  9.156687e-08
2.596620e+04  8.615702e-08
2.638610e+04  8.106172e-08
2.681290e+04  7.626332e-08
2.724660e+04  7.174484e-08
2.768730e+04  6.749095e-08
2.813510e+04  6.348586e-08
2.859020e+04  5.971517e-08
2.905260e+04  5.616581e-08
2.952250e+04  5.282473e-08
3.000000e+04  4.968003e-08
-1  -1
