99.2  149.7  1839.0  -1
3.025540e+01  4.454488e-02
3.074480e+01  4.245937e-02
3.124210e+01  4.050329e-02
3.174740e+01  3.875039e-02
3.226090e+01  3.729805e-02
3.278270e+01  3.593121e-02
3.331290e+01  3.464051e-02
3.385170e+01  3.341896e-02
3.439920e+01  3.226128e-02
3.495560e+01  3.116217e-02
3.552100e+01  3.011750e-02
3.609550e+01  2.912347e-02
3.667930e+01  2.817642e-02
3.727260e+01  2.727305e-02
3.787540e+01  2.641090e-02
3.848800e+01  2.558709e-02
3.911060e+01  2.479973e-02
3.974310e+01  2.398701e-02
4.038600e+01  2.311324e-02
4.103920e+01  2.227654e-02
4.170290e+01  2.147666e-02
4.237740e+01  2.071142e-02
4.306290e+01  1.997884e-02
4.375940e+01  1.927746e-02
4.446710e+01  1.860557e-02
4.518640e+01  1.796148e-02
4.591720e+01  1.734404e-02
4.665990e+01  1.672963e-02
4.741460e+01  1.613027e-02
4.818150e+01  1.555529e-02
4.896080e+01  1.500370e-02
4.975270e+01  1.447427e-02
5.055740e+01  1.396597e-02
5.137510e+01  1.347778e-02
5.220610e+01  1.300826e-02
5.305050e+01  1.257915e-02
5.390850e+01  1.222031e-02
5.478040e+01  1.187387e-02
5.566650e+01  1.153898e-02
5.656680e+01  1.121519e-02
5.748170e+01  1.090190e-02
5.841150e+01  1.059839e-02
5.935620e+01  1.030387e-02
6.031630e+01  1.015539e-02
6.129180e+01  1.002758e-02
6.228320e+01  9.903071e-03
6.329060e+01  9.781645e-03
6.431420e+01  9.663254e-03
6.535450e+01  9.537823e-03
6.641150e+01  9.277749e-03
6.748570e+01  9.025059e-03
6.857720e+01  8.780034e-03
6.968640e+01  8.542802e-03
7.081350e+01  8.186308e-03
7.195880e+01  7.714296e-03
7.312270e+01  7.269027e-03
7.430540e+01  6.849758e-03
7.550720e+01  6.345869e-03
7.672850e+01  5.796477e-03
7.796950e+01  5.293699e-03
7.923060e+01  4.837581e-03
8.051210e+01  4.618745e-03
8.181430e+01  4.410380e-03
8.313760e+01  4.211459e-03
8.448230e+01  4.027080e-03
8.584870e+01  3.950986e-03
8.723730e+01  3.876489e-03
8.864830e+01  3.803058e-03
9.008210e+01  3.730491e-03
9.153910e+01  3.670088e-03
9.301970e+01  3.633152e-03
9.452420e+01  3.594838e-03
9.605300e+01  3.553697e-03
9.760660e+01  3.519409e-03
9.918530e+01  3.515789e-03
9.950000e+01  3.502609e-03
9.952400e+01  3.467963e-03
9.954900e+01  3.464645e-03
9.957600e+01  3.482358e-03
9.960100e+01  3.570529e-03
9.962600e+01  3.676228e-03
9.964900e+01  3.868001e-03
9.967600e+01  4.180511e-03
9.969900e+01  4.695256e-03
9.972600e+01  5.378021e-03
9.974900e+01  6.216426e-03
9.977500e+01  7.102273e-03
9.982600e+01  9.046969e-03
9.985100e+01  1.000636e-02
9.987500e+01  1.090832e-02
9.989900e+01  1.169400e-02
9.992600e+01  1.234613e-02
9.995100e+01  1.296438e-02
9.997400e+01  1.351141e-02
1.000000e+02  1.400002e-02
1.000300e+02  1.444471e-02
1.001200e+02  1.583628e-02
1.001800e+02  1.634569e-02
1.002200e+02  1.690360e-02
1.002500e+02  1.712391e-02
1.002800e+02  1.744030e-02
1.003000e+02  1.780739e-02
1.003500e+02  1.896526e-02
1.003800e+02  1.963313e-02
1.004500e+02  2.204772e-02
1.004800e+02  2.288100e-02
1.005000e+02  2.366003e-02
1.005500e+02  2.508655e-02
1.006000e+02  2.663042e-02
1.006200e+02  2.748379e-02
1.006800e+02  2.830642e-02
1.007000e+02  2.915739e-02
1.007500e+02  3.087562e-02
1.007700e+02  3.155753e-02
1.008000e+02  3.215351e-02
1.008500e+02  3.303726e-02
1.009000e+02  3.340887e-02
1.010000e+02  3.352699e-02
1.010200e+02  3.347314e-02
1.012500e+02  3.376746e-02
1.013200e+02  3.406043e-02
1.013800e+02  3.410762e-02
1.014000e+02  3.404439e-02
1.014500e+02  3.371460e-02
1.015000e+02  3.304933e-02
1.016000e+02  3.146484e-02
1.016300e+02  3.106935e-02
1.016500e+02  3.061502e-02
1.017500e+02  2.915981e-02
1.018200e+02  2.821707e-02
1.018800e+02  2.743368e-02
1.019000e+02  2.706993e-02
1.019500e+02  2.675460e-02
1.020000e+02  2.599614e-02
1.020300e+02  2.567355e-02
1.020500e+02  2.544758e-02
1.021000e+02  2.521603e-02
1.021500e+02  2.478414e-02
1.021800e+02  2.462253e-02
1.022500e+02  2.447003e-02
1.023000e+02  2.431288e-02
1.023500e+02  2.424160e-02
1.024000e+02  2.432764e-02
1.024500e+02  2.451218e-02
1.025300e+02  2.500133e-02
1.025500e+02  2.511951e-02
1.026000e+02  2.516241e-02
1.026500e+02  2.502733e-02
1.027000e+02  2.473853e-02
1.027800e+02  2.422183e-02
1.028800e+02  2.363298e-02
1.029500e+02  2.337310e-02
1.030000e+02  2.326670e-02
1.031200e+02  2.337793e-02
1.032000e+02  2.332568e-02
1.032800e+02  2.311409e-02
1.033200e+02  2.279284e-02
1.033500e+02  2.267284e-02
1.034300e+02  2.212364e-02
1.034500e+02  2.187399e-02
1.035500e+02  2.139736e-02
1.036000e+02  2.122951e-02
1.036200e+02  2.121260e-02
1.037000e+02  2.103090e-02
1.038000e+02  2.099085e-02
1.038800e+02  2.099940e-02
1.040000e+02  2.091704e-02
1.041000e+02  2.075384e-02
1.042200e+02  2.043247e-02
1.042800e+02  2.040621e-02
1.044300e+02  2.040840e-02
1.044700e+02  2.034892e-02
1.045000e+02  2.038506e-02
1.045300e+02  2.037582e-02
1.045700e+02  2.041102e-02
1.046500e+02  2.044214e-02
1.047300e+02  2.038612e-02
1.047500e+02  2.041092e-02
1.048000e+02  2.032928e-02
1.049000e+02  2.045676e-02
1.049300e+02  2.045759e-02
1.049500e+02  2.054958e-02
1.050300e+02  2.059072e-02
1.051500e+02  2.072626e-02
1.051800e+02  2.080062e-02
1.052500e+02  2.092032e-02
1.053200e+02  2.110764e-02
1.053500e+02  2.112348e-02
1.054300e+02  2.136735e-02
1.055000e+02  2.157754e-02
1.055500e+02  2.177801e-02
1.056000e+02  2.202898e-02
1.056300e+02  2.212358e-02
1.057500e+02  2.272907e-02
1.057800e+02  2.284170e-02
1.058500e+02  2.332620e-02
1.058700e+02  2.350857e-02
1.059700e+02  2.407784e-02
1.060300e+02  2.424281e-02
1.060700e+02  2.434166e-02
1.061000e+02  2.434622e-02
1.062300e+02  2.458848e-02
1.062700e+02  2.477154e-02
1.063200e+02  2.483936e-02
1.064000e+02  2.507864e-02
1.064300e+02  2.510439e-02
1.064500e+02  2.520847e-02
1.065500e+02  2.541914e-02
1.066200e+02  2.554648e-02
1.066500e+02  2.562995e-02
1.067000e+02  2.573075e-02
1.067500e+02  2.590275e-02
1.068000e+02  2.597747e-02
1.068700e+02  2.619746e-02
1.069200e+02  2.625450e-02
1.069700e+02  2.637200e-02
1.070000e+02  2.634789e-02
1.071500e+02  2.656249e-02
1.071700e+02  2.656388e-02
1.072000e+02  2.663139e-02
1.072800e+02  2.658725e-02
1.073000e+02  2.664960e-02
1.073200e+02  2.664879e-02
1.073500e+02  2.670253e-02
1.074000e+02  2.670710e-02
1.074200e+02  2.681621e-02
1.075000e+02  2.686485e-02
1.075300e+02  2.689811e-02
1.075500e+02  2.697988e-02
1.075800e+02  2.701498e-02
1.076000e+02  2.698685e-02
1.076200e+02  2.708871e-02
1.076700e+02  2.717467e-02
1.077300e+02  2.719383e-02
1.077500e+02  2.725370e-02
1.078500e+02  2.729784e-02
1.078800e+02  2.737204e-02
1.079300e+02  2.744440e-02
1.079500e+02  2.755000e-02
1.080700e+02  2.773646e-02
1.082200e+02  2.785757e-02
1.082800e+02  2.798370e-02
1.084200e+02  2.806024e-02
1.084500e+02  2.806134e-02
1.085200e+02  2.819969e-02
1.085700e+02  2.820510e-02
1.086000e+02  2.826006e-02
1.087300e+02  2.819303e-02
1.088300e+02  2.821542e-02
1.089000e+02  2.833185e-02
1.090000e+02  2.831195e-02
1.090300e+02  2.829951e-02
1.090700e+02  2.820291e-02
1.091200e+02  2.826951e-02
1.092000e+02  2.826767e-02
1.092500e+02  2.833514e-02
1.092700e+02  2.826761e-02
1.093500e+02  2.823968e-02
1.093800e+02  2.817760e-02
1.094000e+02  2.822456e-02
1.094300e+02  2.818585e-02
1.094500e+02  2.826910e-02
1.095300e+02  2.827745e-02
1.095500e+02  2.835744e-02
1.095700e+02  2.831886e-02
1.096000e+02  2.840682e-02
1.096200e+02  2.836227e-02
1.096700e+02  2.842073e-02
1.098000e+02  2.853560e-02
1.099700e+02  2.864661e-02
1.100000e+02  2.871259e-02
1.105000e+02  2.925959e-02
1.110000e+02  2.996493e-02
1.115000e+02  3.056915e-02
1.125000e+02  3.136026e-02
1.140000e+02  3.215077e-02
1.145000e+02  3.273745e-02
1.150000e+02  3.339958e-02
1.155000e+02  3.416047e-02
1.170000e+02  3.671619e-02
1.175000e+02  3.739991e-02
1.180000e+02  3.799328e-02
1.185000e+02  3.822784e-02
1.190000e+02  3.865748e-02
1.195000e+02  3.856000e-02
1.214330e+02  3.914688e-02
1.215000e+02  3.916512e-02
1.220000e+02  3.925006e-02
1.235000e+02  3.911393e-02
1.240000e+02  3.895051e-02
1.245000e+02  3.900637e-02
1.250000e+02  3.877146e-02
1.270000e+02  3.853932e-02
1.275000e+02  3.843684e-02
1.285000e+02  3.851352e-02
1.295000e+02  3.853462e-02
1.300000e+02  3.868727e-02
1.315000e+02  3.890549e-02
1.330000e+02  3.861379e-02
1.335000e+02  3.827297e-02
1.345000e+02  3.710184e-02
1.360000e+02  3.496287e-02
1.365000e+02  3.443067e-02
1.370000e+02  3.397003e-02
1.375000e+02  3.341048e-02
1.395000e+02  3.266767e-02
1.400000e+02  3.253100e-02
1.405000e+02  3.250605e-02
1.415000e+02  3.211073e-02
1.420000e+02  3.180816e-02
1.425000e+02  3.161740e-02
1.430000e+02  3.135498e-02
1.440000e+02  3.141338e-02
1.450000e+02  3.130484e-02
1.455000e+02  3.136148e-02
1.460000e+02  3.122355e-02
1.465000e+02  3.121159e-02
1.470000e+02  3.109830e-02
1.475000e+02  3.106878e-02
1.480000e+02  3.090062e-02
1.485000e+02  3.082062e-02
1.495000e+02  3.044289e-02
1.500000e+02  3.018210e-02
1.505000e+02  3.010320e-02
1.510000e+02  3.022768e-02
1.515000e+02  3.051302e-02
1.520000e+02  3.068019e-02
1.525000e+02  3.057916e-02
1.535000e+02  2.968568e-02
1.545000e+02  2.849972e-02
1.550000e+02  2.816237e-02
1.555000e+02  2.795569e-02
1.560000e+02  2.784092e-02
1.565000e+02  2.786232e-02
1.575000e+02  2.769248e-02
1.580000e+02  2.771328e-02
1.585000e+02  2.789387e-02
1.590000e+02  2.772806e-02
1.600000e+02  2.768433e-02
1.625000e+02  2.790069e-02
1.635000e+02  2.792216e-02
1.645000e+02  2.785715e-02
1.655000e+02  2.762443e-02
1.665000e+02  2.745794e-02
1.670000e+02  2.718616e-02
1.675000e+02  2.733194e-02
1.690000e+02  2.701138e-02
1.700000e+02  2.664186e-02
1.715000e+02  2.581338e-02
1.720000e+02  2.517857e-02
1.725000e+02  2.500371e-02
1.730000e+02  2.463301e-02
1.735000e+02  2.445661e-02
1.740000e+02  2.378668e-02
1.745000e+02  2.349370e-02
1.750000e+02  2.302508e-02
1.760000e+02  2.240669e-02
1.765000e+02  2.204832e-02
1.770000e+02  2.177750e-02
1.780000e+02  2.140191e-02
1.785000e+02  2.108198e-02
1.790000e+02  2.090739e-02
1.795000e+02  2.066602e-02
1.799900e+02  2.067721e-02
1.829010e+02  1.986555e-02
1.858590e+02  1.907357e-02
1.888660e+02  1.831163e-02
1.919200e+02  1.756184e-02
1.950250e+02  1.684223e-02
1.981790e+02  1.615211e-02
2.013840e+02  1.548989e-02
2.046410e+02  1.487409e-02
2.079510e+02  1.429435e-02
2.113150e+02  1.373731e-02
2.147330e+02  1.320210e-02
2.182060e+02  1.268812e-02
2.217350e+02  1.218324e-02
2.253220e+02  1.164021e-02
2.289660e+02  1.112102e-02
2.326690e+02  1.062476e-02
2.364320e+02  1.015054e-02
2.402570e+02  9.697317e-03
2.441430e+02  9.264391e-03
2.480910e+02  8.850959e-03
2.521040e+02  8.436872e-03
2.561820e+02  8.039096e-03
2.603250e+02  7.660074e-03
2.645360e+02  7.298847e-03
2.688140e+02  6.954711e-03
2.731620e+02  6.626758e-03
2.775800e+02  6.314315e-03
2.820700e+02  6.016597e-03
2.866320e+02  5.732960e-03
2.912680e+02  5.462724e-03
2.959790e+02  5.205265e-03
3.007670e+02  4.955600e-03
3.056310e+02  4.714656e-03
3.105750e+02  4.485383e-03
3.155980e+02  4.267319e-03
3.207020e+02  4.059877e-03
3.258900e+02  3.862510e-03
3.311610e+02  3.674778e-03
3.365170e+02  3.496202e-03
3.419600e+02  3.326317e-03
3.474910e+02  3.164707e-03
3.531110e+02  3.010989e-03
3.588220e+02  2.864751e-03
3.646260e+02  2.725645e-03
3.705230e+02  2.583179e-03
3.765160e+02  2.445591e-03
3.826060e+02  2.315335e-03
3.887950e+02  2.192015e-03
3.950830e+02  2.075285e-03
4.014730e+02  1.964780e-03
4.079670e+02  1.860158e-03
4.145650e+02  1.761132e-03
4.212700e+02  1.667383e-03
4.280840e+02  1.578627e-03
4.350080e+02  1.494610e-03
4.420440e+02  1.415069e-03
4.491940e+02  1.339768e-03
4.564590e+02  1.268488e-03
4.638420e+02  1.200565e-03
4.713440e+02  1.134614e-03
4.789680e+02  1.072290e-03
4.867150e+02  1.013392e-03
4.945870e+02  9.577395e-04
5.025870e+02  9.051415e-04
5.107150e+02  8.554417e-04
5.189760e+02  8.084724e-04
5.273700e+02  7.640837e-04
5.359000e+02  7.221370e-04
5.445670e+02  6.824992e-04
5.533750e+02  6.450368e-04
5.623260e+02  6.096312e-04
5.714210e+02  5.761742e-04
5.806630e+02  5.445569e-04
5.900550e+02  5.139100e-04
5.995990e+02  4.845297e-04
6.092970e+02  4.568311e-04
6.191510e+02  4.307197e-04
6.291660e+02  4.060989e-04
6.393420e+02  3.828875e-04
6.496830e+02  3.610053e-04
6.601910e+02  3.403740e-04
6.708690e+02  3.209219e-04
6.817200e+02  3.025842e-04
6.927460e+02  2.852947e-04
7.039510e+02  2.694743e-04
7.153360e+02  2.547615e-04
7.269060e+02  2.408503e-04
7.386640e+02  2.277002e-04
7.506110e+02  2.152689e-04
7.627510e+02  2.035169e-04
7.750880e+02  1.924060e-04
7.876250e+02  1.819028e-04
8.003640e+02  1.718272e-04
8.133090e+02  1.619541e-04
8.264640e+02  1.526490e-04
8.398310e+02  1.438778e-04
8.534150e+02  1.356112e-04
8.672180e+02  1.278205e-04
8.812450e+02  1.204767e-04
8.954980e+02  1.135553e-04
9.099820e+02  1.067772e-04
9.247000e+02  1.002637e-04
9.396560e+02  9.414779e-05
9.548550e+02  8.840459e-05
9.702990e+02  8.301210e-05
9.859920e+02  7.794841e-05
1.001940e+03  7.319059e-05
1.018150e+03  6.871848e-05
1.034610e+03  6.452144e-05
1.051350e+03  6.057874e-05
1.068350e+03  5.687830e-05
1.085630e+03  5.340355e-05
1.103190e+03  5.027173e-05
1.121030e+03  4.741339e-05
1.139170e+03  4.471389e-05
1.157590e+03  4.216956e-05
1.176310e+03  3.976999e-05
1.195340e+03  3.750537e-05
1.214670e+03  3.536748e-05
1.234320e+03  3.334893e-05
1.254280e+03  3.144617e-05
1.274570e+03  2.965174e-05
1.295190e+03  2.795928e-05
1.316130e+03  2.635762e-05
1.337420e+03  2.484653e-05
1.359050e+03  2.342159e-05
1.381040e+03  2.207817e-05
1.403370e+03  2.081028e-05
1.426070e+03  1.961313e-05
1.449140e+03  1.848351e-05
1.472580e+03  1.741907e-05
1.496390e+03  1.641584e-05
1.520600e+03  1.544980e-05
1.545190e+03  1.453958e-05
1.570180e+03  1.368179e-05
1.595580e+03  1.287473e-05
1.621390e+03  1.211517e-05
1.647610e+03  1.140042e-05
1.674260e+03  1.072779e-05
1.701340e+03  1.009491e-05
1.728860e+03  9.499351e-06
1.756820e+03  8.927216e-06
1.785240e+03  8.387201e-06
1.814110e+03  7.877906e-06
1.815000e+03  7.862829e-06
1.838800e+03  7.471525e-06
1.838900e+03  8.468497e-05
1.839000e+03  4.614342e-05
1.860000e+03  8.147322e-05
1.890080e+03  7.715989e-05
1.920650e+03  7.307240e-05
1.951720e+03  6.919983e-05
1.983290e+03  6.553224e-05
2.015370e+03  6.205012e-05
2.047960e+03  5.874438e-05
2.081090e+03  5.561088e-05
2.114750e+03  5.260053e-05
2.148950e+03  4.974578e-05
2.183710e+03  4.703619e-05
2.219030e+03  4.446320e-05
2.254920e+03  4.202618e-05
2.291390e+03  3.971438e-05
2.328450e+03  3.752218e-05
2.366110e+03  3.544655e-05
2.404380e+03  3.347768e-05
2.443270e+03  3.161465e-05
2.482790e+03  2.984963e-05
2.522950e+03  2.817873e-05
2.563750e+03  2.659933e-05
2.605220e+03  2.510254e-05
2.647360e+03  2.368765e-05
2.690180e+03  2.235026e-05
2.733690e+03  2.108353e-05
2.777900e+03  1.988735e-05
2.822830e+03  1.875678e-05
2.868490e+03  1.768771e-05
2.914890e+03  1.667798e-05
2.962030e+03  1.572354e-05
3.009940e+03  1.482256e-05
3.058620e+03  1.397161e-05
3.108090e+03  1.316781e-05
3.158370e+03  1.240933e-05
3.209450e+03  1.169302e-05
3.261360e+03  1.101706e-05
3.314110e+03  1.037940e-05
3.367710e+03  9.777194e-06
3.422180e+03  9.209474e-06
3.477530e+03  8.673849e-06
3.533780e+03  8.168530e-06
3.590940e+03  7.692248e-06
3.649020e+03  7.242784e-06
3.708040e+03  6.819195e-06
3.768010e+03  6.420006e-06
3.828960e+03  6.043378e-06
3.890890e+03  5.688658e-06
3.953820e+03  5.354243e-06
4.017770e+03  5.039111e-06
4.082750e+03  4.742313e-06
4.148790e+03  4.462458e-06
4.215890e+03  4.199016e-06
4.284080e+03  3.950830e-06
4.353370e+03  3.717010e-06
4.423780e+03  3.496883e-06
4.495330e+03  3.289497e-06
4.568040e+03  3.094227e-06
4.641930e+03  2.910389e-06
4.717010e+03  2.737235e-06
4.793300e+03  2.574305e-06
4.870830e+03  2.420953e-06
4.949610e+03  2.276593e-06
5.029670e+03  2.140753e-06
5.111020e+03  2.012793e-06
5.193680e+03  1.892438e-06
5.277690e+03  1.779224e-06
5.363050e+03  1.672668e-06
5.449790e+03  1.572438e-06
5.537940e+03  1.478104e-06
5.627510e+03  1.389361e-06
5.718530e+03  1.305889e-06
5.811020e+03  1.227382e-06
5.905010e+03  1.153551e-06
6.000520e+03  1.084085e-06
6.097570e+03  1.018757e-06
6.196200e+03  9.573377e-07
6.296420e+03  8.995933e-07
6.349000e+03  8.710468e-07
6.432000e+03  8.281491e-07
6.536030e+03  7.781246e-07
6.641750e+03  7.310846e-07
6.749170e+03  6.868374e-07
6.858330e+03  6.452468e-07
6.969260e+03  6.061601e-07
7.081980e+03  5.694088e-07
7.196530e+03  5.348665e-07
7.312930e+03  5.024046e-07
7.431210e+03  4.718840e-07
7.551400e+03  4.432070e-07
7.673540e+03  4.162594e-07
7.797650e+03  3.909314e-07
7.923770e+03  3.671333e-07
8.051940e+03  3.447661e-07
8.182170e+03  3.237542e-07
8.314510e+03  3.040122e-07
8.448990e+03  2.854614e-07
8.585640e+03  2.680364e-07
8.724510e+03  2.516619e-07
8.865620e+03  2.362798e-07
9.009020e+03  2.218334e-07
9.154730e+03  2.082581e-07
9.302800e+03  1.955099e-07
9.453270e+03  1.835369e-07
9.606170e+03  1.722873e-07
9.761540e+03  1.617228e-07
9.919420e+03  1.518015e-07
1.007990e+04  1.424818e-07
1.024290e+04  1.337320e-07
1.040860e+04  1.255139e-07
1.057690e+04  1.177977e-07
1.074800e+04  1.105512e-07
1.092180e+04  1.037472e-07
1.109850e+04  9.735777e-08
1.127800e+04  9.135878e-08
1.146040e+04  8.572710e-08
1.164580e+04  8.043851e-08
1.183410e+04  7.547498e-08
1.202550e+04  7.081403e-08
1.222000e+04  6.643900e-08
1.241770e+04  6.233121e-08
1.261850e+04  5.847593e-08
1.282260e+04  5.485680e-08
1.303000e+04  5.145946e-08
1.324080e+04  4.827075e-08
1.345490e+04  4.527816e-08
1.367260e+04  4.246865e-08
1.389370e+04  3.983283e-08
1.411840e+04  3.735865e-08
1.434680e+04  3.503682e-08
1.457880e+04  3.285786e-08
1.481460e+04  3.081316e-08
1.505420e+04  2.889441e-08
1.529770e+04  2.709390e-08
1.554520e+04  2.540426e-08
1.579660e+04  2.381920e-08
1.605210e+04  2.233191e-08
1.631170e+04  2.093659e-08
1.657550e+04  1.962748e-08
1.684360e+04  1.839927e-08
1.711610e+04  1.724691e-08
1.739290e+04  1.616611e-08
1.767420e+04  1.515219e-08
1.796010e+04  1.420102e-08
1.825060e+04  1.330886e-08
1.854580e+04  1.247207e-08
1.884570e+04  1.168729e-08
1.915050e+04  1.095119e-08
1.946030e+04  1.026076e-08
1.977500e+04  9.613371e-09
2.009490e+04  9.005884e-09
2.041990e+04  8.436788e-09
2.075020e+04  7.903402e-09
2.108580e+04  7.403560e-09
2.142680e+04  6.935148e-09
2.177340e+04  6.496133e-09
2.212560e+04  6.084728e-09
2.248340e+04  5.699269e-09
2.284710e+04  5.338007e-09
2.321660e+04  4.999525e-09
2.359210e+04  4.682370e-09
2.397370e+04  4.385186e-09
2.436150e+04  4.106724e-09
2.475550e+04  3.845848e-09
2.515590e+04  3.601425e-09
2.556280e+04  3.372424e-09
2.597620e+04  3.157897e-09
2.639640e+04  2.956899e-09
2.682330e+04  2.768627e-09
2.725720e+04  2.592244e-09
2.769800e+04  2.427035e-09
2.814600e+04  2.272262e-09
2.860130e+04  2.127286e-09
2.906390e+04  1.991493e-09
2.953390e+04  1.864320e-09
3.000000e+04  1.747980e-09
-1  -1
