99.2  149.7  543.1  1839.0  -1
3.025550e+01  4.310211e-01
3.036010e+01  4.284563e-01
3.046507e+01  4.259037e-01
3.057040e+01  4.233634e-01
3.067609e+01  4.208354e-01
3.078214e+01  4.183167e-01
3.088857e+01  4.158047e-01
3.099536e+01  4.133053e-01
3.110252e+01  4.108184e-01
3.121005e+01  4.083439e-01
3.131796e+01  4.058836e-01
3.142623e+01  4.034365e-01
3.153488e+01  4.010020e-01
3.164391e+01  3.985799e-01
3.175331e+01  3.961712e-01
3.186309e+01  3.937901e-01
3.197326e+01  3.914213e-01
3.208380e+01  3.890648e-01
3.219472e+01  3.867206e-01
3.230603e+01  3.843909e-01
3.241772e+01  3.820765e-01
3.252980e+01  3.797742e-01
3.264227e+01  3.774841e-01
3.275512e+01  3.752060e-01
3.286837e+01  3.729441e-01
3.298200e+01  3.706955e-01
3.309603e+01  3.684587e-01
3.321046e+01  3.662339e-01
3.332528e+01  3.640217e-01
3.344049e+01  3.618286e-01
3.355611e+01  3.596471e-01
3.367212e+01  3.574773e-01
3.378854e+01  3.553190e-01
3.390535e+01  3.531776e-01
3.402258e+01  3.510540e-01
3.414020e+01  3.489417e-01
3.425824e+01  3.468405e-01
3.437668e+01  3.447506e-01
3.449553e+01  3.426864e-01
3.461479e+01  3.406364e-01
3.473447e+01  3.385971e-01
3.485456e+01  3.365686e-01
3.497506e+01  3.345563e-01
3.509598e+01  3.325836e-01
3.521732e+01  3.306207e-01
3.533908e+01  3.286677e-01
3.546125e+01  3.267246e-01
3.558386e+01  3.248251e-01
3.570688e+01  3.229666e-01
3.583033e+01  3.211166e-01
3.595421e+01  3.192749e-01
3.607851e+01  3.174417e-01
3.620325e+01  3.152597e-01
3.632842e+01  3.130314e-01
3.645401e+01  3.108137e-01
3.658005e+01  3.086069e-01
3.670652e+01  3.063544e-01
3.683342e+01  3.039087e-01
3.696077e+01  3.014782e-01
3.708855e+01  2.990630e-01
3.721678e+01  2.966630e-01
3.734545e+01  2.942534e-01
3.747457e+01  2.918407e-01
3.760413e+01  2.894445e-01
3.773414e+01  2.870646e-01
3.786460e+01  2.847011e-01
3.799551e+01  2.823318e-01
3.812687e+01  2.799774e-01
3.825869e+01  2.776399e-01
3.839096e+01  2.753192e-01
3.852369e+01  2.730113e-01
3.865688e+01  2.707095e-01
3.879053e+01  2.684248e-01
3.892464e+01  2.661571e-01
3.905922e+01  2.639063e-01
3.919426e+01  2.616632e-01
3.932976e+01  2.594316e-01
3.946574e+01  2.572170e-01
3.960219e+01  2.550193e-01
3.973910e+01  2.528386e-01
3.987649e+01  2.506574e-01
4.001436e+01  2.484928e-01
4.015270e+01  2.463451e-01
4.029152e+01  2.442144e-01
4.043082e+01  2.420980e-01
4.057061e+01  2.399933e-01
4.071087e+01  2.379055e-01
4.085162e+01  2.358345e-01
4.099286e+01  2.337801e-01
4.113459e+01  2.317395e-01
4.127680e+01  2.297140e-01
4.141951e+01  2.277050e-01
4.156271e+01  2.257125e-01
4.170641e+01  2.237361e-01
4.185060e+01  2.217736e-01
4.199529e+01  2.198272e-01
4.214048e+01  2.178970e-01
4.228617e+01  2.159827e-01
4.243237e+01  2.140837e-01
4.257907e+01  2.121995e-01
4.272628e+01  2.103311e-01
4.287400e+01  2.084783e-01
4.302223e+01  2.066410e-01
4.317097e+01  2.048187e-01
4.332023e+01  2.030116e-01
4.347000e+01  2.012198e-01
4.362029e+01  1.994431e-01
4.377110e+01  1.976814e-01
4.392243e+01  1.959350e-01
4.407429e+01  1.942035e-01
4.422667e+01  1.924866e-01
4.437957e+01  1.907843e-01
4.453301e+01  1.890971e-01
4.468697e+01  1.874248e-01
4.484147e+01  1.857669e-01
4.499650e+01  1.841231e-01
4.515207e+01  1.824933e-01
4.530817e+01  1.808792e-01
4.546482e+01  1.792795e-01
4.562201e+01  1.776934e-01
4.577974e+01  1.761210e-01
4.593801e+01  1.745620e-01
4.609683e+01  1.730174e-01
4.625621e+01  1.714859e-01
4.641613e+01  1.699676e-01
4.657660e+01  1.684623e-01
4.673763e+01  1.669716e-01
4.689922e+01  1.654954e-01
4.706137e+01  1.640319e-01
4.722407e+01  1.625809e-01
4.738734e+01  1.611423e-01
4.755118e+01  1.597230e-01
4.771558e+01  1.583171e-01
4.788055e+01  1.569231e-01
4.804608e+01  1.555409e-01
4.821219e+01  1.541619e-01
4.837888e+01  1.527563e-01
4.854614e+01  1.513626e-01
4.871398e+01  1.499807e-01
4.888240e+01  1.486104e-01
4.905140e+01  1.471741e-01
4.922099e+01  1.456831e-01
4.939116e+01  1.442055e-01
4.956193e+01  1.427410e-01
4.973328e+01  1.412895e-01
4.990522e+01  1.398454e-01
5.007776e+01  1.384138e-01
5.025089e+01  1.369953e-01
5.042463e+01  1.355897e-01
5.059896e+01  1.341972e-01
5.077390e+01  1.328184e-01
5.094944e+01  1.314523e-01
5.112559e+01  1.300989e-01
5.130235e+01  1.287580e-01
5.147972e+01  1.274312e-01
5.165770e+01  1.261177e-01
5.183630e+01  1.248166e-01
5.201551e+01  1.235277e-01
5.219535e+01  1.222507e-01
5.237580e+01  1.209915e-01
5.255688e+01  1.197444e-01
5.273859e+01  1.185091e-01
5.292092e+01  1.172854e-01
5.310389e+01  1.160761e-01
5.328749e+01  1.148854e-01
5.347172e+01  1.137060e-01
5.365659e+01  1.125376e-01
5.384210e+01  1.113803e-01
5.402825e+01  1.102370e-01
5.421504e+01  1.091063e-01
5.440248e+01  1.079863e-01
5.459056e+01  1.068768e-01
5.477930e+01  1.057778e-01
5.496869e+01  1.046939e-01
5.515874e+01  1.036203e-01
5.534944e+01  1.025568e-01
5.554080e+01  1.015033e-01
5.573282e+01  1.004615e-01
5.592551e+01  9.943249e-02
5.611886e+01  9.841326e-02
5.631288e+01  9.740368e-02
5.650757e+01  9.640364e-02
5.670294e+01  9.541629e-02
5.689898e+01  9.443971e-02
5.709570e+01  9.347237e-02
5.729310e+01  9.251419e-02
5.749118e+01  9.156527e-02
5.768994e+01  9.062943e-02
5.788940e+01  8.970245e-02
5.808954e+01  8.878426e-02
5.829037e+01  8.787476e-02
5.849190e+01  8.697535e-02
5.869413e+01  8.608672e-02
5.889705e+01  8.520651e-02
5.910068e+01  8.433465e-02
5.930501e+01  8.347105e-02
5.951005e+01  8.262982e-02
5.971579e+01  8.180126e-02
5.992225e+01  8.098049e-02
6.012942e+01  8.016746e-02
6.033731e+01  7.936277e-02
6.054591e+01  7.857183e-02
6.075524e+01  7.778832e-02
6.096529e+01  7.701215e-02
6.117607e+01  7.624325e-02
6.138757e+01  7.548371e-02
6.159981e+01  7.473387e-02
6.181278e+01  7.399105e-02
6.202649e+01  7.325516e-02
6.224093e+01  7.252615e-02
6.245612e+01  7.180764e-02
6.267205e+01  7.109673e-02
6.288873e+01  7.039245e-02
6.310616e+01  6.969472e-02
6.332433e+01  6.900417e-02
6.354327e+01  6.832380e-02
6.376296e+01  6.764974e-02
6.398341e+01  6.698194e-02
6.420462e+01  6.632033e-02
6.442659e+01  6.566669e-02
6.464934e+01  6.502090e-02
6.487285e+01  6.438108e-02
6.509714e+01  6.374716e-02
6.532220e+01  6.311909e-02
6.554804e+01  6.248761e-02
6.577466e+01  6.186047e-02
6.600206e+01  6.123914e-02
6.623026e+01  6.062358e-02
6.645924e+01  6.001437e-02
6.668901e+01  5.941331e-02
6.691957e+01  5.881782e-02
6.715093e+01  5.822785e-02
6.738310e+01  5.764334e-02
6.761606e+01  5.706609e-02
6.784983e+01  5.649565e-02
6.808441e+01  5.593048e-02
6.831980e+01  5.537053e-02
6.855601e+01  5.481574e-02
6.879303e+01  5.426916e-02
6.903087e+01  5.372791e-02
6.926953e+01  5.319164e-02
6.950902e+01  5.266031e-02
6.974933e+01  5.213203e-02
6.999048e+01  5.160346e-02
7.023246e+01  5.107976e-02
7.047527e+01  5.056089e-02
7.071893e+01  5.004681e-02
7.096343e+01  4.953098e-02
7.120877e+01  4.901587e-02
7.145496e+01  4.850555e-02
7.170201e+01  4.799998e-02
7.194990e+01  4.749909e-02
7.219866e+01  4.700567e-02
7.244827e+01  4.651694e-02
7.269875e+01  4.603275e-02
7.295009e+01  4.555306e-02
7.320231e+01  4.507885e-02
7.345539e+01  4.461124e-02
7.370935e+01  4.414798e-02
7.396419e+01  4.368901e-02
7.421990e+01  4.323429e-02
7.447651e+01  4.277836e-02
7.473400e+01  4.232397e-02
7.499238e+01  4.187382e-02
7.525165e+01  4.142785e-02
7.551182e+01  4.098593e-02
7.577289e+01  4.054272e-02
7.603486e+01  4.010367e-02
7.629774e+01  3.966873e-02
7.656152e+01  3.923786e-02
7.682622e+01  3.881237e-02
7.709183e+01  3.839315e-02
7.735837e+01  3.797787e-02
7.762582e+01  3.756648e-02
7.789420e+01  3.715896e-02
7.816350e+01  3.675821e-02
7.843374e+01  3.636236e-02
7.870491e+01  3.597023e-02
7.897702e+01  3.558179e-02
7.925007e+01  3.519870e-02
7.952406e+01  3.484154e-02
7.979900e+01  3.448769e-02
8.007489e+01  3.413710e-02
8.035174e+01  3.378976e-02
8.062954e+01  3.344656e-02
8.090830e+01  3.310782e-02
8.118803e+01  3.277219e-02
8.146872e+01  3.243965e-02
8.175039e+01  3.211017e-02
8.203302e+01  3.178514e-02
8.231664e+01  3.146351e-02
8.260123e+01  3.114483e-02
8.288681e+01  3.082908e-02
8.317338e+01  3.051648e-02
8.346094e+01  3.020849e-02
8.374949e+01  2.990334e-02
8.403904e+01  2.960099e-02
8.432959e+01  2.930141e-02
8.462114e+01  2.901027e-02
8.491371e+01  2.872802e-02
8.520728e+01  2.844834e-02
8.550187e+01  2.817120e-02
8.579748e+01  2.789657e-02
8.609411e+01  2.762568e-02
8.639176e+01  2.735752e-02
8.669045e+01  2.709178e-02
8.699017e+01  2.682846e-02
8.729092e+01  2.656771e-02
8.759271e+01  2.631026e-02
8.789555e+01  2.605514e-02
8.819943e+01  2.580234e-02
8.850437e+01  2.555182e-02
8.881035e+01  2.530406e-02
8.911740e+01  2.505899e-02
8.942551e+01  2.481615e-02
8.973468e+01  2.457550e-02
9.004492e+01  2.433704e-02
9.035624e+01  2.410239e-02
9.066863e+01  2.387010e-02
9.098210e+01  2.363992e-02
9.129666e+01  2.341183e-02
9.161230e+01  2.318648e-02
9.192903e+01  2.296540e-02
9.224686e+01  2.274634e-02
9.256579e+01  2.252927e-02
9.288582e+01  2.231418e-02
9.320695e+01  2.210108e-02
9.352920e+01  2.188998e-02
9.385256e+01  2.168081e-02
9.417704e+01  2.147356e-02
9.450264e+01  2.126822e-02
9.482937e+01  2.106401e-02
9.515722e+01  2.086166e-02
9.548621e+01  2.066120e-02
9.581634e+01  2.046262e-02
9.614761e+01  2.026545e-02
9.648002e+01  2.006909e-02
9.681358e+01  1.987463e-02
9.714830e+01  1.968207e-02
9.748417e+01  1.949137e-02
9.782121e+01  1.929420e-02
9.815941e+01  1.909443e-02
9.849878e+01  1.889686e-02
9.883932e+01  1.870146e-02
9.918104e+01  1.850820e-02
9.952394e+01  1.825138e-02
9.986803e+01  2.143040e-02
1.002133e+02  2.420890e-02
1.005598e+02  2.813410e-02
1.009074e+02  3.178131e-02
1.012563e+02  3.176023e-02
1.016064e+02  3.042454e-02
1.019577e+02  2.801454e-02
1.023102e+02  2.673631e-02
1.026639e+02  2.686611e-02
1.030188e+02  2.591242e-02
1.033750e+02  2.537441e-02
1.037324e+02  2.450701e-02
1.040910e+02  2.422069e-02
1.044509e+02  2.387049e-02
1.048120e+02  2.369029e-02
1.051744e+02  2.373451e-02
1.055380e+02  2.401656e-02
1.059029e+02  2.478324e-02
1.062691e+02  2.513111e-02
1.066365e+02  2.536402e-02
1.070051e+02  2.556828e-02
1.073751e+02  2.557971e-02
1.077463e+02  2.568184e-02
1.081188e+02  2.578312e-02
1.084926e+02  2.580833e-02
1.088677e+02  2.572362e-02
1.092441e+02  2.560156e-02
1.096218e+02  2.547763e-02
1.100008e+02  2.550106e-02
1.103811e+02  2.555660e-02
1.107627e+02  2.565254e-02
1.111457e+02  2.575409e-02
1.115300e+02  2.582955e-02
1.119156e+02  2.583932e-02
1.123025e+02  2.584834e-02
1.126907e+02  2.583646e-02
1.130804e+02  2.580445e-02
1.134713e+02  2.577245e-02
1.138636e+02  2.574016e-02
1.142573e+02  2.578881e-02
1.146523e+02  2.589171e-02
1.150487e+02  2.601856e-02
1.154465e+02  2.617849e-02
1.158456e+02  2.637394e-02
1.162461e+02  2.657255e-02
1.166480e+02  2.676910e-02
1.170513e+02  2.695655e-02
1.174560e+02  2.709302e-02
1.178621e+02  2.720122e-02
1.182696e+02  2.721657e-02
1.186785e+02  2.722092e-02
1.190888e+02  2.722477e-02
1.195005e+02  2.707211e-02
1.199136e+02  2.702022e-02
1.203282e+02  2.696845e-02
1.207442e+02  2.691755e-02
1.211617e+02  2.686651e-02
1.215806e+02  2.681036e-02
1.220009e+02  2.673417e-02
1.224227e+02  2.661088e-02
1.228460e+02  2.648872e-02
1.232707e+02  2.636714e-02
1.236969e+02  2.622529e-02
1.241245e+02  2.608525e-02
1.245537e+02  2.599371e-02
1.249843e+02  2.580188e-02
1.254164e+02  2.568018e-02
1.258500e+02  2.556170e-02
1.262851e+02  2.544410e-02
1.267217e+02  2.532788e-02
1.271599e+02  2.520546e-02
1.275995e+02  2.508502e-02
1.280406e+02  2.500989e-02
1.284833e+02  2.493557e-02
1.289275e+02  2.485199e-02
1.293733e+02  2.476829e-02
1.298206e+02  2.472608e-02
1.302694e+02  2.468127e-02
1.307198e+02  2.462484e-02
1.311717e+02  2.456841e-02
1.316252e+02  2.449250e-02
1.320803e+02  2.436595e-02
1.325369e+02  2.424033e-02
1.329952e+02  2.411599e-02
1.334550e+02  2.389048e-02
1.339164e+02  2.357200e-02
1.343794e+02  2.324605e-02
1.348439e+02  2.288101e-02
1.353101e+02  2.250488e-02
1.357780e+02  2.213213e-02
1.362474e+02  2.180004e-02
1.367184e+02  2.151763e-02
1.371911e+02  2.123596e-02
1.376654e+02  2.098501e-02
1.381414e+02  2.083754e-02
1.386190e+02  2.069115e-02
1.390982e+02  2.054610e-02
1.395791e+02  2.040571e-02
1.400617e+02  2.028826e-02
1.405460e+02  2.020566e-02
1.410319e+02  2.005421e-02
1.415195e+02  1.990250e-02
1.420087e+02  1.970816e-02
1.424997e+02  1.956327e-02
1.429924e+02  1.938683e-02
1.434868e+02  1.933892e-02
1.439828e+02  1.929363e-02
1.444806e+02  1.921202e-02
1.449801e+02  1.912951e-02
1.454814e+02  1.909474e-02
1.459844e+02  1.897791e-02
1.464891e+02  1.891405e-02
1.469955e+02  1.880711e-02
1.475038e+02  1.873668e-02
1.480137e+02  1.860511e-02
1.485255e+02  1.851087e-02
1.490390e+02  1.836953e-02
1.495542e+02  1.822568e-02
1.500713e+02  1.806456e-02
1.505901e+02  1.799400e-02
1.511108e+02  1.801797e-02
1.516332e+02  1.808561e-02
1.521575e+02  1.807228e-02
1.526835e+02  1.791345e-02
1.532114e+02  1.764959e-02
1.537411e+02  1.735583e-02
1.542726e+02  1.702608e-02
1.548060e+02  1.676775e-02
1.553412e+02  1.660149e-02
1.558783e+02  1.648923e-02
1.564172e+02  1.644083e-02
1.569580e+02  1.636301e-02
1.575006e+02  1.627774e-02
1.580452e+02  1.625144e-02
1.585916e+02  1.626731e-02
1.591399e+02  1.616050e-02
1.596901e+02  1.610681e-02
1.602422e+02  1.606796e-02
1.607962e+02  1.604806e-02
1.613521e+02  1.602819e-02
1.619100e+02  1.600813e-02
1.624697e+02  1.598790e-02
1.630315e+02  1.595255e-02
1.635951e+02  1.591309e-02
1.641607e+02  1.585588e-02
1.647283e+02  1.578163e-02
1.652978e+02  1.568223e-02
1.658693e+02  1.559406e-02
1.664427e+02  1.551247e-02
1.670182e+02  1.535170e-02
1.675956e+02  1.536744e-02
1.681751e+02  1.527275e-02
1.687565e+02  1.517888e-02
1.693399e+02  1.506159e-02
1.699254e+02  1.492787e-02
1.705129e+02  1.475121e-02
1.711024e+02  1.456962e-02
1.716940e+02  1.432725e-02
1.722876e+02  1.407587e-02
1.728832e+02  1.388273e-02
1.734809e+02  1.373446e-02
1.740807e+02  1.337972e-02
1.746826e+02  1.316281e-02
1.752865e+02  1.292061e-02
1.758925e+02  1.272388e-02
1.765006e+02  1.250531e-02
1.771109e+02  1.233670e-02
1.777232e+02  1.220519e-02
1.783376e+02  1.203404e-02
1.789542e+02  1.188939e-02
1.795729e+02  1.174758e-02
1.801938e+02  1.169673e-02
1.808167e+02  1.158787e-02
1.814419e+02  1.147987e-02
1.820692e+02  1.137272e-02
1.826987e+02  1.126515e-02
1.833303e+02  1.115565e-02
1.839641e+02  1.104695e-02
1.846002e+02  1.093913e-02
1.852384e+02  1.083219e-02
1.858788e+02  1.072656e-02
1.865215e+02  1.062207e-02
1.871663e+02  1.051844e-02
1.878134e+02  1.041564e-02
1.884628e+02  1.031370e-02
1.891143e+02  1.021260e-02
1.897682e+02  1.011142e-02
1.904242e+02  1.001106e-02
1.910826e+02  9.911511e-03
1.917432e+02  9.813002e-03
1.924062e+02  9.715944e-03
1.930714e+02  9.619782e-03
1.937389e+02  9.524402e-03
1.944087e+02  9.429799e-03
1.950808e+02  9.336395e-03
1.957553e+02  9.244230e-03
1.964321e+02  9.152815e-03
1.971112e+02  9.062144e-03
1.977927e+02  8.972255e-03
1.984765e+02  8.883715e-03
1.991627e+02  8.796090e-03
1.998513e+02  8.709178e-03
2.005422e+02  8.622974e-03
2.012356e+02  8.537681e-03
2.019313e+02  8.455115e-03
2.026295e+02  8.373693e-03
2.033300e+02  8.292927e-03
2.040330e+02  8.212814e-03
2.047384e+02  8.133900e-03
2.054463e+02  8.056914e-03
2.061565e+02  7.980546e-03
2.068693e+02  7.904791e-03
2.075845e+02  7.829703e-03
2.083022e+02  7.755699e-03
2.090224e+02  7.682411e-03
2.097450e+02  7.609710e-03
2.104702e+02  7.537592e-03
2.111978e+02  7.466251e-03
2.119280e+02  7.395874e-03
2.126607e+02  7.326096e-03
2.133960e+02  7.256876e-03
2.141337e+02  7.188210e-03
2.148741e+02  7.120452e-03
2.156170e+02  7.053480e-03
2.163624e+02  6.987043e-03
2.171105e+02  6.921136e-03
2.178611e+02  6.855825e-03
2.186143e+02  6.790851e-03
2.193701e+02  6.726000e-03
2.201286e+02  6.661670e-03
2.208896e+02  6.597855e-03
2.216533e+02  6.534734e-03
2.224196e+02  6.467455e-03
2.231886e+02  6.400154e-03
2.239602e+02  6.333407e-03
2.247345e+02  6.267209e-03
2.255115e+02  6.201932e-03
2.262912e+02  6.137524e-03
2.270736e+02  6.073646e-03
2.278586e+02  6.010293e-03
2.286464e+02  5.947534e-03
2.294369e+02  5.885747e-03
2.302301e+02  5.824626e-03
2.310261e+02  5.764007e-03
2.318249e+02  5.703887e-03
2.326264e+02  5.644427e-03
2.334306e+02  5.585929e-03
2.342377e+02  5.527931e-03
2.350475e+02  5.470410e-03
2.358601e+02  5.413363e-03
2.366756e+02  5.357372e-03
2.374938e+02  5.302124e-03
2.383149e+02  5.247330e-03
2.391389e+02  5.192985e-03
2.399657e+02  5.139420e-03
2.407953e+02  5.087290e-03
2.416278e+02  5.035709e-03
2.424632e+02  4.984548e-03
2.433015e+02  4.933804e-03
2.441426e+02  4.883580e-03
2.449867e+02  4.834160e-03
2.458337e+02  4.785143e-03
2.466836e+02  4.736525e-03
2.475365e+02  4.688304e-03
2.483923e+02  4.640091e-03
2.492511e+02  4.591291e-03
2.501128e+02  4.542893e-03
2.509776e+02  4.494894e-03
2.518453e+02  4.447342e-03
2.527160e+02  4.400340e-03
2.535897e+02  4.353755e-03
2.544664e+02  4.307554e-03
2.553462e+02  4.261735e-03
2.562290e+02  4.216407e-03
2.571149e+02  4.171845e-03
2.580038e+02  4.127651e-03
2.588958e+02  4.083822e-03
2.597909e+02  4.040361e-03
2.606891e+02  3.997526e-03
2.615904e+02  3.955259e-03
2.624948e+02  3.913342e-03
2.634023e+02  3.871770e-03
2.643130e+02  3.830589e-03
2.652268e+02  3.790077e-03
2.661438e+02  3.749982e-03
2.670639e+02  3.710218e-03
2.679873e+02  3.670781e-03
2.689138e+02  3.631790e-03
2.698435e+02  3.593443e-03
2.707764e+02  3.555410e-03
2.717126e+02  3.517692e-03
2.726520e+02  3.480292e-03
2.735946e+02  3.443414e-03
2.745405e+02  3.407010e-03
2.754897e+02  3.370906e-03
2.764422e+02  3.335099e-03
2.773979e+02  3.299618e-03
2.783570e+02  3.264709e-03
2.793194e+02  3.230144e-03
2.802851e+02  3.195863e-03
2.812541e+02  3.161865e-03
2.822265e+02  3.128257e-03
2.832022e+02  3.095178e-03
2.841813e+02  3.062371e-03
2.851639e+02  3.029835e-03
2.861498e+02  2.997581e-03
2.871391e+02  2.965810e-03
2.881318e+02  2.934433e-03
2.891280e+02  2.903314e-03
2.901276e+02  2.872451e-03
2.911306e+02  2.841888e-03
2.921372e+02  2.811844e-03
2.931472e+02  2.782082e-03
2.941607e+02  2.752564e-03
2.951777e+02  2.723290e-03
2.961982e+02  2.694293e-03
2.972223e+02  2.665412e-03
2.982499e+02  2.636769e-03
2.992810e+02  2.608363e-03
3.003157e+02  2.580208e-03
3.013540e+02  2.552310e-03
3.023959e+02  2.524612e-03
3.034414e+02  2.497144e-03
3.044905e+02  2.469903e-03
3.055432e+02  2.442931e-03
3.065996e+02  2.416451e-03
3.076596e+02  2.390213e-03
3.087233e+02  2.364191e-03
3.097906e+02  2.338384e-03
3.108617e+02  2.312922e-03
3.119364e+02  2.287857e-03
3.130149e+02  2.262999e-03
3.140971e+02  2.238346e-03
3.151830e+02  2.213915e-03
3.162727e+02  2.189879e-03
3.173662e+02  2.166131e-03
3.184634e+02  2.142579e-03
3.195644e+02  2.119222e-03
3.206693e+02  2.096097e-03
3.217779e+02  2.073405e-03
3.228904e+02  2.050907e-03
3.240068e+02  2.028596e-03
3.251270e+02  2.006468e-03
3.262510e+02  1.984651e-03
3.273790e+02  1.963158e-03
3.285108e+02  1.941842e-03
3.296466e+02  1.920703e-03
3.307863e+02  1.899756e-03
3.319299e+02  1.879157e-03
3.330775e+02  1.858793e-03
3.342291e+02  1.838598e-03
3.353846e+02  1.818569e-03
3.365442e+02  1.798747e-03
3.377077e+02  1.779293e-03
3.388753e+02  1.760000e-03
3.400469e+02  1.740866e-03
3.412225e+02  1.721891e-03
3.424022e+02  1.703190e-03
3.435860e+02  1.684758e-03
3.447739e+02  1.666477e-03
3.459659e+02  1.648348e-03
3.471620e+02  1.630386e-03
3.483623e+02  1.612728e-03
3.495667e+02  1.595264e-03
3.507753e+02  1.577944e-03
3.519880e+02  1.560766e-03
3.532049e+02  1.543777e-03
3.544261e+02  1.527092e-03
3.556515e+02  1.510544e-03
3.568811e+02  1.494133e-03
3.581149e+02  1.477861e-03
3.593530e+02  1.461830e-03
3.605954e+02  1.446021e-03
3.618421e+02  1.430343e-03
3.630931e+02  1.414794e-03
3.643485e+02  1.399391e-03
3.656081e+02  1.383488e-03
3.668722e+02  1.367535e-03
3.681406e+02  1.351716e-03
3.694133e+02  1.336028e-03
3.706905e+02  1.320496e-03
3.719721e+02  1.305055e-03
3.732581e+02  1.289744e-03
3.745486e+02  1.274562e-03
3.758436e+02  1.259512e-03
3.771430e+02  1.244716e-03
3.784469e+02  1.230146e-03
3.797553e+02  1.215699e-03
3.810682e+02  1.201373e-03
3.823857e+02  1.187180e-03
3.837077e+02  1.173276e-03
3.850343e+02  1.159519e-03
3.863655e+02  1.145878e-03
3.877013e+02  1.132352e-03
3.890417e+02  1.118985e-03
3.903868e+02  1.105877e-03
3.917365e+02  1.092879e-03
3.930908e+02  1.079990e-03
3.944499e+02  1.067215e-03
3.958136e+02  1.054661e-03
3.971821e+02  1.042292e-03
3.985553e+02  1.030026e-03
3.999332e+02  1.017863e-03
4.013159e+02  1.005818e-03
4.027034e+02  9.940289e-04
4.040957e+02  9.823567e-04
4.054927e+02  9.707824e-04
4.068947e+02  9.593054e-04
4.083014e+02  9.479852e-04
4.097131e+02  9.368780e-04
4.111296e+02  9.258640e-04
4.125510e+02  9.149424e-04
4.139773e+02  9.041192e-04
4.154086e+02  8.934926e-04
4.168448e+02  8.830136e-04
4.182859e+02  8.726226e-04
4.197321e+02  8.623187e-04
4.211832e+02  8.521164e-04
4.226394e+02  8.421375e-04
4.241006e+02  8.322503e-04
4.255669e+02  8.224460e-04
4.270382e+02  8.127240e-04
4.285146e+02  8.031436e-04
4.299961e+02  7.937359e-04
4.314827e+02  7.844070e-04
4.329745e+02  7.751564e-04
4.344715e+02  7.659900e-04
4.359736e+02  7.569941e-04
4.374809e+02  7.481167e-04
4.389934e+02  7.393138e-04
4.405111e+02  7.305846e-04
4.420341e+02  7.219427e-04
4.435624e+02  7.134951e-04
4.450959e+02  7.051191e-04
4.466347e+02  6.968132e-04
4.481789e+02  6.885770e-04
4.497284e+02  6.804688e-04
4.512833e+02  6.724997e-04
4.528435e+02  6.645974e-04
4.544091e+02  6.567614e-04
4.559802e+02  6.489979e-04
4.575566e+02  6.413545e-04
4.591386e+02  6.337936e-04
4.607260e+02  6.262961e-04
4.623188e+02  6.188615e-04
4.639172e+02  6.114990e-04
4.655211e+02  6.041449e-04
4.671306e+02  5.968528e-04
4.687456e+02  5.896222e-04
4.703662e+02  5.824534e-04
4.719924e+02  5.754022e-04
4.736243e+02  5.684735e-04
4.752617e+02  5.616032e-04
4.769049e+02  5.547908e-04
4.785537e+02  5.480423e-04
4.802082e+02  5.414338e-04
4.818684e+02  5.349056e-04
4.835344e+02  5.284324e-04
4.852062e+02  5.220139e-04
4.868837e+02  5.156700e-04
4.885670e+02  5.094675e-04
4.902561e+02  5.033173e-04
4.919511e+02  4.972189e-04
4.936519e+02  4.911735e-04
4.953586e+02  4.852310e-04
4.970713e+02  4.793869e-04
4.987898e+02  4.735920e-04
5.005143e+02  4.678460e-04
5.022447e+02  4.621537e-04
5.039811e+02  4.565824e-04
5.057236e+02  4.510743e-04
5.074720e+02  4.456128e-04
5.092265e+02  4.401974e-04
5.109871e+02  4.348484e-04
5.127537e+02  4.296137e-04
5.145265e+02  4.244232e-04
5.163054e+02  4.192765e-04
5.180904e+02  4.141747e-04
5.198816e+02  4.091607e-04
5.216790e+02  4.042257e-04
5.234826e+02  3.993325e-04
5.252925e+02  3.944807e-04
5.271086e+02  3.896707e-04
5.289310e+02  3.849628e-04
5.307597e+02  3.803050e-04
5.325947e+02  3.756870e-04
5.344360e+02  3.711084e-04
5.362837e+02  3.664815e-04
5.381378e+02  3.619331e-04
5.399984e+02  3.574267e-04
5.418653e+02  3.529619e-04
5.437387e+02  1.209262e-03
5.456186e+02  1.195279e-03
5.475050e+02  1.181431e-03
5.493979e+02  1.167688e-03
5.512973e+02  1.154052e-03
5.532033e+02  1.140453e-03
5.551160e+02  1.126966e-03
5.570352e+02  1.113595e-03
5.589610e+02  1.100334e-03
5.608935e+02  1.087183e-03
5.628327e+02  1.074293e-03
5.647786e+02  1.061565e-03
5.667312e+02  1.048942e-03
5.686906e+02  1.036424e-03
5.706568e+02  1.024075e-03
5.726297e+02  1.012042e-03
5.746095e+02  1.000130e-03
5.765961e+02  9.883161e-04
5.785896e+02  9.766005e-04
5.805899e+02  9.650809e-04
5.825972e+02  9.536956e-04
5.846115e+02  9.424041e-04
5.866327e+02  9.312066e-04
5.886608e+02  9.201023e-04
5.906960e+02  9.092296e-04
5.927383e+02  8.984574e-04
5.947875e+02  8.877750e-04
5.968439e+02  8.771816e-04
5.989074e+02  8.667138e-04
6.009780e+02  8.564481e-04
6.030558e+02  8.462853e-04
6.051408e+02  8.362072e-04
6.072329e+02  8.262132e-04
6.093323e+02  8.163783e-04
6.114390e+02  8.067108e-04
6.135529e+02  7.971240e-04
6.156742e+02  7.876171e-04
6.178028e+02  7.781914e-04
6.199387e+02  7.689565e-04
6.220820e+02  7.598279e-04
6.242328e+02  7.507754e-04
6.263910e+02  7.417986e-04
6.285566e+02  7.328923e-04
6.307297e+02  7.240845e-04
6.329104e+02  7.153625e-04
6.350985e+02  7.067136e-04
6.372943e+02  6.981373e-04
6.394976e+02  6.895955e-04
6.417086e+02  6.811485e-04
6.439272e+02  6.727725e-04
6.461534e+02  6.644670e-04
6.483874e+02  6.562322e-04
6.506291e+02  6.480908e-04
6.528785e+02  6.400405e-04
6.551357e+02  6.320581e-04
6.574007e+02  6.241431e-04
6.596736e+02  6.163412e-04
6.619543e+02  6.086961e-04
6.642429e+02  6.011238e-04
6.665394e+02  5.936154e-04
6.688438e+02  5.861705e-04
6.711563e+02  5.790692e-04
6.734767e+02  5.721379e-04
6.758051e+02  5.652647e-04
6.781416e+02  5.584490e-04
6.804861e+02  5.517243e-04
6.828388e+02  5.453052e-04
6.851996e+02  5.389565e-04
6.875685e+02  5.326604e-04
6.899457e+02  5.264168e-04
6.923311e+02  5.202750e-04
6.947247e+02  5.143025e-04
6.971266e+02  5.083928e-04
6.995368e+02  5.025321e-04
7.019553e+02  4.967200e-04
7.043822e+02  4.908781e-04
7.068174e+02  4.851065e-04
7.092611e+02  4.793829e-04
7.117133e+02  4.737071e-04
7.141739e+02  4.680712e-04
7.166430e+02  4.624610e-04
7.191207e+02  4.569085e-04
7.216070e+02  4.514025e-04
7.241018e+02  4.459426e-04
7.266052e+02  4.405680e-04
7.291173e+02  4.352926e-04
7.316381e+02  4.300639e-04
7.341677e+02  4.248791e-04
7.367059e+02  4.197377e-04
7.392529e+02  4.147009e-04
7.418088e+02  4.097297e-04
7.443735e+02  4.048001e-04
7.469470e+02  3.999118e-04
7.495294e+02  3.950786e-04
7.521208e+02  3.903436e-04
7.547211e+02  3.856564e-04
7.573304e+02  3.810084e-04
7.599488e+02  3.763994e-04
7.625762e+02  3.718549e-04
7.652127e+02  3.673841e-04
7.678582e+02  3.629520e-04
7.705130e+02  3.585570e-04
7.731769e+02  3.541989e-04
7.758500e+02  3.498901e-04
7.785324e+02  3.456306e-04
7.812240e+02  3.414069e-04
7.839250e+02  3.372186e-04
7.866353e+02  3.330710e-04
7.893549e+02  3.289729e-04
7.920840e+02  3.249102e-04
7.948225e+02  3.208818e-04
7.975704e+02  3.168873e-04
8.003279e+02  3.129622e-04
8.030949e+02  3.090726e-04
8.058714e+02  3.052156e-04
8.086576e+02  3.013912e-04
8.114534e+02  2.975991e-04
8.142588e+02  2.938976e-04
8.170740e+02  2.902398e-04
8.198989e+02  2.866128e-04
8.227336e+02  2.830165e-04
8.255780e+02  2.794676e-04
8.284323e+02  2.759932e-04
8.312965e+02  2.725532e-04
8.341705e+02  2.691422e-04
8.370545e+02  2.657601e-04
8.399485e+02  2.624627e-04
8.428525e+02  2.592331e-04
8.457665e+02  2.560307e-04
8.486906e+02  2.528553e-04
8.516248e+02  2.497098e-04
8.545691e+02  2.466700e-04
8.575236e+02  2.436647e-04
8.604884e+02  2.406847e-04
8.634634e+02  2.377297e-04
8.664486e+02  2.348259e-04
8.694442e+02  2.319973e-04
8.724502e+02  2.291960e-04
8.754665e+02  2.264182e-04
8.784933e+02  2.236636e-04
8.815305e+02  2.209588e-04
8.845783e+02  2.182973e-04
8.876366e+02  2.156581e-04
8.907054e+02  2.130411e-04
8.937849e+02  2.104490e-04
8.968750e+02  2.079025e-04
8.999758e+02  2.053706e-04
9.030873e+02  2.028600e-04
9.062095e+02  2.003705e-04
9.093426e+02  1.979156e-04
9.124865e+02  1.954980e-04
9.156413e+02  1.931007e-04
9.188069e+02  1.907236e-04
9.219835e+02  1.883665e-04
9.251711e+02  1.860083e-04
9.283698e+02  1.836759e-04
9.315794e+02  1.813632e-04
9.348002e+02  1.790700e-04
9.380321e+02  1.767989e-04
9.412752e+02  1.745680e-04
9.445295e+02  1.723623e-04
9.477950e+02  1.701754e-04
9.510719e+02  1.680069e-04
9.543600e+02  1.658663e-04
9.576596e+02  1.637633e-04
9.609705e+02  1.616800e-04
9.642929e+02  1.596143e-04
9.676268e+02  1.575661e-04
9.709722e+02  1.555621e-04
9.743292e+02  1.535884e-04
9.776977e+02  1.516314e-04
9.810779e+02  1.496910e-04
9.844698e+02  1.477729e-04
9.878735e+02  1.458996e-04
9.912889e+02  1.440468e-04
9.947161e+02  1.422096e-04
9.981551e+02  1.403881e-04
1.001606e+03  1.385971e-04
1.005069e+03  1.368421e-04
1.008544e+03  1.351029e-04
1.012031e+03  1.333784e-04
1.015530e+03  1.316686e-04
1.019041e+03  1.300066e-04
1.022564e+03  1.283688e-04
1.026099e+03  1.267449e-04
1.029647e+03  1.251347e-04
1.033207e+03  1.235421e-04
1.036779e+03  1.219799e-04
1.040363e+03  1.204344e-04
1.043960e+03  1.189020e-04
1.047569e+03  1.173826e-04
1.051191e+03  1.158848e-04
1.054825e+03  1.144132e-04
1.058472e+03  1.129544e-04
1.062132e+03  1.115079e-04
1.065804e+03  1.100737e-04
1.069489e+03  1.086737e-04
1.073186e+03  1.072918e-04
1.076897e+03  1.059215e-04
1.080620e+03  1.045630e-04
1.084356e+03  1.032219e-04
1.088105e+03  1.019189e-04
1.091867e+03  1.006337e-04
1.095642e+03  9.935933e-05
1.099430e+03  9.809577e-05
1.103231e+03  9.685511e-05
1.107045e+03  9.564555e-05
1.110872e+03  9.444620e-05
1.114713e+03  9.325698e-05
1.118567e+03  9.207803e-05
1.122434e+03  9.092818e-05
1.126315e+03  8.979111e-05
1.130209e+03  8.866363e-05
1.134116e+03  8.754568e-05
1.138037e+03  8.644316e-05
1.141972e+03  8.536371e-05
1.145920e+03  8.429473e-05
1.149882e+03  8.323477e-05
1.153858e+03  8.218377e-05
1.157847e+03  8.115275e-05
1.161850e+03  8.013896e-05
1.165867e+03  7.913373e-05
1.169898e+03  7.813698e-05
1.173942e+03  7.714961e-05
1.178001e+03  7.618587e-05
1.182074e+03  7.523269e-05
1.186160e+03  7.428755e-05
1.190261e+03  7.335039e-05
1.194377e+03  7.242689e-05
1.198506e+03  7.152201e-05
1.202650e+03  7.062562e-05
1.206807e+03  6.973681e-05
1.210980e+03  6.885550e-05
1.215167e+03  6.799199e-05
1.219368e+03  6.714193e-05
1.223584e+03  6.629904e-05
1.227814e+03  6.546328e-05
1.232059e+03  6.463581e-05
1.236318e+03  6.382608e-05
1.240593e+03  6.302508e-05
1.244882e+03  6.223085e-05
1.249186e+03  6.144332e-05
1.253505e+03  6.066696e-05
1.257838e+03  5.990500e-05
1.262187e+03  5.915009e-05
1.266551e+03  5.840156e-05
1.270930e+03  5.765937e-05
1.275324e+03  5.693082e-05
1.279733e+03  5.621254e-05
1.284158e+03  5.550034e-05
1.288597e+03  5.479416e-05
1.293052e+03  5.409580e-05
1.297523e+03  5.341343e-05
1.302009e+03  5.273794e-05
1.306510e+03  5.206817e-05
1.311027e+03  5.140407e-05
1.315560e+03  5.075086e-05
1.320108e+03  5.011047e-05
1.324672e+03  4.947584e-05
1.329252e+03  4.884658e-05
1.333848e+03  4.822266e-05
1.338459e+03  4.761281e-05
1.343087e+03  4.701134e-05
1.347730e+03  4.641496e-05
1.352390e+03  4.582363e-05
1.357066e+03  4.523935e-05
1.361757e+03  4.466852e-05
1.366466e+03  4.410360e-05
1.371190e+03  4.354347e-05
1.375930e+03  4.298808e-05
1.380688e+03  4.244220e-05
1.385461e+03  4.190646e-05
1.390251e+03  4.137542e-05
1.395058e+03  4.084887e-05
1.399881e+03  4.032678e-05
1.404721e+03  3.981687e-05
1.409577e+03  3.931336e-05
1.414450e+03  3.881412e-05
1.419341e+03  3.831910e-05
1.424248e+03  3.783040e-05
1.429172e+03  3.735261e-05
1.434113e+03  3.687962e-05
1.439071e+03  3.641063e-05
1.444047e+03  3.594562e-05
1.449039e+03  3.548864e-05
1.454049e+03  3.503993e-05
1.459076e+03  3.459506e-05
1.464121e+03  3.415396e-05
1.469182e+03  3.371659e-05
1.474262e+03  3.328916e-05
1.479359e+03  3.286672e-05
1.484474e+03  3.244786e-05
1.489606e+03  3.203254e-05
1.494756e+03  3.162187e-05
1.499924e+03  3.121685e-05
1.505109e+03  3.081523e-05
1.510313e+03  3.041702e-05
1.515535e+03  3.002220e-05
1.520774e+03  2.963479e-05
1.526032e+03  2.925416e-05
1.531308e+03  2.887677e-05
1.536603e+03  2.850258e-05
1.541915e+03  2.813178e-05
1.547246e+03  2.777054e-05
1.552595e+03  2.741338e-05
1.557963e+03  2.705925e-05
1.563350e+03  2.670813e-05
1.568755e+03  2.636202e-05
1.574178e+03  2.602331e-05
1.579621e+03  2.568791e-05
1.585082e+03  2.535537e-05
1.590562e+03  2.502565e-05
1.596061e+03  2.470267e-05
1.601579e+03  2.438520e-05
1.607116e+03  2.407042e-05
1.612673e+03  2.375832e-05
1.618248e+03  2.344930e-05
1.623843e+03  2.314803e-05
1.629457e+03  2.285012e-05
1.635091e+03  2.255474e-05
1.640744e+03  2.226188e-05
1.646416e+03  2.197348e-05
1.652109e+03  2.169113e-05
1.657821e+03  2.141148e-05
1.663552e+03  2.113420e-05
1.669304e+03  2.085928e-05
1.675075e+03  2.059027e-05
1.680866e+03  2.032556e-05
1.686678e+03  2.006310e-05
1.692509e+03  1.980286e-05
1.698360e+03  1.954542e-05
1.704232e+03  1.929423e-05
1.710124e+03  1.904580e-05
1.716037e+03  1.879948e-05
1.721970e+03  1.855525e-05
1.727923e+03  1.831447e-05
1.733897e+03  1.807716e-05
1.739892e+03  1.784187e-05
1.745907e+03  1.760859e-05
1.751943e+03  1.737729e-05
1.758000e+03  1.715095e-05
1.764078e+03  1.692782e-05
1.770177e+03  1.670660e-05
1.776297e+03  1.648725e-05
1.782439e+03  1.627041e-05
1.788601e+03  1.605851e-05
1.794785e+03  1.584882e-05
1.800990e+03  1.564092e-05
1.807217e+03  1.543479e-05
1.813465e+03  1.523219e-05
1.819734e+03  1.503338e-05
1.826026e+03  1.483636e-05
1.832339e+03  1.464103e-05
1.838674e+03  1.444738e-05
1.845031e+03  3.593396e-05
1.851410e+03  4.054250e-05
1.857811e+03  4.510282e-05
1.864234e+03  4.628118e-05
1.870679e+03  4.572899e-05
1.877147e+03  4.518357e-05
1.883637e+03  4.464270e-05
1.890149e+03  4.410641e-05
1.896684e+03  4.358063e-05
1.903241e+03  4.306088e-05
1.909821e+03  4.254655e-05
1.916424e+03  4.203650e-05
1.923050e+03  4.153284e-05
1.929699e+03  4.103712e-05
1.936370e+03  4.054797e-05
1.943065e+03  4.006303e-05
1.949783e+03  3.958214e-05
1.956524e+03  3.910923e-05
1.963288e+03  3.864260e-05
1.970076e+03  3.818154e-05
1.976887e+03  3.772433e-05
1.983722e+03  3.727121e-05
1.990580e+03  3.682606e-05
1.997462e+03  3.638651e-05
2.004368e+03  3.595163e-05
2.011298e+03  3.552037e-05
2.018251e+03  3.509445e-05
2.025229e+03  3.467453e-05
2.032231e+03  3.425925e-05
2.039257e+03  3.384745e-05
2.046308e+03  3.343908e-05
2.053382e+03  3.303766e-05
2.060481e+03  3.264136e-05
2.067605e+03  3.224961e-05
2.074754e+03  3.186113e-05
2.081927e+03  3.147594e-05
2.089125e+03  3.109425e-05
2.096347e+03  3.071706e-05
2.103595e+03  3.034358e-05
2.110868e+03  2.997322e-05
2.118166e+03  2.960779e-05
2.125489e+03  2.924760e-05
2.132838e+03  2.889209e-05
2.140212e+03  2.853956e-05
2.147611e+03  2.818999e-05
2.155036e+03  2.784625e-05
2.162487e+03  2.750671e-05
2.169963e+03  2.717097e-05
2.177465e+03  2.683805e-05
2.184993e+03  2.650846e-05
2.192548e+03  2.618427e-05
2.200128e+03  2.586397e-05
2.207735e+03  2.554674e-05
2.215367e+03  2.523217e-05
2.223027e+03  2.492212e-05
2.230712e+03  2.461658e-05
2.238425e+03  2.431490e-05
2.246164e+03  2.401576e-05
2.253929e+03  2.371913e-05
2.261722e+03  2.342768e-05
2.269542e+03  2.313970e-05
2.277388e+03  2.285487e-05
2.285262e+03  2.257244e-05
2.293163e+03  2.229306e-05
2.301091e+03  2.201834e-05
2.309046e+03  2.174700e-05
2.317030e+03  2.147819e-05
2.325040e+03  2.121163e-05
2.333079e+03  2.094913e-05
2.341145e+03  2.069036e-05
2.349239e+03  2.043481e-05
2.357361e+03  2.018140e-05
2.365511e+03  1.993013e-05
2.373690e+03  1.968340e-05
2.381896e+03  1.943954e-05
2.390131e+03  1.919828e-05
2.398395e+03  1.895906e-05
2.406687e+03  1.872266e-05
2.415007e+03  1.849037e-05
2.423357e+03  1.826097e-05
2.431735e+03  1.803364e-05
2.440143e+03  1.780823e-05
2.448579e+03  1.758633e-05
2.457044e+03  1.736748e-05
2.465539e+03  1.715129e-05
2.474063e+03  1.693692e-05
2.482617e+03  1.672436e-05
2.491200e+03  1.651607e-05
2.499813e+03  1.631013e-05
2.508456e+03  1.610633e-05
2.517128e+03  1.590424e-05
2.525831e+03  1.570472e-05
2.534564e+03  1.550861e-05
2.543326e+03  1.531501e-05
2.552119e+03  1.512312e-05
2.560943e+03  1.493284e-05
2.569797e+03  1.474563e-05
2.578682e+03  1.456092e-05
2.587597e+03  1.437839e-05
2.596543e+03  1.419740e-05
2.605520e+03  1.401802e-05
2.614528e+03  1.384241e-05
2.623568e+03  1.366879e-05
2.632638e+03  1.349694e-05
2.641740e+03  1.332654e-05
2.650873e+03  1.315844e-05
2.660038e+03  1.299311e-05
2.669235e+03  1.282992e-05
2.678463e+03  1.266813e-05
2.687724e+03  1.250770e-05
2.697016e+03  1.234998e-05
2.706341e+03  1.219431e-05
2.715697e+03  1.204044e-05
2.725086e+03  1.188787e-05
2.734508e+03  1.173678e-05
2.743962e+03  1.158886e-05
2.753449e+03  1.144265e-05
2.762968e+03  1.129790e-05
2.772521e+03  1.115438e-05
2.782106e+03  1.101290e-05
2.791725e+03  1.087369e-05
2.801377e+03  1.073629e-05
2.811062e+03  1.060005e-05
2.820781e+03  1.046495e-05
2.830533e+03  1.033237e-05
2.840319e+03  1.020150e-05
2.850139e+03  1.007211e-05
2.859993e+03  9.943804e-06
2.869881e+03  9.816834e-06
2.879803e+03  9.692438e-06
2.889759e+03  9.569504e-06
2.899750e+03  9.447761e-06
2.909776e+03  9.327048e-06
2.919836e+03  9.208120e-06
2.929931e+03  9.091029e-06
2.940060e+03  8.975420e-06
2.950225e+03  8.860789e-06
2.960425e+03  8.747129e-06
2.970660e+03  8.635793e-06
2.980931e+03  8.525876e-06
2.991237e+03  8.417184e-06
3.001578e+03  8.309413e-06
3.011956e+03  8.202838e-06
3.022369e+03  8.098341e-06
3.032818e+03  7.995092e-06
3.043304e+03  7.892819e-06
3.053825e+03  7.791412e-06
3.064384e+03  7.691617e-06
3.074978e+03  7.593351e-06
3.085609e+03  7.496302e-06
3.096277e+03  7.400074e-06
3.106982e+03  7.304663e-06
3.117724e+03  7.211304e-06
3.128503e+03  7.119084e-06
3.139319e+03  7.027861e-06
3.150173e+03  6.937412e-06
3.161064e+03  6.848032e-06
3.171993e+03  6.760326e-06
3.182959e+03  6.673694e-06
3.193964e+03  6.587861e-06
3.205007e+03  6.502756e-06
3.216087e+03  6.419106e-06
3.227206e+03  6.336726e-06
3.238364e+03  6.255352e-06
3.249560e+03  6.174667e-06
3.260795e+03  6.094668e-06
3.272068e+03  6.016458e-06
3.283381e+03  5.939158e-06
3.294733e+03  5.862673e-06
3.306124e+03  5.786837e-06
3.317554e+03  5.711956e-06
3.329024e+03  5.638431e-06
3.340533e+03  5.565833e-06
3.352083e+03  5.493888e-06
3.363672e+03  5.422554e-06
3.375301e+03  5.352531e-06
3.386971e+03  5.283551e-06
3.398681e+03  5.215390e-06
3.410431e+03  5.147808e-06
3.422222e+03  5.080804e-06
3.434054e+03  5.015337e-06
3.445926e+03  4.950599e-06
3.457840e+03  4.886529e-06
3.469795e+03  4.823003e-06
3.481791e+03  4.760346e-06
3.493829e+03  4.698816e-06
3.505908e+03  4.638069e-06
3.518029e+03  4.577853e-06
3.530192e+03  4.518148e-06
3.542397e+03  4.459594e-06
3.554644e+03  4.401881e-06
3.566934e+03  4.344842e-06
3.579266e+03  4.288287e-06
3.591641e+03  4.232258e-06
3.604058e+03  4.177461e-06
3.616519e+03  4.123282e-06
3.629022e+03  4.069647e-06
3.641569e+03  4.016468e-06
3.654159e+03  3.964074e-06
3.666793e+03  3.912606e-06
3.679470e+03  3.861815e-06
3.692191e+03  3.811457e-06
3.704956e+03  3.761527e-06
3.717765e+03  3.712602e-06
3.730619e+03  3.664354e-06
3.743517e+03  3.616659e-06
3.756459e+03  3.569370e-06
3.769447e+03  3.522560e-06
3.782479e+03  3.476758e-06
3.795556e+03  3.431486e-06
3.808679e+03  3.386658e-06
3.821846e+03  3.342211e-06
3.835060e+03  3.298466e-06
3.848319e+03  3.255479e-06
3.861624e+03  3.213044e-06
3.874975e+03  3.170970e-06
3.888372e+03  3.129254e-06
3.901815e+03  3.088404e-06
3.915305e+03  3.048091e-06
3.928841e+03  3.008229e-06
3.942425e+03  2.968707e-06
3.956055e+03  2.929620e-06
3.969732e+03  2.891375e-06
3.983457e+03  2.853575e-06
3.997229e+03  2.816137e-06
4.011049e+03  2.779018e-06
4.024916e+03  2.742517e-06
4.038832e+03  2.706629e-06
4.052795e+03  2.671208e-06
4.066807e+03  2.636088e-06
4.080867e+03  2.601268e-06
4.094976e+03  2.567200e-06
4.109134e+03  2.533564e-06
4.123341e+03  2.500301e-06
4.137596e+03  2.467322e-06
4.151901e+03  2.434739e-06
4.166256e+03  2.402849e-06
4.180660e+03  2.371352e-06
4.195114e+03  2.340154e-06
4.209618e+03  2.309221e-06
4.224172e+03  2.278828e-06
4.238776e+03  2.248925e-06
4.253431e+03  2.219393e-06
4.268136e+03  2.190114e-06
4.282893e+03  2.161084e-06
4.297700e+03  2.132718e-06
4.312559e+03  2.104699e-06
4.327468e+03  2.076984e-06
4.342430e+03  2.049506e-06
4.357443e+03  2.022382e-06
4.372508e+03  1.995812e-06
4.387625e+03  1.969576e-06
4.402795e+03  1.943580e-06
4.418017e+03  1.917806e-06
4.433291e+03  1.892502e-06
4.448619e+03  1.867591e-06
4.463999e+03  1.842985e-06
4.479432e+03  1.818588e-06
4.494919e+03  1.794400e-06
4.510460e+03  1.770798e-06
4.526054e+03  1.747470e-06
4.541702e+03  1.724390e-06
4.557404e+03  1.701507e-06
4.573160e+03  1.678939e-06
4.588971e+03  1.656814e-06
4.604837e+03  1.634971e-06
4.620757e+03  1.613323e-06
4.636733e+03  1.591860e-06
4.652764e+03  1.570809e-06
4.668850e+03  1.550073e-06
4.684991e+03  1.529585e-06
4.701189e+03  1.509272e-06
4.717442e+03  1.489142e-06
4.733752e+03  1.469509e-06
4.750118e+03  1.450100e-06
4.766541e+03  1.430891e-06
4.783021e+03  1.411846e-06
4.799557e+03  1.393082e-06
4.816151e+03  1.374673e-06
4.832802e+03  1.356504e-06
4.849510e+03  1.338492e-06
4.866277e+03  1.320635e-06
4.883101e+03  1.303141e-06
4.899983e+03  1.285902e-06
4.916924e+03  1.268864e-06
4.933924e+03  1.251972e-06
4.950982e+03  1.235246e-06
4.968099e+03  1.218921e-06
4.985275e+03  1.202786e-06
5.002511e+03  1.186813e-06
5.019806e+03  1.170976e-06
5.037161e+03  1.155382e-06
5.054576e+03  1.140064e-06
5.072052e+03  1.124946e-06
5.089588e+03  1.109958e-06
5.107184e+03  1.095097e-06
5.124841e+03  1.080561e-06
5.142559e+03  1.066228e-06
5.160339e+03  1.052060e-06
5.178180e+03  1.038013e-06
5.196082e+03  1.024118e-06
5.214047e+03  1.010547e-06
5.232074e+03  9.971372e-07
5.250163e+03  9.838591e-07
5.268314e+03  9.706945e-07
5.286528e+03  9.577470e-07
5.304806e+03  9.450250e-07
5.323146e+03  9.324664e-07
5.341550e+03  9.200150e-07
5.360017e+03  9.076701e-07
5.378549e+03  8.956058e-07
5.397144e+03  8.837021e-07
5.415804e+03  8.719318e-07
5.434528e+03  8.602620e-07
5.453317e+03  8.487282e-07
5.472171e+03  8.374489e-07
5.491090e+03  8.263065e-07
5.510074e+03  8.152710e-07
5.529125e+03  8.043298e-07
5.548241e+03  7.935812e-07
5.567423e+03  7.830153e-07
5.586671e+03  7.725827e-07
5.605986e+03  7.622392e-07
5.625368e+03  7.519842e-07
5.644816e+03  7.419720e-07
5.664332e+03  7.320864e-07
5.683916e+03  7.223090e-07
5.703567e+03  7.126153e-07
5.723286e+03  7.030442e-07
5.743073e+03  6.936798e-07
5.762929e+03  6.844310e-07
5.782853e+03  6.752685e-07
5.802847e+03  6.661844e-07
5.822909e+03  6.572703e-07
5.843041e+03  6.485031e-07
5.863242e+03  6.398438e-07
5.883513e+03  6.312585e-07
5.903854e+03  6.227466e-07
5.924266e+03  6.144424e-07
5.944748e+03  6.062374e-07
5.965301e+03  5.981201e-07
5.985925e+03  5.900722e-07
6.006620e+03  5.821337e-07
6.027387e+03  5.743596e-07
6.048226e+03  5.666842e-07
6.069136e+03  5.590787e-07
6.090119e+03  5.515383e-07
6.111175e+03  5.441475e-07
6.132303e+03  5.368741e-07
6.153504e+03  5.296879e-07
6.174779e+03  5.225631e-07
6.196127e+03  5.154994e-07
6.217549e+03  5.086183e-07
6.239046e+03  5.018153e-07
6.260616e+03  4.950836e-07
6.282261e+03  4.884096e-07
6.303981e+03  4.818242e-07
6.325776e+03  4.753537e-07
6.347646e+03  4.689661e-07
6.369592e+03  4.626933e-07
6.391614e+03  4.564779e-07
6.413711e+03  4.503158e-07
6.435886e+03  4.442329e-07
6.458137e+03  4.383083e-07
6.480465e+03  4.324343e-07
6.502870e+03  4.266106e-07
6.525352e+03  4.208368e-07
6.547912e+03  4.151815e-07
6.570551e+03  4.096308e-07
6.593267e+03  4.041276e-07
6.616062e+03  3.986716e-07
6.638936e+03  3.932623e-07
6.661889e+03  3.880042e-07
6.684922e+03  3.828025e-07
6.708033e+03  3.776454e-07
6.731225e+03  3.725324e-07
6.754497e+03  3.674916e-07
6.777850e+03  3.625781e-07
6.801283e+03  3.577066e-07
6.824797e+03  3.528768e-07
6.848393e+03  3.480884e-07
6.872070e+03  3.434051e-07
6.895829e+03  3.388039e-07
6.919670e+03  3.342421e-07
6.943594e+03  3.297193e-07
6.967600e+03  3.252362e-07
6.991689e+03  3.208832e-07
7.015862e+03  3.165727e-07
7.040118e+03  3.122991e-07
7.064458e+03  3.080622e-07
7.088882e+03  3.038901e-07
7.113391e+03  2.998186e-07
7.137984e+03  2.957819e-07
7.162662e+03  2.917797e-07
7.187426e+03  2.878119e-07
7.212275e+03  2.839360e-07
7.237210e+03  2.801234e-07
7.262232e+03  2.763434e-07
7.287340e+03  2.725959e-07
7.312534e+03  2.688821e-07
7.337816e+03  2.652792e-07
7.363185e+03  2.617080e-07
7.388642e+03  2.581675e-07
7.414187e+03  2.546573e-07
7.439820e+03  2.512050e-07
7.465542e+03  2.478322e-07
7.491353e+03  2.444882e-07
7.517253e+03  2.411728e-07
7.543243e+03  2.378859e-07
7.569322e+03  2.346795e-07
7.595492e+03  2.315219e-07
7.621752e+03  2.283913e-07
7.648103e+03  2.252876e-07
7.674545e+03  2.222146e-07
7.701078e+03  2.192317e-07
7.727703e+03  2.162744e-07
7.754421e+03  2.133424e-07
7.781230e+03  2.104355e-07
7.808132e+03  2.075804e-07
7.835128e+03  2.047879e-07
7.862216e+03  2.020194e-07
7.889398e+03  1.992746e-07
7.916675e+03  1.965533e-07
7.944045e+03  1.939018e-07
7.971510e+03  1.912874e-07
7.999070e+03  1.886954e-07
8.026726e+03  1.861256e-07
8.054477e+03  1.835844e-07
8.082324e+03  1.811155e-07
8.110267e+03  1.786678e-07
8.138307e+03  1.762410e-07
8.166444e+03  1.738350e-07
8.194678e+03  1.714748e-07
8.223009e+03  1.691635e-07
8.251439e+03  1.668721e-07
8.279967e+03  1.646002e-07
8.308593e+03  1.623479e-07
8.337319e+03  1.601560e-07
8.366144e+03  1.579921e-07
8.395068e+03  1.558467e-07
8.424093e+03  1.537197e-07
8.453218e+03  1.516190e-07
8.482443e+03  1.495762e-07
8.511770e+03  1.475508e-07
8.541198e+03  1.455428e-07
8.570727e+03  1.435521e-07
8.600359e+03  1.416015e-07
8.630093e+03  1.396890e-07
8.659930e+03  1.377928e-07
8.689871e+03  1.359129e-07
8.719914e+03  1.340492e-07
8.750062e+03  1.322380e-07
8.780314e+03  1.304478e-07
8.810670e+03  1.286729e-07
8.841132e+03  1.269133e-07
8.871698e+03  1.251776e-07
8.902371e+03  1.234879e-07
8.933149e+03  1.218127e-07
8.964034e+03  1.201518e-07
8.995025e+03  1.185052e-07
9.026124e+03  1.168937e-07
9.057330e+03  1.153117e-07
9.088645e+03  1.137432e-07
9.120067e+03  1.121882e-07
9.151598e+03  1.106466e-07
9.183238e+03  1.091507e-07
9.214987e+03  1.076704e-07
9.246847e+03  1.062027e-07
9.278816e+03  1.047477e-07
9.310896e+03  1.033142e-07
9.343087e+03  1.019170e-07
9.375389e+03  1.005317e-07
9.407803e+03  9.915834e-08
9.440328e+03  9.779675e-08
9.472967e+03  9.646595e-08
9.505718e+03  9.515795e-08
9.538582e+03  9.386116e-08
9.571560e+03  9.257551e-08
9.604652e+03  9.130129e-08
9.637859e+03  9.006567e-08
9.671180e+03  8.884171e-08
9.704616e+03  8.762825e-08
9.738168e+03  8.642522e-08
9.771836e+03  8.524152e-08
9.805621e+03  8.408635e-08
9.839522e+03  8.294109e-08
9.873540e+03  8.180566e-08
9.907676e+03  8.067998e-08
9.941930e+03  7.958139e-08
9.976303e+03  7.850043e-08
1.001079e+04  7.742875e-08
1.004540e+04  7.636627e-08
1.008014e+04  7.531363e-08
1.011499e+04  7.429331e-08
1.014996e+04  7.328173e-08
1.018505e+04  7.227884e-08
1.022026e+04  7.128456e-08
1.025560e+04  7.030753e-08
1.029105e+04  6.935298e-08
1.032663e+04  6.840662e-08
1.036233e+04  6.746839e-08
1.039816e+04  6.653823e-08
1.043411e+04  6.563147e-08
1.047018e+04  6.473813e-08
1.050638e+04  6.385245e-08
1.054271e+04  6.297439e-08
1.057916e+04  6.210556e-08
1.061573e+04  6.126272e-08
1.065243e+04  6.042711e-08
1.068926e+04  5.959868e-08
1.072622e+04  5.877737e-08
1.076330e+04  5.797121e-08
1.080052e+04  5.718248e-08
1.083786e+04  5.640052e-08
1.087533e+04  5.562527e-08
1.091293e+04  5.485670e-08
1.095066e+04  5.410878e-08
1.098852e+04  5.337111e-08
1.102651e+04  5.263978e-08
1.106463e+04  5.191473e-08
1.110288e+04  5.119815e-08
1.114127e+04  5.050189e-08
1.117979e+04  4.981160e-08
1.121844e+04  4.912724e-08
1.125723e+04  4.844876e-08
1.129615e+04  4.778378e-08
1.133520e+04  4.713251e-08
1.137439e+04  4.648684e-08
1.141372e+04  4.584671e-08
1.145318e+04  4.521209e-08
1.149277e+04  4.459524e-08
1.153251e+04  4.398603e-08
1.157238e+04  4.338206e-08
1.161239e+04  4.278328e-08
1.165254e+04  4.219225e-08
1.169282e+04  4.161736e-08
1.173325e+04  4.104741e-08
1.177382e+04  4.048236e-08
1.181452e+04  3.992217e-08
1.185537e+04  3.937381e-08
1.189636e+04  3.883608e-08
1.193749e+04  3.830297e-08
1.197876e+04  3.777444e-08
1.202017e+04  3.725046e-08
1.206173e+04  3.674191e-08
1.210343e+04  3.623903e-08
1.214528e+04  3.574048e-08
1.218727e+04  3.524621e-08
1.222940e+04  3.475897e-08
1.227168e+04  3.428454e-08
1.231411e+04  3.381419e-08
1.235668e+04  3.334787e-08
1.239940e+04  3.288557e-08
1.244227e+04  3.243358e-08
1.248529e+04  3.198977e-08
1.252846e+04  3.154977e-08
1.257177e+04  3.111356e-08
1.261524e+04  3.068117e-08
1.265885e+04  3.026194e-08
1.270262e+04  2.984692e-08
1.274653e+04  2.943546e-08
1.279060e+04  2.902755e-08
1.283482e+04  2.862597e-08
1.287920e+04  2.823447e-08
1.292373e+04  2.784633e-08
1.296841e+04  2.746153e-08
1.301324e+04  2.708004e-08
1.305823e+04  2.670762e-08
1.310338e+04  2.634153e-08
1.314868e+04  2.597859e-08
1.319414e+04  2.561877e-08
1.323976e+04  2.526219e-08
1.328553e+04  2.491662e-08
1.333147e+04  2.457418e-08
1.337756e+04  2.423468e-08
1.342381e+04  2.389810e-08
1.347022e+04  2.356719e-08
1.351679e+04  2.324427e-08
1.356352e+04  2.292413e-08
1.361041e+04  2.260674e-08
1.365747e+04  2.229208e-08
1.370469e+04  2.198526e-08
1.375207e+04  2.168327e-08
1.379962e+04  2.138387e-08
1.384732e+04  2.108705e-08
1.389520e+04  2.079314e-08
1.394324e+04  2.050828e-08
1.399145e+04  2.022587e-08
1.403982e+04  1.994589e-08
1.408836e+04  1.966831e-08
1.413707e+04  1.939579e-08
1.418594e+04  1.912952e-08
1.423499e+04  1.886554e-08
1.428420e+04  1.860383e-08
1.433359e+04  1.834437e-08
1.438315e+04  1.809167e-08
1.443287e+04  1.784261e-08
1.448277e+04  1.759569e-08
1.453284e+04  1.735089e-08
1.458309e+04  1.710882e-08
1.463351e+04  1.687400e-08
1.468410e+04  1.664119e-08
1.473487e+04  1.641039e-08
1.478581e+04  1.618158e-08
1.483693e+04  1.595718e-08
1.488823e+04  1.573761e-08
1.493970e+04  1.551993e-08
1.499135e+04  1.530413e-08
1.504318e+04  1.509018e-08
1.509519e+04  1.488217e-08
1.514738e+04  1.467691e-08
1.519975e+04  1.447341e-08
1.525230e+04  1.427167e-08
1.530503e+04  1.407242e-08
1.535795e+04  1.387889e-08
1.541104e+04  1.368701e-08
1.546432e+04  1.349679e-08
1.551779e+04  1.330821e-08
1.557144e+04  1.312350e-08
1.562527e+04  1.294254e-08
1.567930e+04  1.276314e-08
1.573350e+04  1.258528e-08
1.578790e+04  1.240896e-08
1.584248e+04  1.223775e-08
1.589726e+04  1.206860e-08
1.595222e+04  1.190091e-08
1.600737e+04  1.173466e-08
1.606271e+04  1.157068e-08
1.611825e+04  1.141118e-08
1.617397e+04  1.125306e-08
1.622989e+04  1.109631e-08
1.628600e+04  1.094090e-08
1.634231e+04  1.078890e-08
1.639881e+04  1.063981e-08
1.645551e+04  1.049201e-08
1.651240e+04  1.034547e-08
1.656949e+04  1.020021e-08
1.662677e+04  1.005935e-08
1.668426e+04  9.920008e-09
1.674194e+04  9.781864e-09
1.679982e+04  9.644911e-09
1.685791e+04  9.510005e-09
1.691619e+04  9.378645e-09
1.697467e+04  9.248415e-09
1.703336e+04  9.119307e-09
1.709225e+04  8.991313e-09
1.715134e+04  8.866287e-09
1.721064e+04  8.743492e-09
1.727015e+04  8.621755e-09
1.732985e+04  8.501068e-09
1.738977e+04  8.381453e-09
1.744989e+04  8.265576e-09
1.751022e+04  8.150819e-09
1.757076e+04  8.037051e-09
1.763151e+04  7.924265e-09
1.769246e+04  7.813308e-09
1.775363e+04  7.705131e-09
1.781501e+04  7.597886e-09
1.787661e+04  7.491565e-09
1.793841e+04  7.386162e-09
1.800043e+04  7.283353e-09
1.806266e+04  7.182256e-09
1.812511e+04  7.082031e-09
1.818778e+04  6.982670e-09
1.825066e+04  6.884215e-09
1.831376e+04  6.788922e-09
1.837707e+04  6.694449e-09
1.844061e+04  6.600790e-09
1.850436e+04  6.507940e-09
1.856834e+04  6.416711e-09
1.863254e+04  6.327650e-09
1.869695e+04  6.239356e-09
1.876160e+04  6.151824e-09
1.882646e+04  6.065047e-09
1.889155e+04  5.980529e-09
1.895686e+04  5.897314e-09
1.902240e+04  5.814816e-09
1.908817e+04  5.733030e-09
1.915417e+04  5.652097e-09
1.922039e+04  5.573673e-09
1.928684e+04  5.495924e-09
1.935352e+04  5.418846e-09
1.942043e+04  5.342434e-09
1.948757e+04  5.267458e-09
1.955495e+04  5.194173e-09
1.962256e+04  5.121519e-09
1.969040e+04  5.049492e-09
1.975847e+04  4.978088e-09
1.982679e+04  4.908647e-09
1.989533e+04  4.840187e-09
1.996412e+04  4.772317e-09
2.003314e+04  4.705032e-09
2.010240e+04  4.638534e-09
2.017190e+04  4.574028e-09
2.024164e+04  4.510079e-09
2.031162e+04  4.446682e-09
2.038185e+04  4.383832e-09
2.045232e+04  4.322264e-09
2.052303e+04  4.262029e-09
2.059398e+04  4.202313e-09
2.066518e+04  4.143113e-09
2.073663e+04  4.084425e-09
2.080832e+04  4.027437e-09
2.088026e+04  3.971186e-09
2.095245e+04  3.915420e-09
2.102489e+04  3.860136e-09
2.109758e+04  3.805574e-09
2.117052e+04  3.752587e-09
2.124371e+04  3.700057e-09
2.131716e+04  3.647980e-09
2.139086e+04  3.596353e-09
2.146482e+04  3.545851e-09
2.153903e+04  3.496378e-09
2.161350e+04  3.447331e-09
2.168822e+04  3.398708e-09
2.176320e+04  3.350506e-09
2.183845e+04  3.303765e-09
2.191395e+04  3.257565e-09
2.198971e+04  3.211765e-09
2.206574e+04  3.166359e-09
2.214203e+04  3.121606e-09
2.221858e+04  3.078088e-09
2.229540e+04  3.034944e-09
2.237248e+04  2.992173e-09
2.244983e+04  2.949772e-09
2.252744e+04  2.908350e-09
2.260533e+04  2.867719e-09
2.268348e+04  2.827438e-09
2.276191e+04  2.787506e-09
2.284060e+04  2.747923e-09
2.291957e+04  2.709582e-09
2.299881e+04  2.671640e-09
2.307832e+04  2.634024e-09
2.315811e+04  2.596734e-09
2.323818e+04  2.560030e-09
2.331852e+04  2.524297e-09
2.339914e+04  2.488871e-09
2.348004e+04  2.453752e-09
2.356122e+04  2.418936e-09
2.364267e+04  2.384970e-09
2.372442e+04  2.351605e-09
2.380644e+04  2.318528e-09
2.388874e+04  2.285738e-09
2.397134e+04  2.253241e-09
2.405421e+04  2.221800e-09
2.413738e+04  2.190649e-09
2.422083e+04  2.159767e-09
2.430457e+04  2.129151e-09
2.438859e+04  2.099057e-09
2.447291e+04  2.069717e-09
2.455753e+04  2.040630e-09
2.464243e+04  2.011794e-09
2.472763e+04  1.983208e-09
2.481312e+04  1.955358e-09
2.489890e+04  1.927966e-09
2.498499e+04  1.900810e-09
2.507137e+04  1.873889e-09
2.515805e+04  1.847229e-09
2.524503e+04  1.821432e-09
2.533231e+04  1.795858e-09
2.541989e+04  1.770506e-09
2.550778e+04  1.745372e-09
2.559596e+04  1.720699e-09
2.568446e+04  1.696612e-09
2.577326e+04  1.672734e-09
2.586236e+04  1.649062e-09
2.595178e+04  1.625594e-09
2.604150e+04  1.602765e-09
2.613154e+04  1.580280e-09
2.622188e+04  1.557990e-09
2.631254e+04  1.535892e-09
2.640351e+04  1.514038e-09
2.649480e+04  1.492863e-09
2.658640e+04  1.471871e-09
2.667831e+04  1.451060e-09
2.677055e+04  1.430429e-09
2.686310e+04  1.410207e-09
2.695598e+04  1.390441e-09
2.704917e+04  1.370846e-09
2.714269e+04  1.351420e-09
2.723653e+04  1.332163e-09
2.733070e+04  1.313451e-09
2.742519e+04  1.294997e-09
2.752001e+04  1.276701e-09
2.761515e+04  1.258564e-09
2.771063e+04  1.240651e-09
2.780643e+04  1.223275e-09
2.790257e+04  1.206048e-09
2.799904e+04  1.188970e-09
2.809584e+04  1.172039e-09
2.819298e+04  1.155467e-09
2.829045e+04  1.139247e-09
2.838826e+04  1.123168e-09
2.848640e+04  1.107227e-09
2.858489e+04  1.091425e-09
2.868372e+04  1.076092e-09
2.878289e+04  1.060949e-09
2.888240e+04  1.045938e-09
2.898226e+04  1.031056e-09
2.908246e+04  1.016377e-09
2.918300e+04  1.002119e-09
2.928390e+04  9.879839e-10
2.938514e+04  9.739709e-10
2.948674e+04  9.600791e-10
2.958868e+04  9.464982e-10
2.969098e+04  9.331873e-10
2.979363e+04  9.199914e-10
2.989664e+04  9.069096e-10
3.000000e+04  8.939410e-10
-1  -1
