  -1
3.025550e+01  6.601724e-01
3.074490e+01  6.436673e-01
3.124210e+01  6.245464e-01
3.174750e+01  6.041232e-01
3.226090e+01  5.813791e-01
3.278270e+01  5.595678e-01
3.331300e+01  5.375548e-01
3.385180e+01  5.154372e-01
3.439930e+01  4.917318e-01
3.495570e+01  4.666328e-01
3.552110e+01  4.426664e-01
3.609560e+01  4.194820e-01
3.667940e+01  3.973944e-01
3.727270e+01  3.786483e-01
3.787550e+01  3.609970e-01
3.848820e+01  3.442367e-01
3.911070e+01  3.271432e-01
3.974320e+01  3.103915e-01
4.038610e+01  2.942212e-01
4.103930e+01  2.789112e-01
4.170310e+01  2.644422e-01
4.237760e+01  2.505837e-01
4.306300e+01  2.372283e-01
4.375950e+01  2.257849e-01
4.446730e+01  2.162720e-01
4.518650e+01  2.072851e-01
4.591740e+01  1.990876e-01
4.666000e+01  1.917558e-01
4.741470e+01  1.848021e-01
4.818160e+01  1.781673e-01
4.896090e+01  1.718231e-01
4.975280e+01  1.657472e-01
5.055760e+01  1.599213e-01
5.137530e+01  1.543316e-01
5.220620e+01  1.489644e-01
5.305060e+01  1.438079e-01
5.390870e+01  1.388511e-01
5.478060e+01  1.340862e-01
5.566670e+01  1.295031e-01
5.656700e+01  1.250953e-01
5.748200e+01  1.208545e-01
5.841170e+01  1.167755e-01
5.935640e+01  1.128528e-01
6.031650e+01  1.090818e-01
6.129210e+01  1.054642e-01
6.228340e+01  1.020173e-01
6.329080e+01  9.779418e-02
6.431450e+01  9.370392e-02
6.535470e+01  8.976530e-02
6.641180e+01  8.598434e-02
6.748590e+01  8.235899e-02
6.857750e+01  7.888468e-02
6.968670e+01  7.555672e-02
7.081380e+01  7.236991e-02
7.195910e+01  6.931879e-02
7.312300e+01  6.639767e-02
7.430570e+01  6.360139e-02
7.550760e+01  6.092445e-02
7.672890e+01  5.836169e-02
7.796990e+01  5.590656e-02
7.923100e+01  5.365050e-02
8.051250e+01  5.149398e-02
8.181470e+01  4.942831e-02
8.313800e+01  4.744887e-02
8.448270e+01  4.555176e-02
8.584910e+01  4.373410e-02
8.723770e+01  4.199411e-02
8.864870e+01  4.019342e-02
9.008250e+01  3.846345e-02
9.153950e+01  3.680795e-02
9.302010e+01  3.522437e-02
9.452460e+01  3.371018e-02
9.605350e+01  3.226309e-02
9.760710e+01  3.083745e-02
9.918580e+01  2.921147e-02
1.007900e+02  2.766660e-02
1.024200e+02  2.620126e-02
1.040770e+02  2.481306e-02
1.057600e+02  2.350285e-02
1.074710e+02  2.165178e-02
1.092090e+02  1.923639e-02
1.109750e+02  1.707398e-02
1.127700e+02  1.533542e-02
1.145940e+02  1.394235e-02
1.164480e+02  1.270177e-02
1.183310e+02  1.160586e-02
1.202450e+02  1.059043e-02
1.221900e+02  9.949243e-03
1.241660e+02  9.457441e-03
1.261750e+02  1.429781e-02
1.282150e+02  2.375168e-02
1.302890e+02  3.968461e-02
1.323970e+02  8.649364e-02
1.345380e+02  1.333421e-01
1.367140e+02  1.108376e-01
1.389250e+02  8.638266e-02
1.411720e+02  8.500860e-02
1.434560e+02  8.287091e-02
1.457760e+02  7.218858e-02
1.481340e+02  6.607751e-02
1.505300e+02  6.075414e-02
1.529640e+02  5.582678e-02
1.554390e+02  5.126527e-02
1.579530e+02  4.705106e-02
1.605070e+02  4.316317e-02
1.631030e+02  3.957885e-02
1.657420e+02  3.642499e-02
1.684220e+02  3.384300e-02
1.711460e+02  3.144779e-02
1.739150e+02  2.922041e-02
1.767270e+02  2.715008e-02
1.795860e+02  2.522436e-02
1.824910e+02  2.343266e-02
1.854420e+02  2.189890e-02
1.884420e+02  2.054936e-02
1.914890e+02  1.928486e-02
1.945870e+02  1.809853e-02
1.977340e+02  1.698569e-02
2.009320e+02  1.594158e-02
2.041820e+02  1.496145e-02
2.074850e+02  1.409925e-02
2.108400e+02  1.338329e-02
2.142510e+02  1.270505e-02
2.177160e+02  1.206185e-02
2.212370e+02  1.145162e-02
2.248160e+02  1.087229e-02
2.284520e+02  1.037252e-02
2.321470e+02  9.986443e-03
2.359020e+02  9.615881e-03
2.397170e+02  9.259715e-03
2.435950e+02  8.917043e-03
2.475350e+02  8.587488e-03
2.515380e+02  8.270484e-03
2.556070e+02  7.965370e-03
2.597410e+02  7.671715e-03
2.639420e+02  7.393548e-03
2.682110e+02  7.147353e-03
2.725490e+02  6.909555e-03
2.769570e+02  6.679924e-03
2.814370e+02  6.457991e-03
2.859890e+02  6.243633e-03
2.906150e+02  6.036477e-03
2.953150e+02  5.836299e-03
3.000920e+02  5.642706e-03
3.049450e+02  5.492076e-03
3.098780e+02  5.357149e-03
3.148900e+02  5.225759e-03
3.199830e+02  5.097716e-03
3.251580e+02  4.972964e-03
3.304180e+02  4.851355e-03
3.357620e+02  4.732833e-03
3.411920e+02  4.617307e-03
3.467110e+02  4.494448e-03
3.523190e+02  4.370794e-03
3.580170e+02  4.252781e-03
3.638080e+02  4.138016e-03
3.696920e+02  4.026429e-03
3.756720e+02  3.910206e-03
3.817480e+02  3.791595e-03
3.879220e+02  3.676608e-03
3.941970e+02  3.565178e-03
4.005730e+02  3.429654e-03
4.070520e+02  3.297939e-03
4.136350e+02  3.171263e-03
4.203260e+02  3.049434e-03
4.271240e+02  2.932334e-03
4.340320e+02  2.819720e-03
4.410520e+02  2.711440e-03
4.481860e+02  2.607326e-03
4.554350e+02  2.508419e-03
4.628020e+02  2.414857e-03
4.702870e+02  2.324793e-03
4.778940e+02  2.238112e-03
4.856230e+02  2.154685e-03
4.934780e+02  2.074372e-03
5.014590e+02  1.997075e-03
5.095700e+02  1.922648e-03
5.178120e+02  1.851024e-03
5.261870e+02  1.782067e-03
5.346980e+02  1.715690e-03
5.433460e+02  1.650202e-03
5.521340e+02  1.586312e-03
5.610650e+02  1.523861e-03
5.701390e+02  1.463417e-03
5.793610e+02  1.405546e-03
5.887320e+02  1.350014e-03
5.982540e+02  1.296739e-03
6.079300e+02  1.245569e-03
6.177630e+02  1.196421e-03
6.277550e+02  1.149154e-03
6.379080e+02  1.102991e-03
6.482260e+02  1.057608e-03
6.587110e+02  1.013420e-03
6.693650e+02  9.710853e-04
6.801910e+02  9.319340e-04
6.911930e+02  8.954080e-04
7.023720e+02  8.604799e-04
7.137330e+02  8.255413e-04
7.252770e+02  7.911115e-04
7.370080e+02  7.581081e-04
7.489280e+02  7.264878e-04
7.610420e+02  6.961759e-04
7.733510e+02  6.670069e-04
7.858590e+02  6.386302e-04
7.985700e+02  6.111181e-04
8.114860e+02  5.848087e-04
8.246110e+02  5.596231e-04
8.379490e+02  5.355144e-04
8.515020e+02  5.123284e-04
8.652740e+02  4.900076e-04
8.792690e+02  4.685394e-04
8.934910e+02  4.480101e-04
9.079430e+02  4.283815e-04
9.226280e+02  4.096154e-04
9.375510e+02  3.914049e-04
9.527150e+02  3.739307e-04
9.681240e+02  3.571737e-04
9.837830e+02  3.411770e-04
9.996950e+02  3.258717e-04
1.015860e+03  3.112280e-04
1.032290e+03  2.970545e-04
1.048990e+03  2.834654e-04
1.065960e+03  2.704218e-04
1.083200e+03  2.575830e-04
1.083300e+03  2.574398e-04
1.083500e+03  1.117689e-03
1.100720e+03  1.084696e-03
1.118520e+03  1.050151e-03
1.136610e+03  1.016569e-03
1.155000e+03  9.839997e-04
1.173680e+03  9.524617e-04
1.192660e+03  9.219120e-04
1.211950e+03  8.923292e-04
1.231550e+03  8.636933e-04
1.251470e+03  8.359823e-04
1.271720e+03  8.091538e-04
1.292290e+03  7.832047e-04
1.313190e+03  7.580932e-04
1.334430e+03  7.337826e-04
1.356010e+03  7.102493e-04
1.377940e+03  6.874685e-04
1.400230e+03  6.654145e-04
1.422880e+03  6.440660e-04
1.445890e+03  6.234158e-04
1.469280e+03  6.022047e-04
1.493040e+03  5.799286e-04
1.517190e+03  5.512561e-04
1.541730e+03  5.315284e-04
1.566670e+03  5.278164e-04
1.592010e+03  5.033934e-04
1.617760e+03  4.771411e-04
1.643920e+03  4.522587e-04
1.670510e+03  4.286699e-04
1.697530e+03  4.104707e-04
1.724990e+03  4.005264e-04
1.752890e+03  3.817776e-04
1.781240e+03  3.620078e-04
1.810050e+03  3.432242e-04
1.839320e+03  3.254141e-04
1.869070e+03  3.085236e-04
1.899300e+03  2.925095e-04
1.930020e+03  2.773296e-04
1.961240e+03  2.629361e-04
1.992960e+03  2.492897e-04
2.025200e+03  2.364757e-04
2.057950e+03  2.240760e-04
2.091240e+03  2.123035e-04
2.125060e+03  2.011329e-04
2.159430e+03  1.905272e-04
2.194360e+03  1.804687e-04
2.229850e+03  1.709209e-04
2.265920e+03  1.618683e-04
2.302570e+03  1.532851e-04
2.339810e+03  1.451446e-04
2.377660e+03  1.374228e-04
2.416110e+03  1.301044e-04
2.455190e+03  1.231678e-04
2.494900e+03  1.165926e-04
2.535260e+03  1.103617e-04
2.576260e+03  1.044587e-04
2.617930e+03  9.886407e-05
2.660270e+03  9.356543e-05
2.703300e+03  8.854297e-05
2.747030e+03  8.378887e-05
2.791460e+03  7.928299e-05
2.836610e+03  7.501893e-05
2.882490e+03  7.097721e-05
2.929110e+03  6.715485e-05
2.976480e+03  6.353290e-05
3.024630e+03  6.010311e-05
3.073550e+03  5.685425e-05
3.123260e+03  5.378056e-05
3.173780e+03  5.087260e-05
3.225110e+03  4.811850e-05
3.277270e+03  4.551241e-05
3.330280e+03  4.304528e-05
3.384150e+03  4.071031e-05
3.438880e+03  3.850092e-05
3.494500e+03  3.641046e-05
3.551020e+03  3.443210e-05
3.608460e+03  3.255984e-05
3.666820e+03  3.078883e-05
3.726130e+03  2.911316e-05
3.786400e+03  2.752758e-05
3.847640e+03  2.602778e-05
3.909870e+03  2.460893e-05
3.973110e+03  2.326667e-05
4.037380e+03  2.199699e-05
4.102680e+03  2.079612e-05
4.169030e+03  1.965988e-05
4.236460e+03  1.858552e-05
4.304980e+03  1.756903e-05
4.374620e+03  1.660776e-05
4.445370e+03  1.569865e-05
4.517270e+03  1.483878e-05
4.590330e+03  1.402580e-05
4.664580e+03  1.325659e-05
4.740030e+03  1.252933e-05
4.816690e+03  1.184164e-05
4.894600e+03  1.119118e-05
4.973770e+03  1.057636e-05
5.054210e+03  9.994901e-06
5.135960e+03  9.444926e-06
5.219030e+03  8.924991e-06
5.303440e+03  8.433437e-06
5.389220e+03  7.968693e-06
5.476390e+03  7.529125e-06
5.564970e+03  7.113695e-06
5.654980e+03  6.720769e-06
5.746440e+03  6.349531e-06
5.839390e+03  5.998294e-06
5.933830e+03  5.666380e-06
6.029810e+03  5.352579e-06
6.127330e+03  5.055690e-06
6.226440e+03  4.775227e-06
6.327150e+03  4.510118e-06
6.429480e+03  4.259546e-06
6.533480e+03  4.022588e-06
6.639150e+03  3.798762e-06
6.716100e+03  3.645665e-06
6.716300e+03  1.057645e-05
6.746540e+03  1.039207e-05
6.855650e+03  9.758642e-06
6.966540e+03  9.163596e-06
7.079220e+03  8.604856e-06
7.193720e+03  8.080134e-06
7.310070e+03  7.587313e-06
7.311700e+03  7.580669e-06
7.311900e+03  1.050576e-05
7.428310e+03  9.880950e-06
7.548450e+03  9.284214e-06
7.670540e+03  8.723409e-06
7.736700e+03  8.437225e-06
7.736900e+03  9.659004e-06
7.794610e+03  9.416527e-06
7.920680e+03  8.913404e-06
8.048790e+03  8.435226e-06
8.178980e+03  7.981324e-06
8.311260e+03  7.550413e-06
8.445690e+03  7.141419e-06
8.582290e+03  6.753158e-06
8.721110e+03  6.384958e-06
8.862160e+03  6.035998e-06
9.005500e+03  5.705055e-06
9.151160e+03  5.391325e-06
9.299170e+03  5.094128e-06
9.449580e+03  4.812692e-06
9.602420e+03  4.546116e-06
9.757730e+03  4.293634e-06
9.915550e+03  4.054763e-06
1.007590e+04  3.828613e-06
1.023890e+04  3.614580e-06
1.040450e+04  3.412125e-06
1.057280e+04  3.220607e-06
1.074380e+04  3.039509e-06
1.091760e+04  2.868257e-06
1.109420e+04  2.706369e-06
1.127360e+04  2.553378e-06
1.145590e+04  2.408793e-06
1.164120e+04  2.272152e-06
1.182950e+04  2.143059e-06
1.202080e+04  2.021128e-06
1.221530e+04  1.905936e-06
1.241280e+04  1.797195e-06
1.261360e+04  1.694488e-06
1.281760e+04  1.597535e-06
1.302500e+04  1.505986e-06
1.323560e+04  1.419612e-06
1.344970e+04  1.338074e-06
1.366720e+04  1.261142e-06
1.388830e+04  1.188538e-06
1.411290e+04  1.120051e-06
1.434120e+04  1.055433e-06
1.457310e+04  9.944945e-07
1.480890e+04  9.369993e-07
1.504840e+04  8.827906e-07
1.529180e+04  8.316686e-07
1.553910e+04  7.834681e-07
1.579040e+04  7.380237e-07
1.604580e+04  6.951779e-07
1.630540e+04  6.547809e-07
1.656910e+04  6.167113e-07
1.683710e+04  5.808257e-07
1.710940e+04  5.470082e-07
1.738610e+04  5.151390e-07
1.766740e+04  4.850988e-07
1.795310e+04  4.568019e-07
1.824350e+04  4.301364e-07
1.853860e+04  4.050138e-07
1.883840e+04  3.813480e-07
1.914310e+04  3.590520e-07
1.945270e+04  3.380506e-07
1.976740e+04  3.182653e-07
2.008710e+04  2.996331e-07
2.041200e+04  2.820827e-07
2.074210e+04  2.655558e-07
2.107760e+04  2.499900e-07
2.141850e+04  2.353331e-07
2.176500e+04  2.215280e-07
2.211700e+04  2.085320e-07
2.247470e+04  1.962945e-07
2.283820e+04  1.847721e-07
2.320760e+04  1.739233e-07
2.358300e+04  1.637087e-07
2.396440e+04  1.540933e-07
2.435200e+04  1.450407e-07
2.474590e+04  1.365183e-07
2.514620e+04  1.284958e-07
2.555290e+04  1.209443e-07
2.596620e+04  1.138357e-07
2.638610e+04  1.071457e-07
2.681290e+04  1.008475e-07
2.724660e+04  9.491922e-08
2.768730e+04  8.933965e-08
2.813510e+04  8.408882e-08
2.859020e+04  7.914575e-08
2.905260e+04  7.449433e-08
2.952250e+04  7.011626e-08
3.000000e+04  6.599625e-08
-1  -1
