  -1
3.025550e+01  2.414819e-01
3.074490e+01  2.288894e-01
3.124210e+01  2.158139e-01
3.174750e+01  2.039551e-01
3.226090e+01  1.961423e-01
3.278270e+01  1.886793e-01
3.331300e+01  1.811860e-01
3.385180e+01  1.762015e-01
3.439930e+01  1.743798e-01
3.495570e+01  1.728737e-01
3.552110e+01  1.714716e-01
3.609560e+01  1.705596e-01
3.667940e+01  1.709818e-01
3.727270e+01  1.715977e-01
3.787550e+01  1.723216e-01
3.848820e+01  1.730706e-01
3.911070e+01  1.737756e-01
3.974320e+01  1.761262e-01
4.038610e+01  1.787707e-01
4.103930e+01  1.816175e-01
4.170310e+01  1.846401e-01
4.237760e+01  1.878301e-01
4.306300e+01  1.911840e-01
4.375950e+01  1.946966e-01
4.446730e+01  1.984360e-01
4.518650e+01  2.025206e-01
4.591740e+01  2.068416e-01
4.666000e+01  2.114109e-01
4.741470e+01  2.162579e-01
4.818160e+01  2.214588e-01
4.896090e+01  2.271896e-01
4.975280e+01  2.316050e-01
5.055760e+01  2.359412e-01
5.137530e+01  2.404231e-01
5.220620e+01  2.451314e-01
5.305060e+01  2.502046e-01
5.390870e+01  2.554710e-01
5.478060e+01  2.591517e-01
5.566670e+01  2.627610e-01
5.656700e+01  2.665292e-01
5.748200e+01  2.706296e-01
5.841170e+01  2.755655e-01
5.935640e+01  2.764261e-01
6.031650e+01  2.760194e-01
6.129210e+01  2.751337e-01
6.228340e+01  2.740243e-01
6.329080e+01  2.727711e-01
6.431450e+01  2.714563e-01
6.535470e+01  2.695150e-01
6.641180e+01  2.674181e-01
6.748590e+01  2.652327e-01
6.857750e+01  2.630054e-01
6.968670e+01  2.607820e-01
7.081380e+01  2.586661e-01
7.195910e+01  2.556137e-01
7.312300e+01  2.524025e-01
7.430570e+01  2.491809e-01
7.550760e+01  2.461190e-01
7.672890e+01  2.416268e-01
7.796990e+01  2.369549e-01
7.923100e+01  2.322888e-01
8.051250e+01  2.278517e-01
8.181470e+01  2.212560e-01
8.313800e+01  2.144543e-01
8.448270e+01  2.076450e-01
8.584910e+01  2.009307e-01
8.723770e+01  1.943546e-01
8.864870e+01  1.879759e-01
9.008250e+01  1.813810e-01
9.153950e+01  1.736597e-01
9.302010e+01  1.660743e-01
9.452460e+01  1.587316e-01
9.605350e+01  1.516585e-01
9.760710e+01  1.448739e-01
9.918580e+01  1.383967e-01
1.007900e+02  1.322717e-01
1.024200e+02  1.266961e-01
1.040770e+02  1.167380e-01
1.057600e+02  1.062890e-01
1.074710e+02  9.658055e-02
1.092090e+02  8.765860e-02
1.109750e+02  7.950166e-02
1.127700e+02  7.206828e-02
1.145940e+02  6.531058e-02
1.164480e+02  5.917908e-02
1.183310e+02  5.363052e-02
1.202450e+02  4.807059e-02
1.221900e+02  4.264554e-02
1.241660e+02  3.781636e-02
1.261750e+02  3.353031e-02
1.282150e+02  2.973131e-02
1.302890e+02  2.636448e-02
1.323970e+02  2.338173e-02
1.345380e+02  2.074004e-02
1.367140e+02  1.840012e-02
1.389250e+02  1.632765e-02
1.411720e+02  1.449228e-02
1.434560e+02  1.286870e-02
1.457760e+02  1.084700e-02
1.481340e+02  9.056519e-03
1.505300e+02  7.560557e-03
1.529640e+02  6.311340e-03
1.554390e+02  5.595543e-03
1.579530e+02  4.994344e-03
1.605070e+02  4.562641e-03
1.631030e+02  4.226543e-03
1.657420e+02  4.127220e-03
1.684220e+02  4.048708e-03
1.711460e+02  4.037836e-03
1.739150e+02  4.041962e-03
1.767270e+02  4.046800e-03
1.795860e+02  4.114206e-03
1.824910e+02  4.228499e-03
1.854420e+02  4.346844e-03
1.884420e+02  4.437701e-03
1.914890e+02  4.470092e-03
1.945870e+02  4.502919e-03
1.977340e+02  4.536444e-03
2.009320e+02  4.570612e-03
2.041820e+02  4.605396e-03
2.074850e+02  4.640810e-03
2.108400e+02  4.677039e-03
2.142510e+02  4.665065e-03
2.177160e+02  4.649334e-03
2.212370e+02  4.633844e-03
2.248160e+02  4.618586e-03
2.284520e+02  4.603636e-03
2.321470e+02  4.588951e-03
2.359020e+02  4.574547e-03
2.397170e+02  4.560495e-03
2.435950e+02  4.509298e-03
2.475350e+02  4.430244e-03
2.515380e+02  4.352613e-03
2.556070e+02  4.276383e-03
2.597410e+02  4.201607e-03
2.639420e+02  4.128232e-03
2.682110e+02  4.056239e-03
2.725490e+02  3.985623e-03
2.769570e+02  3.904125e-03
2.814370e+02  3.816374e-03
2.859890e+02  3.730653e-03
2.906150e+02  3.646911e-03
2.953150e+02  3.565151e-03
3.000920e+02  3.476031e-03
3.049450e+02  3.364570e-03
3.098780e+02  3.256644e-03
3.148900e+02  3.152208e-03
3.199830e+02  3.051154e-03
3.251580e+02  2.953379e-03
3.304180e+02  2.858759e-03
3.357620e+02  2.752027e-03
3.411920e+02  2.646382e-03
3.467110e+02  2.544770e-03
3.523190e+02  2.447073e-03
3.580170e+02  2.353153e-03
3.638080e+02  2.262837e-03
3.696920e+02  2.176012e-03
3.756720e+02  2.089183e-03
3.817480e+02  2.001541e-03
3.879220e+02  1.917574e-03
3.941970e+02  1.837126e-03
4.005730e+02  1.760054e-03
4.070520e+02  1.686212e-03
4.136350e+02  1.620833e-03
4.203260e+02  1.562218e-03
4.271240e+02  1.505730e-03
4.340320e+02  1.451275e-03
4.410520e+02  1.398770e-03
4.481860e+02  1.361518e-03
4.554350e+02  1.328607e-03
4.628020e+02  1.308023e-03
4.702870e+02  1.310407e-03
4.778940e+02  1.312750e-03
4.848000e+02  1.314852e-03
4.850000e+02  1.224171e-03
4.856230e+02  1.246370e-03
4.934780e+02  1.562138e-03
5.014590e+02  1.958384e-03
5.095700e+02  2.455451e-03
5.178120e+02  3.079303e-03
5.261870e+02  3.792713e-03
5.346980e+02  3.980229e-03
5.433460e+02  4.139138e-03
5.521340e+02  4.139358e-03
5.610650e+02  4.139150e-03
5.701390e+02  4.100552e-03
5.793610e+02  3.990247e-03
5.887320e+02  3.882629e-03
5.982540e+02  3.777842e-03
6.079300e+02  3.658788e-03
6.177630e+02  3.514455e-03
6.277550e+02  3.375675e-03
6.379080e+02  3.242286e-03
6.482260e+02  3.117675e-03
6.587110e+02  3.003757e-03
6.693650e+02  2.893977e-03
6.801910e+02  2.788184e-03
6.911930e+02  2.672877e-03
7.023720e+02  2.541980e-03
7.137330e+02  2.534628e-03
7.252770e+02  2.584848e-03
7.370080e+02  2.636313e-03
7.489280e+02  2.629454e-03
7.610420e+02  2.550134e-03
7.733510e+02  2.473099e-03
7.858590e+02  2.379367e-03
7.985700e+02  2.284204e-03
8.114860e+02  2.192822e-03
8.246110e+02  2.105079e-03
8.379490e+02  2.015940e-03
8.515020e+02  1.927647e-03
8.652740e+02  1.843202e-03
8.792690e+02  1.762451e-03
8.934910e+02  1.685226e-03
9.079430e+02  1.617668e-03
9.226280e+02  1.553653e-03
9.375510e+02  1.492166e-03
9.527150e+02  1.433127e-03
9.681240e+02  1.376452e-03
9.837830e+02  1.289997e-03
9.996950e+02  1.195266e-03
1.015860e+03  1.136490e-03
1.032290e+03  1.078320e-03
1.048990e+03  1.022889e-03
1.065960e+03  9.700951e-04
1.083200e+03  9.200281e-04
1.100720e+03  8.725417e-04
1.118520e+03  8.275177e-04
1.136610e+03  7.848081e-04
1.155000e+03  7.442941e-04
1.173680e+03  7.058845e-04
1.192660e+03  6.694552e-04
1.211950e+03  6.349078e-04
1.231550e+03  6.021493e-04
1.251470e+03  5.710843e-04
1.271720e+03  5.416298e-04
1.292290e+03  5.137197e-04
1.313190e+03  4.872441e-04
1.334430e+03  4.621329e-04
1.356010e+03  4.383206e-04
1.377940e+03  4.157303e-04
1.400230e+03  3.943055e-04
1.422880e+03  3.739855e-04
1.445890e+03  3.547168e-04
1.469280e+03  3.364485e-04
1.493040e+03  3.191388e-04
1.517190e+03  3.027791e-04
1.541730e+03  2.872690e-04
1.566670e+03  2.725512e-04
1.592010e+03  2.585894e-04
1.617760e+03  2.453401e-04
1.643920e+03  2.327689e-04
1.670510e+03  2.208484e-04
1.697530e+03  2.095363e-04
1.724990e+03  1.987992e-04
1.752890e+03  1.884993e-04
1.781240e+03  1.786944e-04
1.810050e+03  1.693724e-04
1.839320e+03  1.605396e-04
1.869070e+03  1.521668e-04
1.899300e+03  1.442271e-04
1.930020e+03  1.367031e-04
1.961240e+03  1.295725e-04
1.992960e+03  1.228151e-04
2.025200e+03  1.164637e-04
2.057950e+03  1.103392e-04
2.091240e+03  1.045155e-04
2.125060e+03  9.899246e-05
2.159430e+03  9.374718e-05
2.194360e+03  8.877234e-05
2.229850e+03  8.404952e-05
2.265920e+03  7.957354e-05
2.302570e+03  7.532316e-05
2.339810e+03  7.129039e-05
2.377660e+03  6.746710e-05
2.416110e+03  6.383967e-05
2.455190e+03  6.040055e-05
2.494900e+03  5.713720e-05
2.535260e+03  5.404318e-05
2.576260e+03  5.110979e-05
2.617930e+03  4.832862e-05
2.660270e+03  4.569214e-05
2.703300e+03  4.319235e-05
2.747030e+03  4.082311e-05
2.791460e+03  3.857784e-05
2.836610e+03  3.645021e-05
2.882490e+03  3.443367e-05
2.929110e+03  3.252301e-05
2.976480e+03  3.071301e-05
3.024630e+03  2.899802e-05
3.073550e+03  2.737390e-05
3.123260e+03  2.583529e-05
3.173780e+03  2.437811e-05
3.225110e+03  2.299855e-05
3.277270e+03  2.169220e-05
3.330280e+03  2.045496e-05
3.384150e+03  1.928396e-05
3.438880e+03  1.817564e-05
3.494500e+03  1.712694e-05
3.551020e+03  1.613427e-05
3.608460e+03  1.519459e-05
3.666820e+03  1.430625e-05
3.726130e+03  1.346581e-05
3.786400e+03  1.267053e-05
3.847640e+03  1.191832e-05
3.909870e+03  1.120711e-05
3.928700e+03  1.100188e-05
3.928900e+03  3.583327e-05
3.973110e+03  3.442481e-05
4.037380e+03  3.249774e-05
4.102680e+03  3.067864e-05
4.156000e+03  2.928766e-05
4.156200e+03  4.022706e-05
4.169030e+03  3.979048e-05
4.236460e+03  3.758928e-05
4.304980e+03  3.551171e-05
4.374620e+03  3.355089e-05
4.445370e+03  3.169444e-05
4.464600e+03  3.121256e-05
4.464800e+03  3.517102e-05
4.517270e+03  3.381896e-05
4.590330e+03  3.204638e-05
4.664580e+03  3.035941e-05
4.740030e+03  2.875363e-05
4.816690e+03  2.722683e-05
4.894600e+03  2.577515e-05
4.973770e+03  2.439525e-05
5.054210e+03  2.308450e-05
5.135960e+03  2.183989e-05
5.219030e+03  2.065840e-05
5.303440e+03  1.953723e-05
5.389220e+03  1.847312e-05
5.476390e+03  1.746404e-05
5.564970e+03  1.650760e-05
5.654980e+03  1.560065e-05
5.746440e+03  1.474125e-05
5.839390e+03  1.392696e-05
5.933830e+03  1.315584e-05
6.029810e+03  1.242558e-05
6.127330e+03  1.173422e-05
6.226440e+03  1.107969e-05
6.327150e+03  1.046039e-05
6.429480e+03  9.874583e-06
6.533480e+03  9.320235e-06
6.639150e+03  8.795925e-06
6.746540e+03  8.300331e-06
6.855650e+03  7.831747e-06
6.966540e+03  7.388726e-06
7.079220e+03  6.970079e-06
7.193720e+03  6.574454e-06
7.310070e+03  6.200822e-06
7.428310e+03  5.847676e-06
7.548450e+03  5.514261e-06
7.670540e+03  5.199305e-06
7.794610e+03  4.901901e-06
7.920680e+03  4.621235e-06
8.048790e+03  4.356107e-06
8.178980e+03  4.105966e-06
8.311260e+03  3.869961e-06
8.445690e+03  3.647132e-06
8.582290e+03  3.436992e-06
8.721110e+03  3.238671e-06
8.862160e+03  3.051583e-06
9.005500e+03  2.875182e-06
9.151160e+03  2.708686e-06
9.299170e+03  2.551752e-06
9.449580e+03  2.403790e-06
9.602420e+03  2.264233e-06
9.757730e+03  2.132662e-06
9.915550e+03  2.008772e-06
1.007590e+04  1.891883e-06
1.023890e+04  1.781689e-06
1.040450e+04  1.677848e-06
1.057280e+04  1.579980e-06
1.074380e+04  1.487765e-06
1.091760e+04  1.400867e-06
1.109420e+04  1.318991e-06
1.127360e+04  1.241867e-06
1.145590e+04  1.169214e-06
1.164120e+04  1.100762e-06
1.182950e+04  1.036282e-06
1.202080e+04  9.755553e-07
1.221530e+04  9.183481e-07
1.241280e+04  8.644892e-07
1.261360e+04  8.137544e-07
1.281760e+04  7.659841e-07
1.302500e+04  7.209900e-07
1.323560e+04  6.786391e-07
1.344970e+04  6.387576e-07
1.366720e+04  6.012113e-07
1.388830e+04  5.658564e-07
1.411290e+04  5.325774e-07
1.434120e+04  5.012438e-07
1.457310e+04  4.717544e-07
1.480890e+04  4.439868e-07
1.504840e+04  4.178548e-07
1.529180e+04  3.932571e-07
1.553910e+04  3.701072e-07
1.579040e+04  3.483184e-07
1.604580e+04  3.278092e-07
1.630540e+04  3.085031e-07
1.656910e+04  2.903389e-07
1.683710e+04  2.732423e-07
1.710940e+04  2.571536e-07
1.738610e+04  2.420150e-07
1.766740e+04  2.277645e-07
1.795310e+04  2.143573e-07
1.824350e+04  2.017400e-07
1.853860e+04  1.898679e-07
1.883840e+04  1.786973e-07
1.914310e+04  1.681856e-07
1.945270e+04  1.582938e-07
1.976740e+04  1.489859e-07
2.008710e+04  1.402285e-07
2.041200e+04  1.319881e-07
2.074210e+04  1.242348e-07
2.107760e+04  1.169390e-07
2.141850e+04  1.100752e-07
2.176500e+04  1.036155e-07
2.211700e+04  9.753860e-08
2.247470e+04  9.182074e-08
2.283820e+04  8.644044e-08
2.320760e+04  8.137793e-08
2.358300e+04  7.661426e-08
2.396440e+04  7.213246e-08
2.435200e+04  6.791516e-08
2.474590e+04  6.394674e-08
2.514620e+04  6.021254e-08
2.555290e+04  5.669916e-08
2.596620e+04  5.339304e-08
2.638610e+04  5.028226e-08
2.681290e+04  4.735471e-08
2.724660e+04  4.459974e-08
2.768730e+04  4.200735e-08
2.813510e+04  3.956776e-08
2.859020e+04  3.727180e-08
2.905260e+04  3.511117e-08
2.920000e+04  3.445597e-08
2.920020e+04  2.127999e-07
2.952250e+04  2.046192e-07
3.000000e+04  1.932236e-07
-1  -1
