  -1
3.025550e+01  5.954127e-01
3.074490e+01  5.923410e-01
3.124210e+01  5.764577e-01
3.174750e+01  5.555367e-01
3.226090e+01  5.317571e-01
3.278270e+01  5.063523e-01
3.331300e+01  4.801416e-01
3.385180e+01  4.538039e-01
3.439930e+01  4.279646e-01
3.495570e+01  4.031578e-01
3.552110e+01  3.722663e-01
3.609560e+01  3.416186e-01
3.667940e+01  3.123047e-01
3.727270e+01  2.847855e-01
3.787550e+01  2.592037e-01
3.848820e+01  2.355904e-01
3.911070e+01  2.139102e-01
3.974320e+01  1.940852e-01
4.038610e+01  1.760106e-01
4.103930e+01  1.595761e-01
4.170310e+01  1.446613e-01
4.237760e+01  1.311584e-01
4.306300e+01  1.189773e-01
4.375950e+01  1.067215e-01
4.446730e+01  9.517595e-02
4.518650e+01  8.484870e-02
4.591740e+01  7.563783e-02
4.666000e+01  6.743465e-02
4.741470e+01  6.013293e-02
4.818160e+01  5.363592e-02
4.896090e+01  4.785538e-02
4.975280e+01  4.271171e-02
5.055760e+01  3.813358e-02
5.137530e+01  3.405792e-02
5.220620e+01  3.045885e-02
5.305060e+01  2.726697e-02
5.390870e+01  2.441840e-02
5.478060e+01  2.187493e-02
5.566670e+01  1.960271e-02
5.656700e+01  1.757226e-02
5.748200e+01  1.575675e-02
5.841170e+01  1.413299e-02
5.935640e+01  1.267995e-02
6.031650e+01  1.139576e-02
6.129210e+01  1.024782e-02
6.228340e+01  9.217856e-03
6.329080e+01  8.293287e-03
6.431450e+01  7.462940e-03
6.535470e+01  6.716996e-03
6.641180e+01  6.046385e-03
6.748590e+01  5.597137e-03
6.857750e+01  5.206131e-03
6.968670e+01  4.843543e-03
7.081380e+01  4.506996e-03
7.195910e+01  4.213415e-03
7.312300e+01  3.978811e-03
7.430570e+01  3.811009e-03
7.550760e+01  3.650830e-03
7.672890e+01  3.550100e-03
7.796990e+01  3.455506e-03
7.923100e+01  3.363898e-03
8.051250e+01  3.275095e-03
8.181470e+01  3.201481e-03
8.313800e+01  3.130330e-03
8.448270e+01  3.061060e-03
8.584910e+01  2.993590e-03
8.723770e+01  2.931294e-03
8.864870e+01  2.881703e-03
9.008250e+01  2.833180e-03
9.153950e+01  2.785684e-03
9.302010e+01  2.739166e-03
9.452460e+01  2.693603e-03
9.605350e+01  2.648954e-03
9.760710e+01  2.599380e-03
9.918580e+01  2.549434e-03
1.007900e+02  2.500569e-03
1.024200e+02  2.452744e-03
1.040770e+02  2.405929e-03
1.057600e+02  2.360108e-03
1.074710e+02  2.315196e-03
1.092090e+02  2.273801e-03
1.109750e+02  2.234663e-03
1.127700e+02  2.196231e-03
1.145940e+02  2.158505e-03
1.164480e+02  2.121418e-03
1.183310e+02  2.101919e-03
1.202450e+02  2.088779e-03
1.221900e+02  2.100648e-03
1.241660e+02  2.118611e-03
1.261750e+02  2.211923e-03
1.282150e+02  2.333456e-03
1.302890e+02  2.856599e-03
1.323970e+02  3.069964e-03
1.345380e+02  3.066121e-03
1.367140e+02  3.140061e-03
1.389250e+02  3.234686e-03
1.411720e+02  3.485251e-03
1.434560e+02  3.766361e-03
1.457760e+02  4.119755e-03
1.481340e+02  4.542767e-03
1.505300e+02  4.932335e-03
1.529640e+02  5.294612e-03
1.554390e+02  5.683683e-03
1.579530e+02  6.102374e-03
1.605070e+02  6.403509e-03
1.631030e+02  6.656117e-03
1.657420e+02  6.918638e-03
1.684220e+02  7.159682e-03
1.711460e+02  7.326356e-03
1.739150e+02  7.496814e-03
1.767270e+02  7.671623e-03
1.795860e+02  7.851093e-03
1.824910e+02  7.916377e-03
1.854420e+02  7.974423e-03
1.884420e+02  8.032610e-03
1.914890e+02  8.091686e-03
1.945870e+02  8.093399e-03
1.977340e+02  8.089678e-03
2.009320e+02  8.085970e-03
2.041820e+02  8.070640e-03
2.074850e+02  8.054575e-03
2.108400e+02  8.038801e-03
2.142510e+02  8.023335e-03
2.177160e+02  7.931444e-03
2.212370e+02  7.838495e-03
2.248160e+02  7.746402e-03
2.284520e+02  7.655409e-03
2.321470e+02  7.561225e-03
2.359020e+02  7.449866e-03
2.397170e+02  7.340073e-03
2.435950e+02  7.231752e-03
2.475350e+02  7.125078e-03
2.515380e+02  7.019966e-03
2.556070e+02  6.916743e-03
2.597410e+02  6.817152e-03
2.639420e+02  6.719008e-03
2.682110e+02  6.622412e-03
2.725490e+02  6.524020e-03
2.769570e+02  6.362057e-03
2.814370e+02  6.203933e-03
2.859890e+02  6.049694e-03
2.906150e+02  5.873339e-03
2.953150e+02  5.646207e-03
3.000920e+02  5.427536e-03
3.049450e+02  5.217184e-03
3.098780e+02  5.025327e-03
3.148900e+02  4.851402e-03
3.199830e+02  4.683464e-03
3.251580e+02  4.521376e-03
3.304180e+02  4.364869e-03
3.357620e+02  4.213772e-03
3.411920e+02  4.067884e-03
3.467110e+02  3.927032e-03
3.523190e+02  3.791058e-03
3.580170e+02  3.659767e-03
3.638080e+02  3.532988e-03
3.696920e+02  3.410615e-03
3.756720e+02  3.292456e-03
3.817480e+02  3.178447e-03
3.879220e+02  3.065843e-03
3.941970e+02  2.951713e-03
4.005730e+02  2.828345e-03
4.070520e+02  2.704985e-03
4.136350e+02  2.586999e-03
4.203260e+02  2.474138e-03
4.271240e+02  2.366208e-03
4.340320e+02  2.262923e-03
4.410520e+02  2.164173e-03
4.481860e+02  2.069526e-03
4.554350e+02  1.977947e-03
4.628020e+02  1.889623e-03
4.702870e+02  1.804862e-03
4.778940e+02  1.723991e-03
4.856230e+02  1.646675e-03
4.934780e+02  1.572799e-03
5.014590e+02  1.502248e-03
5.095700e+02  1.434872e-03
5.178120e+02  1.370404e-03
5.261870e+02  1.308401e-03
5.346980e+02  1.248333e-03
5.433460e+02  1.190621e-03
5.521340e+02  1.135598e-03
5.610650e+02  1.082450e-03
5.701390e+02  1.031483e-03
5.793610e+02  9.828851e-04
5.887320e+02  9.366178e-04
5.982540e+02  8.925542e-04
6.079300e+02  8.505718e-04
6.177630e+02  8.105553e-04
6.277550e+02  7.723686e-04
6.379080e+02  7.353572e-04
6.482260e+02  6.992306e-04
6.587110e+02  6.643203e-04
6.693650e+02  6.311576e-04
6.801910e+02  6.009001e-04
6.911930e+02  5.730163e-04
7.023720e+02  5.465827e-04
7.137330e+02  5.202911e-04
7.252770e+02  4.945534e-04
7.370080e+02  4.700834e-04
7.489280e+02  4.468316e-04
7.610420e+02  4.247255e-04
7.733510e+02  4.036571e-04
7.858590e+02  3.834711e-04
7.985700e+02  3.641619e-04
8.114860e+02  3.458236e-04
8.246110e+02  3.284104e-04
8.379490e+02  3.118746e-04
8.515020e+02  2.961460e-04
8.652740e+02  2.811877e-04
8.792690e+02  2.669658e-04
8.934910e+02  2.534598e-04
9.079430e+02  2.406377e-04
9.226280e+02  2.284650e-04
9.375510e+02  2.167738e-04
9.527150e+02  2.056465e-04
9.681240e+02  1.950620e-04
9.837830e+02  1.850252e-04
9.996950e+02  1.755066e-04
1.015860e+03  1.664812e-04
1.032290e+03  1.579558e-04
1.048990e+03  1.498067e-04
1.065960e+03  1.420159e-04
1.083200e+03  1.346332e-04
1.100720e+03  1.276348e-04
1.118520e+03  1.210014e-04
1.136610e+03  1.147094e-04
1.155000e+03  1.087450e-04
1.173680e+03  1.030947e-04
1.192660e+03  9.773380e-05
1.211950e+03  9.265315e-05
1.231550e+03  8.783973e-05
1.251470e+03  8.324181e-05
1.271720e+03  7.885376e-05
1.292290e+03  7.466322e-05
1.313190e+03  7.069292e-05
1.334430e+03  6.693400e-05
1.356010e+03  6.337635e-05
1.377940e+03  6.000797e-05
1.400230e+03  5.681851e-05
1.422880e+03  5.379933e-05
1.445890e+03  5.093981e-05
1.469280e+03  4.823234e-05
1.493040e+03  4.567060e-05
1.517190e+03  4.324823e-05
1.541730e+03  4.095547e-05
1.566670e+03  3.878470e-05
1.592010e+03  3.673007e-05
1.617760e+03  3.478422e-05
1.643920e+03  3.294143e-05
1.670510e+03  3.119519e-05
1.697530e+03  2.954163e-05
1.724990e+03  2.797581e-05
1.752890e+03  2.652181e-05
1.781240e+03  2.515304e-05
1.810050e+03  2.386158e-05
1.839320e+03  2.263663e-05
1.869070e+03  2.147430e-05
1.899300e+03  2.037149e-05
1.930020e+03  1.932487e-05
1.939500e+03  1.901405e-05
1.939700e+03  7.526687e-05
1.961240e+03  7.174503e-05
1.992960e+03  6.690654e-05
2.006700e+03  6.493162e-05
2.006900e+03  9.044826e-05
2.025200e+03  8.774610e-05
2.057950e+03  8.315754e-05
2.091240e+03  7.880771e-05
2.125060e+03  7.468466e-05
2.159430e+03  7.077761e-05
2.194360e+03  6.707238e-05
2.216200e+03  6.488134e-05
2.216400e+03  7.453238e-05
2.229850e+03  7.300898e-05
2.265920e+03  6.911416e-05
2.302570e+03  6.541654e-05
2.339810e+03  6.190514e-05
2.377660e+03  5.857072e-05
2.416110e+03  5.540924e-05
2.455190e+03  5.240941e-05
2.494900e+03  4.956516e-05
2.535260e+03  4.686672e-05
2.576260e+03  4.430969e-05
2.617930e+03  4.188652e-05
2.660270e+03  3.959240e-05
2.703300e+03  3.741676e-05
2.747030e+03  3.535617e-05
2.791460e+03  3.340591e-05
2.836610e+03  3.156090e-05
2.882490e+03  2.981274e-05
2.929110e+03  2.815844e-05
2.976480e+03  2.659347e-05
3.024630e+03  2.511344e-05
3.073550e+03  2.371267e-05
3.123260e+03  2.238852e-05
3.173780e+03  2.113555e-05
3.225110e+03  1.995170e-05
3.277270e+03  1.883240e-05
3.330280e+03  1.777472e-05
3.384150e+03  1.677458e-05
3.438880e+03  1.582959e-05
3.494500e+03  1.493623e-05
3.551020e+03  1.409310e-05
3.608460e+03  1.329642e-05
3.666820e+03  1.254389e-05
3.726130e+03  1.183310e-05
3.786400e+03  1.116189e-05
3.847640e+03  1.052802e-05
3.909870e+03  9.929603e-06
3.973110e+03  9.364687e-06
4.037380e+03  8.831368e-06
4.102680e+03  8.328014e-06
4.169030e+03  7.852933e-06
4.236460e+03  7.404571e-06
4.304980e+03  6.981492e-06
4.374620e+03  6.582220e-06
4.445370e+03  6.205528e-06
4.517270e+03  5.850060e-06
4.590330e+03  5.514826e-06
4.664580e+03  5.198499e-06
4.740030e+03  4.900158e-06
4.816690e+03  4.618744e-06
4.894600e+03  4.353315e-06
4.973770e+03  4.103033e-06
5.054210e+03  3.866976e-06
5.135960e+03  3.644380e-06
5.219030e+03  3.434473e-06
5.303440e+03  3.236583e-06
5.389220e+03  3.049940e-06
5.476390e+03  2.873991e-06
5.564970e+03  2.708127e-06
5.654980e+03  2.551720e-06
5.746440e+03  2.404362e-06
5.839390e+03  2.265375e-06
5.933830e+03  2.134392e-06
6.029810e+03  2.010931e-06
6.127330e+03  1.894602e-06
6.226440e+03  1.784924e-06
6.327150e+03  1.681573e-06
6.429480e+03  1.584156e-06
6.533480e+03  1.492341e-06
6.639150e+03  1.405838e-06
6.746540e+03  1.324295e-06
6.855650e+03  1.247469e-06
6.966540e+03  1.175087e-06
7.079220e+03  1.106870e-06
7.193720e+03  1.042568e-06
7.310070e+03  9.820384e-07
7.428310e+03  9.249840e-07
7.548450e+03  8.711905e-07
7.670540e+03  8.205498e-07
7.794610e+03  7.728083e-07
7.920680e+03  7.278484e-07
8.048790e+03  6.855146e-07
8.178980e+03  6.456170e-07
8.311260e+03  6.080110e-07
8.445690e+03  5.725905e-07
8.582290e+03  5.392295e-07
8.721110e+03  5.077989e-07
8.862160e+03  4.781945e-07
9.005500e+03  4.503087e-07
9.151160e+03  4.240349e-07
9.299170e+03  3.992893e-07
9.449580e+03  3.759798e-07
9.602420e+03  3.540266e-07
9.757730e+03  3.333455e-07
9.915550e+03  3.138625e-07
1.007590e+04  2.955184e-07
1.023890e+04  2.782349e-07
1.040450e+04  2.619592e-07
1.057280e+04  2.466269e-07
1.074380e+04  2.321883e-07
1.091760e+04  2.185880e-07
1.109420e+04  2.057799e-07
1.127360e+04  1.937181e-07
1.145590e+04  1.823582e-07
1.164120e+04  1.716581e-07
1.182950e+04  1.615808e-07
1.202080e+04  1.520915e-07
1.221530e+04  1.431523e-07
1.241280e+04  1.347371e-07
1.261360e+04  1.268099e-07
1.281760e+04  1.193456e-07
1.302500e+04  1.123145e-07
1.323560e+04  1.056961e-07
1.344970e+04  9.946215e-08
1.366720e+04  9.359250e-08
1.388830e+04  8.806444e-08
1.411290e+04  8.285972e-08
1.434120e+04  7.795811e-08
1.457310e+04  7.334358e-08
1.480890e+04  6.899720e-08
1.504840e+04  6.490564e-08
1.529180e+04  6.105308e-08
1.553910e+04  5.742595e-08
1.579040e+04  5.401074e-08
1.604580e+04  5.079523e-08
1.610450e+04  5.009070e-08
1.610470e+04  3.487158e-07
1.630540e+04  3.338639e-07
1.656910e+04  3.155592e-07
1.683710e+04  2.982019e-07
1.710940e+04  2.817508e-07
1.738610e+04  2.661608e-07
1.766740e+04  2.513882e-07
1.795310e+04  2.374007e-07
1.824350e+04  2.241547e-07
1.853860e+04  2.116149e-07
1.883840e+04  1.997483e-07
1.914310e+04  1.885189e-07
1.945270e+04  1.778968e-07
1.976740e+04  1.678477e-07
2.008710e+04  1.583475e-07
2.041200e+04  1.493650e-07
2.074210e+04  1.408755e-07
2.107760e+04  1.328510e-07
2.141850e+04  1.252692e-07
2.176500e+04  1.181055e-07
2.211700e+04  1.113398e-07
2.247470e+04  1.049503e-07
2.283820e+04  9.891644e-08
2.320760e+04  9.322004e-08
2.358300e+04  8.784215e-08
2.396440e+04  8.276681e-08
2.435200e+04  7.797697e-08
2.474590e+04  7.345764e-08
2.514620e+04  6.919343e-08
2.555290e+04  6.517102e-08
2.596620e+04  6.137711e-08
2.638610e+04  5.779970e-08
2.681290e+04  5.442572e-08
2.724660e+04  5.124452e-08
2.768730e+04  4.824518e-08
2.813510e+04  4.541833e-08
2.859020e+04  4.275354e-08
2.905260e+04  4.024217e-08
2.952250e+04  3.787572e-08
3.000000e+04  3.564561e-08
-1  -1
