  -1
3.002930e+01  3.050332e-01
3.037530e+01  2.764699e-01
3.072520e+01  2.543786e-01
3.107910e+01  2.345393e-01
3.143720e+01  2.147739e-01
3.179930e+01  2.002286e-01
3.216560e+01  1.941587e-01
3.253620e+01  2.034271e-01
3.291100e+01  2.281412e-01
3.329010e+01  2.614016e-01
3.367360e+01  2.816673e-01
3.406160e+01  2.969365e-01
3.445390e+01  3.132848e-01
3.485080e+01  3.325386e-01
3.525230e+01  3.501002e-01
3.565840e+01  3.608521e-01
3.606920e+01  3.706931e-01
3.648470e+01  3.805411e-01
3.690500e+01  3.905354e-01
3.733020e+01  4.006073e-01
3.776020e+01  4.143274e-01
3.819520e+01  4.331741e-01
3.863520e+01  4.590869e-01
3.871670e+01  4.651630e-01
3.913310e+01  4.898882e-01
3.958390e+01  5.011595e-01
4.003990e+01  5.045284e-01
4.050120e+01  4.967501e-01
4.096770e+01  4.806408e-01
4.143970e+01  4.521942e-01
4.191710e+01  4.489477e-01
4.239990e+01  4.587606e-01
4.288840e+01  4.732856e-01
4.338250e+01  4.839929e-01
4.388220e+01  4.931661e-01
4.438770e+01  5.024173e-01
4.489910e+01  5.114249e-01
4.541630e+01  5.226824e-01
4.593950e+01  5.402933e-01
4.646870e+01  5.639785e-01
4.700400e+01  5.924412e-01
4.754550e+01  6.380360e-01
4.809330e+01  6.687994e-01
4.864730e+01  6.872149e-01
4.920770e+01  6.973946e-01
4.977460e+01  6.982126e-01
5.034800e+01  6.956484e-01
5.092800e+01  6.932200e-01
5.151470e+01  6.801333e-01
5.210810e+01  6.587472e-01
5.270840e+01  6.343140e-01
5.331560e+01  6.072194e-01
5.392980e+01  5.787975e-01
5.455100e+01  5.528660e-01
5.517950e+01  5.277203e-01
5.581510e+01  5.029171e-01
5.645810e+01  4.786437e-01
5.710850e+01  4.553034e-01
5.776640e+01  4.327841e-01
5.843180e+01  4.113245e-01
5.910500e+01  3.876791e-01
5.978590e+01  3.640958e-01
6.047460e+01  3.414286e-01
6.117120e+01  3.196786e-01
6.187590e+01  2.988880e-01
6.258870e+01  2.810853e-01
6.330980e+01  2.645098e-01
6.403910e+01  2.488941e-01
6.477680e+01  2.341512e-01
6.552300e+01  2.201855e-01
6.627780e+01  2.070146e-01
6.704140e+01  1.962059e-01
6.781370e+01  1.861574e-01
6.859490e+01  1.766729e-01
6.938510e+01  1.678139e-01
7.018440e+01  1.596783e-01
7.099290e+01  1.519788e-01
7.181070e+01  1.446490e-01
7.263800e+01  1.378194e-01
7.347480e+01  1.319005e-01
7.432120e+01  1.262939e-01
7.517740e+01  1.208817e-01
7.604340e+01  1.166754e-01
7.691940e+01  1.129169e-01
7.780550e+01  1.093238e-01
7.870180e+01  1.058791e-01
7.960850e+01  1.025662e-01
8.052560e+01  9.936667e-02
8.145320e+01  9.625448e-02
8.239150e+01  9.409603e-02
8.334070e+01  9.211872e-02
8.430080e+01  9.022079e-02
8.527190e+01  8.839029e-02
8.625420e+01  8.661916e-02
8.724790e+01  8.490145e-02
8.825290e+01  8.323255e-02
8.926960e+01  8.160550e-02
9.029800e+01  8.010882e-02
9.133820e+01  7.883170e-02
9.239040e+01  7.759936e-02
9.345480e+01  7.639949e-02
9.453130e+01  7.522977e-02
9.562030e+01  7.408703e-02
9.672190e+01  7.296870e-02
9.783610e+01  7.187266e-02
9.896320e+01  7.078777e-02
1.001030e+02  6.985494e-02
1.012560e+02  6.933359e-02
1.024230e+02  6.884269e-02
1.036030e+02  6.837176e-02
1.047960e+02  6.791761e-02
1.060030e+02  6.747715e-02
1.072250e+02  6.704822e-02
1.084600e+02  6.663258e-02
1.097090e+02  6.622850e-02
1.109730e+02  6.583433e-02
1.122520e+02  6.545030e-02
1.135450e+02  6.506848e-02
1.148530e+02  6.465541e-02
1.161760e+02  6.424878e-02
1.175140e+02  6.385124e-02
1.188680e+02  6.346071e-02
1.202370e+02  6.307941e-02
1.216220e+02  6.270606e-02
1.230230e+02  6.234087e-02
1.244410e+02  6.198430e-02
1.258740e+02  6.164040e-02
1.273240e+02  6.131627e-02
1.287910e+02  6.059194e-02
1.302750e+02  5.985504e-02
1.317750e+02  5.912606e-02
1.332930e+02  5.840417e-02
1.348290e+02  5.769027e-02
1.363820e+02  5.698576e-02
1.379530e+02  5.629003e-02
1.395430e+02  5.560242e-02
1.411500e+02  5.492515e-02
1.427760e+02  5.425657e-02
1.444210e+02  5.359635e-02
1.460850e+02  5.294523e-02
1.477670e+02  5.230386e-02
1.494700e+02  5.166889e-02
1.511920e+02  5.107593e-02
1.529330e+02  5.049566e-02
1.546950e+02  4.992288e-02
1.564770e+02  4.935906e-02
1.582800e+02  4.880302e-02
1.601030e+02  4.825830e-02
1.619470e+02  4.768244e-02
1.638130e+02  4.697756e-02
1.657000e+02  4.627958e-02
1.676090e+02  4.559002e-02
1.695400e+02  4.491004e-02
1.714930e+02  4.423890e-02
1.734690e+02  4.360063e-02
1.754670e+02  4.299546e-02
1.774880e+02  4.239992e-02
1.795330e+02  4.181290e-02
1.816010e+02  4.123483e-02
1.836930e+02  4.066522e-02
1.858090e+02  4.010441e-02
1.879500e+02  3.953999e-02
1.901150e+02  3.896865e-02
1.923050e+02  3.840547e-02
1.945200e+02  3.785080e-02
1.967610e+02  3.730431e-02
1.990280e+02  3.676606e-02
2.013210e+02  3.623622e-02
2.036400e+02  3.571547e-02
2.059860e+02  3.515303e-02
2.083590e+02  3.456401e-02
2.107590e+02  3.398379e-02
2.131870e+02  3.341264e-02
2.156430e+02  3.285061e-02
2.181270e+02  3.229765e-02
2.206400e+02  3.175334e-02
2.231820e+02  3.121728e-02
2.257530e+02  3.068870e-02
2.283530e+02  3.016664e-02
2.309840e+02  2.988693e-02
2.336450e+02  2.961608e-02
2.363360e+02  2.935043e-02
2.390590e+02  2.908905e-02
2.418130e+02  2.883217e-02
2.445990e+02  2.858031e-02
2.474160e+02  2.819954e-02
2.502670e+02  2.780111e-02
2.531500e+02  2.740804e-02
2.560660e+02  2.702060e-02
2.590160e+02  2.663972e-02
2.620000e+02  2.621279e-02
2.650180e+02  2.575009e-02
2.680710e+02  2.529465e-02
2.711590e+02  2.484686e-02
2.742830e+02  2.440662e-02
2.774420e+02  2.397428e-02
2.806380e+02  2.354947e-02
2.838710e+02  2.313210e-02
2.871420e+02  2.272199e-02
2.904490e+02  2.231957e-02
2.937950e+02  2.192434e-02
2.971800e+02  2.153632e-02
3.006030e+02  2.115603e-02
3.040660e+02  2.071814e-02
3.075690e+02  2.025866e-02
3.111120e+02  1.980875e-02
3.146960e+02  1.936840e-02
3.183210e+02  1.893768e-02
3.219880e+02  1.851629e-02
3.256980e+02  1.810393e-02
3.294500e+02  1.770076e-02
3.332450e+02  1.730867e-02
3.370840e+02  1.693001e-02
3.409670e+02  1.655965e-02
3.448950e+02  1.619738e-02
3.488680e+02  1.584301e-02
3.528870e+02  1.549632e-02
3.569520e+02  1.515717e-02
3.610640e+02  1.482540e-02
3.652240e+02  1.450061e-02
3.694310e+02  1.420783e-02
3.736870e+02  1.392279e-02
3.779920e+02  1.364360e-02
3.823460e+02  1.337000e-02
3.867510e+02  1.310183e-02
3.912060e+02  1.283854e-02
3.957130e+02  1.264907e-02
4.002710e+02  1.256749e-02
4.048820e+02  1.248853e-02
4.095470e+02  1.222983e-02
4.142650e+02  1.191404e-02
4.190370e+02  1.160579e-02
4.238640e+02  1.130516e-02
4.287470e+02  1.101211e-02
4.336860e+02  1.072655e-02
4.386820e+02  1.044827e-02
4.437360e+02  1.017713e-02
4.488480e+02  9.912994e-03
4.540180e+02  9.655692e-03
4.592480e+02  9.404995e-03
4.645390e+02  9.160762e-03
4.698900e+02  8.922861e-03
4.753030e+02  8.700157e-03
4.807790e+02  8.487507e-03
4.863170e+02  8.280084e-03
4.919200e+02  8.077769e-03
4.975870e+02  7.880426e-03
5.033190e+02  7.687957e-03
5.091170e+02  7.500205e-03
5.149820e+02  7.317095e-03
5.209150e+02  7.138524e-03
5.269150e+02  6.948171e-03
5.329850e+02  6.760778e-03
5.391250e+02  6.578457e-03
5.453360e+02  6.401002e-03
5.516180e+02  6.228359e-03
5.579730e+02  6.060348e-03
5.644010e+02  5.896861e-03
5.709030e+02  5.745357e-03
5.774790e+02  5.616041e-03
5.841320e+02  5.483424e-03
5.908610e+02  5.323565e-03
5.976680e+02  5.168274e-03
6.045530e+02  5.017494e-03
6.115170e+02  4.871110e-03
6.185620e+02  4.728965e-03
6.256880e+02  4.590977e-03
6.328950e+02  4.455460e-03
6.401860e+02  4.323577e-03
6.475610e+02  4.192545e-03
6.550210e+02  4.064475e-03
6.625670e+02  3.940293e-03
6.701990e+02  3.819911e-03
6.779200e+02  3.706797e-03
6.857300e+02  3.600513e-03
6.936290e+02  3.497436e-03
7.016200e+02  3.397465e-03
7.097020e+02  3.297668e-03
7.178780e+02  3.195495e-03
7.261480e+02  3.096499e-03
7.345130e+02  3.000546e-03
7.429750e+02  2.907569e-03
7.515340e+02  2.817472e-03
7.601910e+02  2.730169e-03
7.689490e+02  2.645301e-03
7.778070e+02  2.563076e-03
7.867670e+02  2.482297e-03
7.958310e+02  2.403879e-03
8.049980e+02  2.327938e-03
8.142720e+02  2.254369e-03
8.236520e+02  2.183147e-03
8.331410e+02  2.114166e-03
8.427380e+02  2.047207e-03
8.524470e+02  1.982200e-03
8.622670e+02  1.918956e-03
8.722000e+02  1.857377e-03
8.822480e+02  1.797776e-03
8.924110e+02  1.740079e-03
9.026920e+02  1.684238e-03
9.130910e+02  1.630191e-03
9.236090e+02  1.577811e-03
9.342490e+02  1.525960e-03
9.450120e+02  1.475815e-03
9.558980e+02  1.426799e-03
9.669100e+02  1.379414e-03
9.780490e+02  1.333594e-03
9.893160e+02  1.289298e-03
1.000710e+03  1.246367e-03
1.012240e+03  1.204833e-03
1.023900e+03  1.164268e-03
1.035700e+03  1.124871e-03
1.047630e+03  1.086609e-03
1.059700e+03  1.049481e-03
1.071900e+03  1.013640e-03
1.084250e+03  9.789937e-04
1.096740e+03  9.455392e-04
1.109380e+03  9.132099e-04
1.122160e+03  8.819946e-04
1.135080e+03  8.518581e-04
1.148160e+03  8.227318e-04
1.161390e+03  7.945944e-04
1.174770e+03  7.674213e-04
1.188300e+03  7.411664e-04
1.201990e+03  7.158056e-04
1.215840e+03  6.913118e-04
1.229840e+03  6.676697e-04
1.244010e+03  6.446575e-04
1.258340e+03  6.223943e-04
1.272840e+03  6.005932e-04
1.287500e+03  5.794270e-04
1.302330e+03  5.589981e-04
1.317330e+03  5.392879e-04
1.332510e+03  5.202660e-04
1.347860e+03  5.019145e-04
1.363390e+03  4.842091e-04
1.379090e+03  4.671281e-04
1.394980e+03  4.506425e-04
1.411050e+03  4.347402e-04
1.427310e+03  4.193968e-04
1.443750e+03  4.045820e-04
1.460380e+03  3.902883e-04
1.477200e+03  3.764748e-04
1.494220e+03  3.631461e-04
1.511430e+03  3.501879e-04
1.528850e+03  3.376781e-04
1.546460e+03  3.256148e-04
1.564270e+03  3.139856e-04
1.582290e+03  3.027671e-04
1.600520e+03  2.919467e-04
1.618960e+03  2.815093e-04
1.637610e+03  2.714424e-04
1.656470e+03  2.617356e-04
1.675560e+03  2.523699e-04
1.694860e+03  2.433316e-04
1.714380e+03  2.345977e-04
1.734130e+03  2.260945e-04
1.735000e+03  2.256654e-04
1.735200e+03  5.008127e-04
1.754110e+03  5.778647e-04
1.774320e+03  6.718350e-04
1.794760e+03  7.811082e-04
1.815430e+03  9.046782e-04
1.836350e+03  8.697962e-04
1.857500e+03  8.362025e-04
1.878900e+03  8.038669e-04
1.900540e+03  7.727714e-04
1.922440e+03  7.428522e-04
1.944580e+03  7.140883e-04
1.966980e+03  6.864312e-04
1.989640e+03  6.598372e-04
2.012570e+03  6.343383e-04
2.035750e+03  6.098305e-04
2.059200e+03  5.861957e-04
2.082920e+03  5.634775e-04
2.106920e+03  5.416272e-04
2.131190e+03  5.206205e-04
2.155740e+03  5.004389e-04
2.180570e+03  4.810135e-04
2.193900e+03  4.709204e-04
2.194100e+03  5.497169e-04
2.205690e+03  5.395764e-04
2.231100e+03  5.180023e-04
2.256810e+03  4.972789e-04
2.282800e+03  4.773871e-04
2.309100e+03  4.582754e-04
2.335700e+03  4.399374e-04
2.362610e+03  4.223410e-04
2.389830e+03  4.054439e-04
2.417360e+03  3.892164e-04
2.445210e+03  3.736403e-04
2.468600e+03  3.611483e-04
2.468800e+03  3.854991e-04
2.473370e+03  3.830116e-04
2.501870e+03  3.678705e-04
2.530690e+03  3.533240e-04
2.559840e+03  3.393476e-04
2.589330e+03  3.259207e-04
2.619160e+03  3.130292e-04
2.649330e+03  3.006575e-04
2.679850e+03  2.887720e-04
2.707900e+03  2.783681e-04
2.708100e+03  2.894950e-04
2.710720e+03  2.885673e-04
2.741950e+03  2.777550e-04
2.773540e+03  2.673404e-04
2.805490e+03  2.572994e-04
2.837810e+03  2.476137e-04
2.870500e+03  2.382704e-04
2.903570e+03  2.292637e-04
2.937010e+03  2.205827e-04
2.970850e+03  2.122159e-04
3.005070e+03  2.041520e-04
3.039690e+03  1.963786e-04
3.074710e+03  1.888947e-04
3.110130e+03  1.816844e-04
3.145960e+03  1.747376e-04
3.182200e+03  1.680460e-04
3.218860e+03  1.616009e-04
3.255940e+03  1.553964e-04
3.293450e+03  1.494225e-04
3.331390e+03  1.436727e-04
3.369760e+03  1.381398e-04
3.408580e+03  1.328141e-04
3.447850e+03  1.276825e-04
3.487570e+03  1.227469e-04
3.527740e+03  1.179995e-04
3.568380e+03  1.134284e-04
3.609490e+03  1.090307e-04
3.651070e+03  1.048002e-04
3.693130e+03  1.007284e-04
3.735680e+03  9.681384e-05
3.778710e+03  9.304534e-05
3.822240e+03  8.942127e-05
3.866270e+03  8.594138e-05
3.910810e+03  8.258766e-05
3.955870e+03  7.936354e-05
4.001440e+03  7.626499e-05
4.047530e+03  7.328450e-05
4.094160e+03  7.041832e-05
4.141320e+03  6.766249e-05
4.189030e+03  6.501261e-05
4.237290e+03  6.246512e-05
4.286100e+03  6.001527e-05
4.335480e+03  5.766044e-05
4.385420e+03  5.539646e-05
4.435940e+03  5.322012e-05
4.487040e+03  5.112769e-05
4.538730e+03  4.911684e-05
4.591020e+03  4.718456e-05
4.643910e+03  4.532638e-05
4.697410e+03  4.354030e-05
4.751520e+03  4.182420e-05
4.806260e+03  4.017499e-05
4.861620e+03  3.858956e-05
4.917630e+03  3.706623e-05
4.974280e+03  3.560208e-05
5.031580e+03  3.419496e-05
5.089550e+03  3.284293e-05
5.148180e+03  3.154423e-05
5.207480e+03  3.029577e-05
5.267470e+03  2.909642e-05
5.328160e+03  2.794385e-05
5.389540e+03  2.683657e-05
5.451620e+03  2.577316e-05
5.514420e+03  2.475120e-05
5.577950e+03  2.376939e-05
5.642210e+03  2.282546e-05
5.707210e+03  2.191935e-05
5.772950e+03  2.104873e-05
5.839460e+03  2.021261e-05
5.906730e+03  1.940935e-05
5.974770e+03  1.863756e-05
6.043600e+03  1.789625e-05
6.113220e+03  1.718407e-05
6.183640e+03  1.650046e-05
6.254880e+03  1.584330e-05
6.326940e+03  1.521259e-05
6.399820e+03  1.460666e-05
6.473550e+03  1.402458e-05
6.548120e+03  1.346557e-05
6.623550e+03  1.292875e-05
6.699860e+03  1.241315e-05
6.777040e+03  1.191799e-05
6.855110e+03  1.144215e-05
6.934080e+03  1.098552e-05
7.013960e+03  1.054718e-05
7.094760e+03  1.012591e-05
7.176490e+03  9.721346e-06
7.259160e+03  9.333008e-06
7.342790e+03  8.960121e-06
7.427380e+03  8.601965e-06
7.512940e+03  8.257913e-06
7.599490e+03  7.927738e-06
7.687030e+03  7.610769e-06
7.775590e+03  7.306206e-06
7.865160e+03  7.013755e-06
7.955770e+03  6.733036e-06
8.047420e+03  6.463531e-06
8.140120e+03  6.204797e-06
8.233900e+03  5.956390e-06
8.328750e+03  5.717808e-06
8.424700e+03  5.488799e-06
8.521750e+03  5.268628e-06
8.619920e+03  5.057320e-06
8.719220e+03  4.854692e-06
8.819660e+03  4.660117e-06
8.921260e+03  4.473015e-06
9.024040e+03  4.293594e-06
9.127990e+03  4.121331e-06
9.233150e+03  3.955868e-06
9.339510e+03  3.797207e-06
9.447100e+03  3.644607e-06
9.555930e+03  3.498185e-06
9.666010e+03  3.357706e-06
9.777370e+03  3.222785e-06
9.881000e+03  3.103340e-06
9.881200e+03  8.156720e-06
9.890000e+03  8.129015e-06
1.000000e+04  7.791766e-06
1.011200e+04  7.466217e-06
1.022400e+04  7.155218e-06
1.033900e+04  6.855953e-06
1.045400e+04  6.569884e-06
1.057100e+04  6.295380e-06
1.068800e+04  6.033343e-06
1.080800e+04  5.781147e-06
1.092800e+04  5.539908e-06
1.105390e+04  5.301380e-06
1.113600e+04  5.152721e-06
1.113620e+04  7.246489e-06
1.118120e+04  7.133910e-06
1.131000e+04  6.823517e-06
1.144030e+04  6.526595e-06
1.157210e+04  6.242590e-06
1.168140e+04  6.018757e-06
1.168160e+04  6.766369e-06
1.170540e+04  6.719815e-06
1.184030e+04  6.463982e-06
1.197670e+04  6.217252e-06
1.211460e+04  5.979390e-06
1.225420e+04  5.749870e-06
1.239540e+04  5.528634e-06
1.253820e+04  5.315368e-06
1.268260e+04  5.109866e-06
1.282870e+04  4.911846e-06
1.297650e+04  4.721024e-06
1.312600e+04  4.537216e-06
1.327720e+04  4.360194e-06
1.343010e+04  4.189716e-06
1.358490e+04  4.025497e-06
1.374130e+04  3.867503e-06
1.389960e+04  3.715356e-06
1.405980e+04  3.568875e-06
1.422170e+04  3.427978e-06
1.438560e+04  3.292334e-06
1.455130e+04  3.161866e-06
1.471890e+04  3.036356e-06
1.488850e+04  2.915595e-06
1.506000e+04  2.799469e-06
1.523350e+04  2.687780e-06
1.540900e+04  2.580377e-06
1.558650e+04  2.477116e-06
1.576600e+04  2.377855e-06
1.594770e+04  2.282394e-06
1.613140e+04  2.190660e-06
1.631720e+04  2.102498e-06
1.650520e+04  2.017754e-06
1.669530e+04  1.936334e-06
1.688770e+04  1.858076e-06
1.708220e+04  1.782908e-06
1.727900e+04  1.710684e-06
1.747800e+04  1.641315e-06
1.767940e+04  1.574660e-06
1.788300e+04  1.510660e-06
1.808910e+04  1.449170e-06
1.829740e+04  1.390144e-06
1.850820e+04  1.333449e-06
1.872140e+04  1.279012e-06
1.893710e+04  1.226740e-06
1.915530e+04  1.176552e-06
1.937590e+04  1.128385e-06
1.959910e+04  1.082140e-06
1.982490e+04  1.037747e-06
2.005330e+04  9.951379e-07
2.028430e+04  9.542437e-07
2.051800e+04  9.149948e-07
2.075430e+04  8.773348e-07
2.099340e+04  8.411911e-07
2.123530e+04  8.065039e-07
2.147990e+04  7.732280e-07
2.172740e+04  7.412957e-07
2.197770e+04  7.106635e-07
2.223080e+04  6.812804e-07
2.248690e+04  6.530867e-07
2.274600e+04  6.260396e-07
2.300800e+04  6.000993e-07
2.327310e+04  5.752148e-07
2.354120e+04  5.513482e-07
2.381240e+04  5.284571e-07
2.408670e+04  5.065055e-07
2.436410e+04  4.854547e-07
2.464480e+04  4.652633e-07
2.492870e+04  4.459024e-07
2.521590e+04  4.273362e-07
2.550640e+04  4.095330e-07
2.580020e+04  3.924653e-07
2.609740e+04  3.760994e-07
2.639810e+04  3.604063e-07
2.670220e+04  3.453636e-07
2.700980e+04  3.309411e-07
2.732090e+04  3.171155e-07
2.763570e+04  3.038599e-07
2.795400e+04  2.911553e-07
2.827610e+04  2.789746e-07
2.860180e+04  2.673003e-07
2.893130e+04  2.561095e-07
2.926460e+04  2.453830e-07
2.960170e+04  2.351031e-07
2.994270e+04  2.252498e-07
3.000000e+04  2.236454e-07
-1  -1
