  -1
3.025550e+01  4.414032e-01
3.074490e+01  4.584736e-01
3.124210e+01  4.739542e-01
3.174750e+01  4.897373e-01
3.226090e+01  5.004554e-01
3.278270e+01  5.121880e-01
3.331300e+01  5.153252e-01
3.385180e+01  5.112721e-01
3.439930e+01  5.043591e-01
3.495570e+01  4.957868e-01
3.552110e+01  4.857835e-01
3.609560e+01  4.749291e-01
3.667940e+01  4.636245e-01
3.727270e+01  4.514794e-01
3.787550e+01  4.366664e-01
3.848820e+01  4.212631e-01
3.911070e+01  4.056295e-01
3.974320e+01  3.896628e-01
4.038610e+01  3.737309e-01
4.103930e+01  3.579251e-01
4.170310e+01  3.426788e-01
4.237760e+01  3.283811e-01
4.306300e+01  3.145305e-01
4.375950e+01  3.010652e-01
4.446730e+01  2.882332e-01
4.518650e+01  2.762425e-01
4.591740e+01  2.647020e-01
4.666000e+01  2.535298e-01
4.741470e+01  2.433783e-01
4.818160e+01  2.340824e-01
4.896090e+01  2.252336e-01
4.975280e+01  2.167756e-01
5.055760e+01  2.078407e-01
5.137530e+01  1.991906e-01
5.220620e+01  1.908569e-01
5.305060e+01  1.828511e-01
5.390870e+01  1.751674e-01
5.478060e+01  1.677995e-01
5.566670e+01  1.607366e-01
5.656700e+01  1.539720e-01
5.748200e+01  1.474955e-01
5.841170e+01  1.412348e-01
5.935640e+01  1.351374e-01
6.031650e+01  1.292966e-01
6.129210e+01  1.237067e-01
6.228340e+01  1.183590e-01
6.329080e+01  1.132427e-01
6.431450e+01  1.083481e-01
6.535470e+01  1.036654e-01
6.641180e+01  9.918041e-02
6.748590e+01  9.487349e-02
6.857750e+01  9.121476e-02
6.968670e+01  8.780573e-02
7.081380e+01  8.454423e-02
7.195910e+01  8.141745e-02
7.312300e+01  7.841700e-02
7.430570e+01  7.553603e-02
7.550760e+01  7.276680e-02
7.672890e+01  7.015527e-02
7.796990e+01  6.771107e-02
7.923100e+01  6.536144e-02
8.051250e+01  6.309981e-02
8.181470e+01  6.092177e-02
8.313800e+01  5.882165e-02
8.448270e+01  5.679515e-02
8.584910e+01  5.510882e-02
8.723770e+01  5.348591e-02
8.864870e+01  5.191937e-02
9.008250e+01  5.040524e-02
9.153950e+01  4.894074e-02
9.302010e+01  4.752288e-02
9.452460e+01  4.614781e-02
9.605350e+01  4.496609e-02
9.760710e+01  4.382409e-02
9.918580e+01  4.271923e-02
1.007900e+02  4.165187e-02
1.024200e+02  4.040654e-02
1.040770e+02  3.889555e-02
1.057600e+02  3.743445e-02
1.074710e+02  3.602695e-02
1.092090e+02  3.463678e-02
1.109750e+02  3.313724e-02
1.127700e+02  3.169796e-02
1.145940e+02  3.031922e-02
1.164480e+02  2.899900e-02
1.183310e+02  2.773626e-02
1.202450e+02  2.652930e-02
1.221900e+02  2.520169e-02
1.241660e+02  2.349343e-02
1.261750e+02  2.189024e-02
1.282150e+02  2.038945e-02
1.302890e+02  1.898536e-02
1.323970e+02  1.749239e-02
1.345380e+02  1.601270e-02
1.367140e+02  1.398477e-02
1.389250e+02  1.231544e-02
1.411720e+02  1.103640e-02
1.434560e+02  1.063786e-02
1.457760e+02  2.478441e-02
1.481340e+02  6.185296e-02
1.505300e+02  8.804871e-02
1.529640e+02  8.111614e-02
1.554390e+02  6.836071e-02
1.579530e+02  5.475311e-02
1.605070e+02  4.584747e-02
1.631030e+02  4.183966e-02
1.657420e+02  3.902945e-02
1.684220e+02  3.642020e-02
1.711460e+02  3.422480e-02
1.739150e+02  3.217369e-02
1.767270e+02  3.024505e-02
1.795860e+02  2.848918e-02
1.824910e+02  2.696609e-02
1.854420e+02  2.552540e-02
1.884420e+02  2.416066e-02
1.914890e+02  2.286767e-02
1.945870e+02  2.174213e-02
1.977340e+02  2.068350e-02
2.009320e+02  1.967651e-02
2.041820e+02  1.874807e-02
2.074850e+02  1.789376e-02
2.108400e+02  1.707906e-02
2.142510e+02  1.630060e-02
2.177160e+02  1.554789e-02
2.212370e+02  1.482970e-02
2.248160e+02  1.414364e-02
2.284520e+02  1.362670e-02
2.321470e+02  1.319502e-02
2.359020e+02  1.277858e-02
2.397170e+02  1.237652e-02
2.435950e+02  1.192855e-02
2.475350e+02  1.147331e-02
2.515380e+02  1.103545e-02
2.556070e+02  1.061694e-02
2.597410e+02  1.021753e-02
2.639420e+02  9.833209e-03
2.682110e+02  9.463208e-03
2.725490e+02  9.139752e-03
2.769570e+02  8.868333e-03
2.814370e+02  8.605352e-03
2.859890e+02  8.350484e-03
2.906150e+02  8.103385e-03
2.953150e+02  7.863966e-03
3.000920e+02  7.615492e-03
3.049450e+02  7.361957e-03
3.098780e+02  7.116857e-03
3.148900e+02  6.880000e-03
3.199830e+02  6.651123e-03
3.251580e+02  6.429880e-03
3.304180e+02  6.216009e-03
3.357620e+02  6.019269e-03
3.411920e+02  5.831092e-03
3.467110e+02  5.648849e-03
3.523190e+02  5.472385e-03
3.580170e+02  5.301530e-03
3.638080e+02  5.132844e-03
3.696920e+02  4.963345e-03
3.756720e+02  4.799476e-03
3.817480e+02  4.641036e-03
3.879220e+02  4.487895e-03
3.941970e+02  4.339846e-03
4.005730e+02  4.195412e-03
4.070520e+02  4.049834e-03
4.136350e+02  3.909355e-03
4.203260e+02  3.773734e-03
4.271240e+02  3.642854e-03
4.340320e+02  3.516550e-03
4.410520e+02  3.394637e-03
4.481860e+02  3.276955e-03
4.554350e+02  3.164526e-03
4.628020e+02  3.056149e-03
4.702870e+02  2.951521e-03
4.778940e+02  2.850485e-03
4.856230e+02  2.752921e-03
4.934780e+02  2.658730e-03
5.014590e+02  2.564011e-03
5.095700e+02  2.472293e-03
5.178120e+02  2.383877e-03
5.261870e+02  2.298633e-03
5.346980e+02  2.214133e-03
5.433460e+02  2.132430e-03
5.521340e+02  2.053749e-03
5.610650e+02  1.977973e-03
5.701390e+02  1.905012e-03
5.793610e+02  1.834757e-03
5.887320e+02  1.767099e-03
5.982540e+02  1.693808e-03
6.079300e+02  1.622452e-03
6.177630e+02  1.554098e-03
6.277550e+02  1.488627e-03
6.379080e+02  1.425924e-03
6.482260e+02  1.365867e-03
6.587110e+02  1.308338e-03
6.693650e+02  1.253237e-03
6.801910e+02  1.200395e-03
6.911930e+02  1.149418e-03
7.023720e+02  1.100614e-03
7.137330e+02  1.053886e-03
7.252770e+02  1.009143e-03
7.370080e+02  9.662988e-04
7.489280e+02  9.252779e-04
7.610420e+02  8.860062e-04
7.733510e+02  8.476497e-04
7.858590e+02  8.107459e-04
7.985700e+02  7.754522e-04
8.114860e+02  7.416892e-04
8.246110e+02  7.094096e-04
8.379490e+02  6.785238e-04
8.515020e+02  6.488739e-04
8.652740e+02  6.203947e-04
8.792690e+02  5.930529e-04
8.934910e+02  5.669185e-04
9.079430e+02  5.419295e-04
9.226280e+02  5.180479e-04
9.375510e+02  4.948956e-04
9.527150e+02  4.726988e-04
9.681240e+02  4.514276e-04
9.837830e+02  4.311269e-04
9.996950e+02  4.116910e-04
1.015860e+03  3.930841e-04
1.032290e+03  3.749729e-04
1.048990e+03  3.576891e-04
1.065960e+03  3.412012e-04
1.083200e+03  3.254723e-04
1.100720e+03  3.104643e-04
1.118520e+03  2.961459e-04
1.136610e+03  2.824955e-04
1.155000e+03  2.694654e-04
1.173680e+03  2.570323e-04
1.192660e+03  2.451714e-04
1.211950e+03  2.338406e-04
1.231550e+03  2.229790e-04
1.241000e+03  2.176171e-04
1.241200e+03  1.103100e-03
1.251470e+03  1.074374e-03
1.271720e+03  1.017099e-03
1.292290e+03  9.626387e-04
1.313190e+03  9.110252e-04
1.334430e+03  8.621367e-04
1.356010e+03  8.158551e-04
1.377940e+03  7.720418e-04
1.400230e+03  7.305659e-04
1.422880e+03  6.913159e-04
1.445890e+03  6.541775e-04
1.469280e+03  6.190198e-04
1.493040e+03  5.857508e-04
1.517190e+03  5.542658e-04
1.541730e+03  5.244732e-04
1.566670e+03  4.962802e-04
1.592010e+03  4.695908e-04
1.611200e+03  4.505304e-04
1.611400e+03  5.267415e-04
1.617760e+03  5.198703e-04
1.643920e+03  4.925402e-04
1.670510e+03  4.666245e-04
1.697530e+03  4.420709e-04
1.724990e+03  4.188100e-04
1.752890e+03  3.967698e-04
1.767600e+03  3.857332e-04
1.767800e+03  4.133824e-04
1.781240e+03  4.029232e-04
1.810050e+03  3.815882e-04
1.839320e+03  3.613835e-04
1.869070e+03  3.422458e-04
1.899300e+03  3.241269e-04
1.930020e+03  3.069594e-04
1.961240e+03  2.906978e-04
1.967400e+03  2.876159e-04
1.967600e+03  2.995410e-04
1.992960e+03  2.871427e-04
2.025200e+03  2.723207e-04
2.057950e+03  2.581298e-04
2.091240e+03  2.446446e-04
2.125060e+03  2.318435e-04
2.159430e+03  2.196894e-04
2.194360e+03  2.081488e-04
2.229850e+03  1.971971e-04
2.265920e+03  1.868033e-04
2.302570e+03  1.769422e-04
2.339810e+03  1.675867e-04
2.377660e+03  1.587109e-04
2.416110e+03  1.502922e-04
2.455190e+03  1.423133e-04
2.494900e+03  1.347461e-04
2.535260e+03  1.275713e-04
2.576260e+03  1.207704e-04
2.617930e+03  1.143266e-04
2.660270e+03  1.082178e-04
2.703300e+03  1.024288e-04
2.747030e+03  9.694753e-05
2.791460e+03  9.175010e-05
2.836610e+03  8.682864e-05
2.882490e+03  8.216753e-05
2.929110e+03  7.775151e-05
2.976480e+03  7.357013e-05
3.024630e+03  6.960716e-05
3.073550e+03  6.585939e-05
3.123260e+03  6.230723e-05
3.173780e+03  5.894305e-05
3.225110e+03  5.576136e-05
3.277270e+03  5.275072e-05
3.330280e+03  4.989581e-05
3.384150e+03  4.719675e-05
3.438880e+03  4.464202e-05
3.494500e+03  4.222332e-05
3.551020e+03  3.993472e-05
3.608460e+03  3.776829e-05
3.666820e+03  3.571859e-05
3.726130e+03  3.377918e-05
3.786400e+03  3.194406e-05
3.847640e+03  3.020781e-05
3.909870e+03  2.856487e-05
3.973110e+03  2.701077e-05
4.037380e+03  2.553996e-05
4.102680e+03  2.414910e-05
4.169030e+03  2.283311e-05
4.236460e+03  2.158853e-05
4.304980e+03  2.041083e-05
4.374620e+03  1.929697e-05
4.445370e+03  1.824355e-05
4.517270e+03  1.724707e-05
4.590330e+03  1.630476e-05
4.664580e+03  1.541310e-05
4.740030e+03  1.456999e-05
4.816690e+03  1.377287e-05
4.894600e+03  1.301880e-05
4.973770e+03  1.230587e-05
5.054210e+03  1.163146e-05
5.135960e+03  1.099374e-05
5.219030e+03  1.039066e-05
5.303440e+03  9.820578e-06
5.389220e+03  9.281206e-06
5.476390e+03  8.771222e-06
5.564970e+03  8.289168e-06
5.654980e+03  7.833328e-06
5.746440e+03  7.402341e-06
5.839390e+03  6.994762e-06
5.933830e+03  6.609388e-06
6.029810e+03  6.245232e-06
6.127330e+03  5.900741e-06
6.226440e+03  5.575008e-06
6.327150e+03  5.267150e-06
6.429480e+03  4.976063e-06
6.533480e+03  4.700929e-06
6.639150e+03  4.440832e-06
6.746540e+03  4.194768e-06
6.855650e+03  3.962335e-06
6.966540e+03  3.742624e-06
7.079220e+03  3.534722e-06
7.193720e+03  3.338424e-06
7.310070e+03  3.152650e-06
7.428310e+03  2.977352e-06
7.513900e+03  2.858142e-06
7.514100e+03  7.769578e-06
7.548450e+03  7.646600e-06
7.670540e+03  7.229054e-06
7.794610e+03  6.834398e-06
7.920680e+03  6.461182e-06
8.048790e+03  6.108470e-06
8.178980e+03  5.774971e-06
8.251500e+03  5.599282e-06
8.251700e+03  7.838372e-06
8.311260e+03  7.620898e-06
8.445690e+03  7.157282e-06
8.582290e+03  6.721888e-06
8.707900e+03  6.350585e-06
8.708100e+03  7.213732e-06
8.721110e+03  7.176747e-06
8.862160e+03  6.791109e-06
9.005500e+03  6.425517e-06
9.151160e+03  6.078345e-06
9.299170e+03  5.748938e-06
9.449580e+03  5.436530e-06
9.602420e+03  5.140270e-06
9.757730e+03  4.859289e-06
9.915550e+03  4.593293e-06
1.007590e+04  4.340964e-06
1.023890e+04  4.101915e-06
1.040450e+04  3.875495e-06
1.057280e+04  3.661070e-06
1.074380e+04  3.458082e-06
1.091760e+04  3.265916e-06
1.109420e+04  3.084065e-06
1.127360e+04  2.912025e-06
1.145590e+04  2.749272e-06
1.164120e+04  2.595309e-06
1.182950e+04  2.449703e-06
1.202080e+04  2.312049e-06
1.221530e+04  2.181872e-06
1.241280e+04  2.058875e-06
1.261360e+04  1.942597e-06
1.281760e+04  1.832736e-06
1.302500e+04  1.728907e-06
1.323560e+04  1.630859e-06
1.344970e+04  1.538227e-06
1.366720e+04  1.450751e-06
1.388830e+04  1.368128e-06
1.411290e+04  1.290129e-06
1.434120e+04  1.216479e-06
1.457310e+04  1.146964e-06
1.480890e+04  1.081330e-06
1.504840e+04  1.019398e-06
1.529180e+04  9.609494e-07
1.553910e+04  9.058021e-07
1.579040e+04  8.537675e-07
1.604580e+04  8.046718e-07
1.630540e+04  7.583512e-07
1.656910e+04  7.146687e-07
1.683710e+04  6.734623e-07
1.710940e+04  6.346052e-07
1.738610e+04  5.979591e-07
1.766740e+04  5.633957e-07
1.795310e+04  5.308152e-07
1.824350e+04  5.000930e-07
1.853860e+04  4.711284e-07
1.883840e+04  4.438264e-07
1.914310e+04  4.180898e-07
1.945270e+04  3.938305e-07
1.976740e+04  3.709625e-07
2.008710e+04  3.494137e-07
2.041200e+04  3.291036e-07
2.074210e+04  3.099665e-07
2.107760e+04  2.919316e-07
2.141850e+04  2.749383e-07
2.176500e+04  2.589248e-07
2.211700e+04  2.438399e-07
2.247470e+04  2.296274e-07
2.283820e+04  2.162380e-07
2.320760e+04  2.036238e-07
2.358300e+04  1.917410e-07
2.396440e+04  1.805491e-07
2.435200e+04  1.700057e-07
2.474590e+04  1.600750e-07
2.514620e+04  1.507213e-07
2.555290e+04  1.419122e-07
2.596620e+04  1.336161e-07
2.638610e+04  1.258033e-07
2.681290e+04  1.184448e-07
2.724660e+04  1.115154e-07
2.768730e+04  1.049898e-07
2.813510e+04  9.884525e-08
2.859020e+04  9.305892e-08
2.905260e+04  8.761066e-08
2.952250e+04  8.248069e-08
3.000000e+04  7.765042e-08
-1  -1
