  -1
3.025550e+01  4.791319e-02
3.074490e+01  4.398268e-02
3.124210e+01  4.022507e-02
3.174750e+01  3.675533e-02
3.226090e+01  3.339010e-02
3.278270e+01  3.046873e-02
3.331300e+01  2.860207e-02
3.385180e+01  2.687575e-02
3.439930e+01  2.526878e-02
3.495570e+01  2.394815e-02
3.552110e+01  2.272198e-02
3.609560e+01  2.156548e-02
3.667940e+01  2.058570e-02
3.727270e+01  1.969860e-02
3.787550e+01  1.885098e-02
3.848820e+01  1.804168e-02
3.911070e+01  1.729349e-02
3.974320e+01  1.656195e-02
4.038610e+01  1.595658e-02
4.103930e+01  1.543508e-02
4.170310e+01  1.851556e-02
4.237760e+01  3.863883e-02
4.306300e+01  7.628296e-02
4.375950e+01  6.894011e-02
4.446730e+01  5.863737e-02
4.518650e+01  5.007443e-02
4.591740e+01  4.358508e-02
4.666000e+01  4.156086e-02
4.741470e+01  4.581826e-02
4.818160e+01  5.034055e-02
4.896090e+01  5.376699e-02
4.975280e+01  5.737734e-02
5.055760e+01  6.108820e-02
5.137530e+01  6.506445e-02
5.220620e+01  6.995762e-02
5.305060e+01  7.571884e-02
5.390870e+01  7.908318e-02
5.478060e+01  8.249476e-02
5.566670e+01  8.596771e-02
5.656700e+01  8.951250e-02
5.748200e+01  9.318905e-02
5.841170e+01  9.786719e-02
5.935640e+01  1.030592e-01
6.031650e+01  1.087732e-01
6.129210e+01  1.124707e-01
6.228340e+01  1.156481e-01
6.329080e+01  1.192140e-01
6.431450e+01  1.232977e-01
6.535470e+01  1.276410e-01
6.641180e+01  1.323561e-01
6.748590e+01  1.354274e-01
6.857750e+01  1.380900e-01
6.968670e+01  1.407606e-01
7.081380e+01  1.435101e-01
7.195910e+01  1.463833e-01
7.312300e+01  1.489402e-01
7.430570e+01  1.506331e-01
7.550760e+01  1.522847e-01
7.672890e+01  1.542144e-01
7.796990e+01  1.564806e-01
7.923100e+01  1.587925e-01
8.051250e+01  1.601224e-01
8.181470e+01  1.614345e-01
8.313800e+01  1.627213e-01
8.448270e+01  1.638531e-01
8.584910e+01  1.651922e-01
8.723770e+01  1.645603e-01
8.864870e+01  1.634242e-01
9.008250e+01  1.622076e-01
9.153950e+01  1.610263e-01
9.302010e+01  1.600298e-01
9.452460e+01  1.571041e-01
9.605350e+01  1.533605e-01
9.760710e+01  1.496354e-01
9.918580e+01  1.461136e-01
1.007900e+02  1.406093e-01
1.024200e+02  1.334710e-01
1.040770e+02  1.266060e-01
1.057600e+02  1.179355e-01
1.074710e+02  1.055258e-01
1.092090e+02  9.402531e-02
1.109750e+02  8.363536e-02
1.127700e+02  7.432353e-02
1.145940e+02  6.605809e-02
1.164480e+02  5.634035e-02
1.183310e+02  4.694784e-02
1.202450e+02  3.905337e-02
1.221900e+02  3.246915e-02
1.241660e+02  2.703021e-02
1.261750e+02  2.274025e-02
1.282150e+02  1.913916e-02
1.302890e+02  1.611314e-02
1.323970e+02  1.356977e-02
1.345380e+02  1.143153e-02
1.367140e+02  9.633110e-03
1.389250e+02  8.119838e-03
1.411720e+02  6.845848e-03
1.434560e+02  5.893304e-03
1.457760e+02  5.225448e-03
1.481340e+02  4.634623e-03
1.505300e+02  4.249134e-03
1.529640e+02  4.108534e-03
1.554390e+02  3.974100e-03
1.579530e+02  3.845042e-03
1.605070e+02  3.738014e-03
1.631030e+02  3.689482e-03
1.657420e+02  3.642256e-03
1.684220e+02  3.596246e-03
1.711460e+02  3.551155e-03
1.739150e+02  3.548403e-03
1.767270e+02  3.565031e-03
1.795860e+02  3.582057e-03
1.824910e+02  3.623594e-03
1.854420e+02  3.670143e-03
1.884420e+02  3.717622e-03
1.914890e+02  3.766107e-03
1.945870e+02  3.815492e-03
1.977340e+02  3.865905e-03
2.009320e+02  3.889443e-03
2.041820e+02  3.911772e-03
2.074850e+02  3.934426e-03
2.108400e+02  3.957480e-03
2.142510e+02  3.980814e-03
2.177160e+02  4.004586e-03
2.212370e+02  4.005726e-03
2.248160e+02  3.985704e-03
2.284520e+02  3.965872e-03
2.321470e+02  3.946267e-03
2.359020e+02  3.926872e-03
2.397170e+02  3.907716e-03
2.435950e+02  3.888775e-03
2.475350e+02  3.854391e-03
2.515380e+02  3.805702e-03
2.556070e+02  3.757650e-03
2.597410e+02  3.710296e-03
2.639420e+02  3.663606e-03
2.682110e+02  3.617598e-03
2.725490e+02  3.569529e-03
2.769570e+02  3.490705e-03
2.814370e+02  3.413598e-03
2.859890e+02  3.338223e-03
2.906150e+02  3.264531e-03
2.953150e+02  3.192515e-03
3.000920e+02  3.122102e-03
3.049450e+02  3.053300e-03
3.098780e+02  2.986023e-03
3.148900e+02  2.920279e-03
3.199830e+02  2.856020e-03
3.251580e+02  2.793255e-03
3.304180e+02  2.709362e-03
3.357620e+02  2.625467e-03
3.411920e+02  2.544180e-03
3.467110e+02  2.465405e-03
3.523190e+02  2.389080e-03
3.580170e+02  2.315140e-03
3.638080e+02  2.243494e-03
3.696920e+02  2.174087e-03
3.756720e+02  2.106838e-03
3.817480e+02  2.040469e-03
3.879220e+02  1.947370e-03
3.941970e+02  1.858482e-03
4.005730e+02  1.773642e-03
4.070520e+02  1.692667e-03
4.136350e+02  1.615397e-03
4.203260e+02  1.541636e-03
4.271240e+02  1.471588e-03
4.340320e+02  1.414568e-03
4.410520e+02  1.359763e-03
4.481860e+02  1.307083e-03
4.554350e+02  1.256446e-03
4.628020e+02  1.207764e-03
4.702870e+02  1.160972e-03
4.778940e+02  1.115983e-03
4.856230e+02  1.072731e-03
4.934780e+02  1.032454e-03
5.014590e+02  1.002742e-03
5.095700e+02  9.738705e-04
5.178120e+02  9.458099e-04
5.261870e+02  9.185175e-04
5.346980e+02  9.064521e-04
5.433460e+02  9.047595e-04
5.521340e+02  9.029293e-04
5.610650e+02  9.353643e-04
5.701390e+02  9.973551e-04
5.729000e+02  1.011263e-03
5.731000e+02  4.936892e-03
5.793610e+02  4.778700e-03
5.887320e+02  4.508261e-03
5.982540e+02  4.249182e-03
6.079300e+02  4.003611e-03
6.177630e+02  3.771492e-03
6.277550e+02  3.552371e-03
6.379080e+02  3.364971e-03
6.482260e+02  3.215913e-03
6.587110e+02  3.073424e-03
6.693650e+02  2.937171e-03
6.801910e+02  2.806912e-03
6.911930e+02  2.682398e-03
7.023720e+02  2.549823e-03
7.137330e+02  2.422457e-03
7.252770e+02  2.301419e-03
7.370080e+02  2.186386e-03
7.489280e+02  2.077077e-03
7.610420e+02  1.980161e-03
7.733510e+02  1.897204e-03
7.858590e+02  1.817717e-03
7.985700e+02  1.741785e-03
8.114860e+02  1.722573e-03
8.246110e+02  1.703649e-03
8.379490e+02  1.684971e-03
8.515020e+02  1.654897e-03
8.652740e+02  1.585263e-03
8.792690e+02  1.518510e-03
8.934910e+02  1.454558e-03
9.079430e+02  1.391614e-03
9.226280e+02  1.330426e-03
9.375510e+02  1.271920e-03
9.527150e+02  1.215978e-03
9.681240e+02  1.170082e-03
9.837830e+02  1.127483e-03
9.996950e+02  1.085094e-03
1.015860e+03  1.042034e-03
1.032290e+03  9.894847e-04
1.048990e+03  9.392657e-04
1.065960e+03  8.913621e-04
1.083200e+03  8.459046e-04
1.100720e+03  8.027637e-04
1.118520e+03  7.618248e-04
1.136610e+03  7.229779e-04
1.155000e+03  6.860976e-04
1.173680e+03  6.511043e-04
1.192660e+03  6.179065e-04
1.211950e+03  5.863952e-04
1.231550e+03  5.564891e-04
1.251470e+03  5.281246e-04
1.271720e+03  5.012131e-04
1.292290e+03  4.756912e-04
1.313190e+03  4.514708e-04
1.334430e+03  4.284837e-04
1.356010e+03  4.066717e-04
1.377940e+03  3.859710e-04
1.400230e+03  3.663196e-04
1.422880e+03  3.476682e-04
1.445890e+03  3.299696e-04
1.469280e+03  3.131242e-04
1.493040e+03  2.970743e-04
1.517190e+03  2.815777e-04
1.541730e+03  2.668552e-04
1.566670e+03  2.529038e-04
1.592010e+03  2.396814e-04
1.617760e+03  2.271496e-04
1.643920e+03  2.152732e-04
1.670510e+03  2.040167e-04
1.697530e+03  1.933500e-04
1.724990e+03  1.832408e-04
1.752890e+03  1.735190e-04
1.781240e+03  1.642661e-04
1.810050e+03  1.554694e-04
1.839320e+03  1.471437e-04
1.869070e+03  1.392625e-04
1.899300e+03  1.318026e-04
1.930020e+03  1.247439e-04
1.961240e+03  1.180638e-04
1.992960e+03  1.117423e-04
2.025200e+03  1.058128e-04
2.057950e+03  1.000959e-04
2.091240e+03  9.467833e-05
2.125060e+03  8.954619e-05
2.159430e+03  8.468974e-05
2.194360e+03  8.008682e-05
2.229850e+03  7.572585e-05
2.265920e+03  7.159982e-05
2.302570e+03  6.769228e-05
2.339810e+03  6.399883e-05
2.377660e+03  6.049885e-05
2.416110e+03  5.718539e-05
2.455190e+03  5.405473e-05
2.494900e+03  5.108784e-05
2.535260e+03  4.828516e-05
2.576260e+03  4.563154e-05
2.617930e+03  4.312230e-05
2.660270e+03  4.074975e-05
2.703300e+03  3.850540e-05
2.747030e+03  3.638303e-05
2.791460e+03  3.437655e-05
2.836610e+03  3.247925e-05
2.882490e+03  3.068572e-05
2.929110e+03  2.899000e-05
2.976480e+03  2.738743e-05
3.024630e+03  2.587227e-05
3.073550e+03  2.444070e-05
3.123260e+03  2.308729e-05
3.173780e+03  2.180830e-05
3.225110e+03  2.059971e-05
3.277270e+03  1.945759e-05
3.330280e+03  1.837829e-05
3.384150e+03  1.735863e-05
3.438880e+03  1.639513e-05
3.494500e+03  1.548504e-05
3.551020e+03  1.462491e-05
3.608460e+03  1.381237e-05
3.666820e+03  1.304491e-05
3.726130e+03  1.231987e-05
3.786400e+03  1.163506e-05
3.847640e+03  1.098814e-05
3.909870e+03  1.037704e-05
3.973110e+03  9.799692e-06
4.037380e+03  9.254585e-06
4.102680e+03  8.739703e-06
4.169030e+03  8.253275e-06
4.236460e+03  7.793800e-06
4.304980e+03  7.359953e-06
4.341300e+03  7.142209e-06
4.341500e+03  2.447616e-05
4.374620e+03  2.382030e-05
4.445370e+03  2.249073e-05
4.517270e+03  2.123552e-05
4.590330e+03  2.005001e-05
4.611900e+03  1.971607e-05
4.612100e+03  2.704019e-05
4.664580e+03  2.596443e-05
4.740030e+03  2.451090e-05
4.816690e+03  2.313891e-05
4.894600e+03  2.184309e-05
4.939100e+03  2.114442e-05
4.939300e+03  2.405228e-05
4.973770e+03  2.348760e-05
5.054210e+03  2.223447e-05
5.135960e+03  2.104390e-05
5.219030e+03  1.991292e-05
5.303440e+03  1.883920e-05
5.389220e+03  1.781997e-05
5.476390e+03  1.685295e-05
5.564970e+03  1.593553e-05
5.654980e+03  1.506574e-05
5.746440e+03  1.424105e-05
5.839390e+03  1.345921e-05
5.933830e+03  1.271861e-05
6.029810e+03  1.201667e-05
6.127330e+03  1.135206e-05
6.226440e+03  1.072263e-05
6.327150e+03  1.012684e-05
6.429480e+03  9.562864e-06
6.533480e+03  9.029131e-06
6.639150e+03  8.524350e-06
6.746540e+03  8.046713e-06
6.855650e+03  7.595129e-06
6.966540e+03  7.167959e-06
7.079220e+03  6.763979e-06
7.193720e+03  6.382147e-06
7.310070e+03  6.021359e-06
7.428310e+03  5.680464e-06
7.548450e+03  5.358299e-06
7.670540e+03  5.053872e-06
7.794610e+03  4.766332e-06
7.920680e+03  4.494937e-06
8.048790e+03  4.238481e-06
8.178980e+03  3.996336e-06
8.311260e+03  3.767855e-06
8.445690e+03  3.552013e-06
8.582290e+03  3.348322e-06
8.721110e+03  3.156215e-06
8.862160e+03  2.974852e-06
9.005500e+03  2.803744e-06
9.151160e+03  2.642275e-06
9.299170e+03  2.489930e-06
9.449580e+03  2.346307e-06
9.602420e+03  2.210815e-06
9.757730e+03  2.082949e-06
9.915550e+03  1.962413e-06
1.007590e+04  1.848782e-06
1.023890e+04  1.741624e-06
1.040450e+04  1.640608e-06
1.057280e+04  1.545369e-06
1.074380e+04  1.455603e-06
1.091760e+04  1.370979e-06
1.109420e+04  1.291224e-06
1.127360e+04  1.216073e-06
1.145590e+04  1.145249e-06
1.164120e+04  1.078503e-06
1.182950e+04  1.015605e-06
1.202080e+04  9.563530e-07
1.221530e+04  9.005115e-07
1.241280e+04  8.479229e-07
1.261360e+04  7.983664e-07
1.281760e+04  7.516910e-07
1.302500e+04  7.077141e-07
1.323560e+04  6.663076e-07
1.344970e+04  6.272997e-07
1.366720e+04  5.905662e-07
1.388830e+04  5.559646e-07
1.411290e+04  5.233855e-07
1.434120e+04  4.926996e-07
1.457310e+04  4.638089e-07
1.480890e+04  4.365980e-07
1.504840e+04  4.109816e-07
1.529180e+04  3.868606e-07
1.553910e+04  3.641510e-07
1.579040e+04  3.427715e-07
1.604580e+04  3.226411e-07
1.630540e+04  3.036852e-07
1.656910e+04  2.858450e-07
1.683710e+04  2.690496e-07
1.710940e+04  2.532390e-07
1.738610e+04  2.383563e-07
1.766740e+04  2.243438e-07
1.795310e+04  2.111575e-07
1.824350e+04  1.987432e-07
1.853860e+04  1.870583e-07
1.883840e+04  1.760612e-07
1.914310e+04  1.657096e-07
1.945270e+04  1.559676e-07
1.976740e+04  1.467958e-07
2.008710e+04  1.381659e-07
2.041200e+04  1.300424e-07
2.074210e+04  1.223978e-07
2.107760e+04  1.152024e-07
2.141850e+04  1.084310e-07
2.176500e+04  1.020572e-07
2.211700e+04  9.606013e-08
2.247470e+04  9.041558e-08
2.283820e+04  8.510324e-08
2.320760e+04  8.010397e-08
2.358300e+04  7.539895e-08
2.396440e+04  7.097176e-08
2.435200e+04  6.680447e-08
2.474590e+04  6.288284e-08
2.514620e+04  5.919205e-08
2.555290e+04  5.571914e-08
2.596620e+04  5.245065e-08
2.638610e+04  4.937495e-08
2.681290e+04  4.648005e-08
2.724660e+04  4.375564e-08
2.768730e+04  4.119180e-08
2.813510e+04  3.877895e-08
2.859020e+04  3.650808e-08
2.905260e+04  3.437103e-08
2.952250e+04  3.235970e-08
3.000000e+04  3.046684e-08
-1  -1
