  -1
3.025550e+01  1.319204e+00
3.074490e+01  1.293575e+00
3.124210e+01  1.266912e+00
3.174750e+01  1.240119e+00
3.226090e+01  1.214812e+00
3.278270e+01  1.195870e+00
3.331300e+01  1.164333e+00
3.385180e+01  1.115772e+00
3.439930e+01  1.060602e+00
3.495570e+01  1.002936e+00
3.552110e+01  9.445709e-01
3.609560e+01  8.869098e-01
3.667940e+01  8.311815e-01
3.727270e+01  7.745730e-01
3.787550e+01  7.191997e-01
3.848820e+01  6.663529e-01
3.911070e+01  6.164986e-01
3.974320e+01  5.699936e-01
4.038610e+01  5.268026e-01
4.103930e+01  4.823397e-01
4.170310e+01  4.405514e-01
4.237760e+01  4.018934e-01
4.306300e+01  3.663646e-01
4.375950e+01  3.338443e-01
4.446730e+01  3.041544e-01
4.518650e+01  2.771031e-01
4.591740e+01  2.524812e-01
4.666000e+01  2.300735e-01
4.741470e+01  2.101351e-01
4.818160e+01  1.920633e-01
4.896090e+01  1.756427e-01
4.975280e+01  1.607088e-01
5.055760e+01  1.471201e-01
5.137530e+01  1.347503e-01
5.220620e+01  1.234828e-01
5.305060e+01  1.132116e-01
5.390870e+01  1.038408e-01
5.478060e+01  9.527547e-02
5.566670e+01  8.776117e-02
5.656700e+01  8.170508e-02
5.748200e+01  7.614396e-02
5.841170e+01  7.101164e-02
5.935640e+01  6.626536e-02
6.031650e+01  6.186897e-02
6.129210e+01  5.779239e-02
6.228340e+01  5.400859e-02
6.329080e+01  5.049267e-02
6.431450e+01  4.722302e-02
6.535470e+01  4.417982e-02
6.641180e+01  4.136063e-02
6.748590e+01  3.878935e-02
6.857750e+01  3.638831e-02
6.968670e+01  3.414416e-02
7.081380e+01  3.204495e-02
7.195910e+01  3.007947e-02
7.312300e+01  2.823792e-02
7.430570e+01  2.651094e-02
7.550760e+01  2.488848e-02
7.672890e+01  2.336137e-02
7.796990e+01  2.192473e-02
7.923100e+01  2.057081e-02
8.051250e+01  1.937270e-02
8.181470e+01  1.823488e-02
8.313800e+01  1.691174e-02
8.448270e+01  1.616165e-02
8.584910e+01  1.565191e-02
8.723770e+01  1.708322e-02
8.864870e+01  2.708888e-02
9.008250e+01  4.896324e-02
9.153950e+01  9.236443e-02
9.302010e+01  6.089688e-02
9.452460e+01  2.342209e-02
9.605350e+01  2.123106e-02
9.760710e+01  3.098892e-02
9.918580e+01  5.440104e-02
1.007900e+02  9.609981e-02
1.024200e+02  1.777656e-01
1.040770e+02  2.396779e-01
1.057600e+02  2.669526e-01
1.074710e+02  2.807088e-01
1.092090e+02  2.570057e-01
1.109750e+02  2.137300e-01
1.127700e+02  1.717765e-01
1.145940e+02  1.477256e-01
1.164480e+02  1.288006e-01
1.183310e+02  1.131987e-01
1.202450e+02  1.017678e-01
1.221900e+02  9.155766e-02
1.241660e+02  8.238796e-02
1.261750e+02  7.405986e-02
1.282150e+02  6.556187e-02
1.302890e+02  5.798949e-02
1.323970e+02  5.125927e-02
1.345380e+02  4.559862e-02
1.367140e+02  4.178321e-02
1.389250e+02  3.832117e-02
1.411720e+02  3.516879e-02
1.434560e+02  3.200042e-02
1.457760e+02  2.896599e-02
1.481340e+02  2.622092e-02
1.505300e+02  2.373953e-02
1.529640e+02  2.149789e-02
1.554390e+02  1.927423e-02
1.579530e+02  1.674843e-02
1.605070e+02  1.454861e-02
1.631030e+02  1.263707e-02
1.657420e+02  1.101284e-02
1.684220e+02  9.621226e-03
1.711460e+02  8.406347e-03
1.739150e+02  7.380940e-03
1.767270e+02  6.739273e-03
1.795860e+02  6.155195e-03
1.824910e+02  5.623052e-03
1.854420e+02  5.137851e-03
1.884420e+02  4.695122e-03
1.914890e+02  4.291123e-03
1.945870e+02  3.948121e-03
1.977340e+02  3.648562e-03
2.009320e+02  3.372086e-03
2.041820e+02  3.116700e-03
2.074850e+02  2.988910e-03
2.108400e+02  2.882324e-03
2.142510e+02  2.779860e-03
2.177160e+02  2.681333e-03
2.212370e+02  2.586528e-03
2.248160e+02  2.495236e-03
2.284520e+02  2.407326e-03
2.321470e+02  2.346335e-03
2.359020e+02  2.297645e-03
2.397170e+02  2.250145e-03
2.435950e+02  2.203743e-03
2.475350e+02  2.155292e-03
2.515380e+02  2.105400e-03
2.556070e+02  2.056730e-03
2.597410e+02  2.009280e-03
2.639420e+02  1.967367e-03
2.682110e+02  1.946818e-03
2.725490e+02  1.926580e-03
2.769570e+02  1.906632e-03
2.814370e+02  1.886961e-03
2.859890e+02  1.867558e-03
2.906150e+02  1.848426e-03
2.953150e+02  1.818363e-03
3.000920e+02  1.784652e-03
3.049450e+02  1.751606e-03
3.098780e+02  1.719181e-03
3.148900e+02  1.695761e-03
3.199830e+02  1.687847e-03
3.251580e+02  1.680020e-03
3.304180e+02  1.672241e-03
3.357620e+02  1.673270e-03
3.411920e+02  1.677416e-03
3.467110e+02  1.681577e-03
3.523190e+02  1.692459e-03
3.580170e+02  1.750773e-03
3.638080e+02  1.811149e-03
3.696920e+02  1.888441e-03
3.756720e+02  2.020501e-03
3.817480e+02  2.161941e-03
3.879220e+02  2.313409e-03
3.941970e+02  2.475619e-03
4.005730e+02  2.622096e-03
4.070520e+02  2.731777e-03
4.136350e+02  2.846096e-03
4.203260e+02  2.965217e-03
4.271240e+02  3.089422e-03
4.340320e+02  3.218924e-03
4.410520e+02  3.353977e-03
4.481860e+02  3.483189e-03
4.554350e+02  3.585775e-03
4.628020e+02  3.691458e-03
4.702870e+02  3.788622e-03
4.778940e+02  3.834714e-03
4.856230e+02  3.881370e-03
4.934780e+02  3.928705e-03
5.014590e+02  3.944383e-03
5.095700e+02  3.904814e-03
5.178120e+02  3.865533e-03
5.261870e+02  3.826590e-03
5.346980e+02  3.788018e-03
5.433460e+02  3.749855e-03
5.521340e+02  3.707775e-03
5.610650e+02  3.656134e-03
5.701390e+02  3.605202e-03
5.793610e+02  3.554956e-03
5.887320e+02  3.505416e-03
5.982540e+02  3.456592e-03
6.079300e+02  3.400290e-03
6.177630e+02  3.344770e-03
6.277550e+02  3.290151e-03
6.379080e+02  3.236429e-03
6.482260e+02  3.183589e-03
6.587110e+02  3.129097e-03
6.693650e+02  3.074351e-03
6.801910e+02  3.020570e-03
6.911930e+02  2.967751e-03
7.023720e+02  2.915894e-03
7.137330e+02  2.850433e-03
7.252770e+02  2.761465e-03
7.370080e+02  2.675208e-03
7.489280e+02  2.591640e-03
7.610420e+02  2.508132e-03
7.733510e+02  2.425585e-03
7.858590e+02  2.345740e-03
7.985700e+02  2.268525e-03
8.114860e+02  2.188229e-03
8.246110e+02  2.109562e-03
8.379490e+02  2.033705e-03
8.515020e+02  1.960579e-03
8.652740e+02  1.890065e-03
8.792690e+02  1.829118e-03
8.934910e+02  1.772643e-03
9.079430e+02  1.717902e-03
9.226280e+02  1.672158e-03
9.375510e+02  1.630488e-03
9.527150e+02  1.589862e-03
9.681240e+02  1.550259e-03
9.837830e+02  1.511643e-03
9.996950e+02  1.462811e-03
1.015860e+03  1.372661e-03
1.032290e+03  1.394029e-03
1.048990e+03  1.376724e-03
1.065960e+03  1.317470e-03
1.083200e+03  1.260709e-03
1.100720e+03  1.206375e-03
1.118520e+03  1.154375e-03
1.136610e+03  1.104581e-03
1.155000e+03  1.056908e-03
1.173680e+03  1.011286e-03
1.192660e+03  9.676224e-04
1.211950e+03  9.258211e-04
1.231550e+03  8.858120e-04
1.251470e+03  8.483908e-04
1.271720e+03  8.134495e-04
1.292290e+03  7.810337e-04
1.313190e+03  7.498983e-04
1.334430e+03  7.199970e-04
1.356010e+03  6.912850e-04
1.377940e+03  6.636909e-04
1.400230e+03  6.371831e-04
1.422880e+03  6.117248e-04
1.445890e+03  5.872678e-04
1.469280e+03  5.633127e-04
1.493040e+03  5.396576e-04
1.517190e+03  5.142662e-04
1.541730e+03  4.896970e-04
1.566670e+03  4.662801e-04
1.592010e+03  4.439675e-04
1.617760e+03  4.227187e-04
1.643920e+03  4.024867e-04
1.670510e+03  3.832063e-04
1.697530e+03  3.648393e-04
1.724990e+03  3.473387e-04
1.752890e+03  3.304671e-04
1.781240e+03  3.143410e-04
1.810050e+03  2.989398e-04
1.839320e+03  2.842897e-04
1.869070e+03  2.703531e-04
1.899300e+03  2.570991e-04
1.930020e+03  2.444826e-04
1.961240e+03  2.324784e-04
1.992960e+03  2.210589e-04
2.025200e+03  2.103028e-04
2.057950e+03  1.998626e-04
2.091240e+03  1.899137e-04
2.125060e+03  1.804430e-04
2.159430e+03  1.714134e-04
2.194360e+03  1.628208e-04
2.229850e+03  1.546357e-04
2.265920e+03  1.468422e-04
2.302570e+03  1.394198e-04
2.339810e+03  1.323664e-04
2.377660e+03  1.256448e-04
2.416110e+03  1.192495e-04
2.455190e+03  1.131684e-04
2.494900e+03  1.073805e-04
2.535260e+03  1.018755e-04
2.576260e+03  9.664318e-05
2.617930e+03  9.166574e-05
2.660270e+03  8.694047e-05
2.703300e+03  8.243925e-05
2.747030e+03  7.816219e-05
2.791460e+03  7.409940e-05
2.836610e+03  7.023875e-05
2.882490e+03  6.656884e-05
2.929110e+03  6.308331e-05
2.976480e+03  5.977213e-05
3.024630e+03  5.662685e-05
3.073550e+03  5.363919e-05
3.123260e+03  5.080186e-05
3.173780e+03  4.810753e-05
3.225110e+03  4.554978e-05
3.277270e+03  4.312055e-05
3.330280e+03  4.081182e-05
3.331900e+03  4.074078e-05
3.332100e+03  1.021586e-04
3.384150e+03  9.652734e-05
3.438880e+03  9.100969e-05
3.490700e+03  8.614094e-05
3.490900e+03  1.234352e-04
3.494500e+03  1.229915e-04
3.551020e+03  1.161832e-04
3.608460e+03  1.097526e-04
3.666820e+03  1.036785e-04
3.726130e+03  9.794506e-05
3.786400e+03  9.253274e-05
3.847640e+03  8.742391e-05
3.909870e+03  8.259617e-05
3.973110e+03  7.803585e-05
4.037380e+03  7.373179e-05
4.046000e+03  7.317614e-05
4.046200e+03  8.534831e-05
4.102680e+03  8.130275e-05
4.169030e+03  7.685562e-05
4.236460e+03  7.265369e-05
4.304980e+03  6.868279e-05
4.374620e+03  6.492933e-05
4.445370e+03  6.138290e-05
4.517270e+03  5.803215e-05
4.590330e+03  5.485976e-05
4.664580e+03  5.186670e-05
4.740030e+03  4.903394e-05
4.816690e+03  4.636035e-05
4.830300e+03  4.590513e-05
4.830500e+03  4.854156e-05
4.894600e+03  4.641260e-05
4.973770e+03  4.394647e-05
5.054210e+03  4.161330e-05
5.135960e+03  3.940372e-05
5.182200e+03  3.822074e-05
5.182400e+03  3.980828e-05
5.219030e+03  3.885895e-05
5.303440e+03  3.677963e-05
5.389220e+03  3.480740e-05
5.476390e+03  3.293702e-05
5.564970e+03  3.116348e-05
5.654980e+03  2.948239e-05
5.746440e+03  2.788866e-05
5.839390e+03  2.637864e-05
5.933830e+03  2.494763e-05
6.029810e+03  2.359248e-05
6.127330e+03  2.230853e-05
6.226440e+03  2.109245e-05
6.327150e+03  1.994112e-05
6.429480e+03  1.885137e-05
6.533480e+03  1.781943e-05
6.639150e+03  1.684298e-05
6.746540e+03  1.591895e-05
6.855650e+03  1.504468e-05
6.966540e+03  1.421739e-05
7.079220e+03  1.343457e-05
7.193720e+03  1.269439e-05
7.310070e+03  1.199417e-05
7.428310e+03  1.133211e-05
7.548450e+03  1.070605e-05
7.670540e+03  1.011421e-05
7.794610e+03  9.554368e-06
7.920680e+03  9.025504e-06
8.048790e+03  8.525305e-06
8.178980e+03  8.052638e-06
8.311260e+03  7.605785e-06
8.445690e+03  7.183577e-06
8.582290e+03  6.784729e-06
8.721110e+03  6.407645e-06
8.862160e+03  6.051585e-06
9.005500e+03  5.715078e-06
9.151160e+03  5.397045e-06
9.299170e+03  5.096802e-06
9.449580e+03  4.813094e-06
9.602420e+03  4.545082e-06
9.757730e+03  4.291940e-06
9.915550e+03  4.052773e-06
1.007590e+04  3.823135e-06
1.023890e+04  3.606352e-06
1.040450e+04  3.401774e-06
1.057280e+04  3.208708e-06
1.074380e+04  3.026552e-06
1.091760e+04  2.854680e-06
1.109420e+04  2.692545e-06
1.127360e+04  2.539633e-06
1.145590e+04  2.395412e-06
1.164120e+04  2.259371e-06
1.182950e+04  2.131080e-06
1.202080e+04  2.010123e-06
1.221530e+04  1.896041e-06
1.241280e+04  1.788524e-06
1.261360e+04  1.687132e-06
1.281760e+04  1.591560e-06
1.302500e+04  1.501443e-06
1.323560e+04  1.416534e-06
1.344970e+04  1.336479e-06
1.366720e+04  1.261036e-06
1.388830e+04  1.189917e-06
1.411290e+04  1.122900e-06
1.434120e+04  1.059729e-06
1.457310e+04  1.000207e-06
1.480890e+04  9.440935e-07
1.504840e+04  8.912259e-07
1.529180e+04  8.413985e-07
1.553910e+04  7.944464e-07
1.579040e+04  7.501957e-07
1.604580e+04  7.084917e-07
1.630020e+04  6.698565e-07
1.630040e+04  1.565434e-06
1.630540e+04  1.563647e-06
1.656910e+04  1.472446e-06
1.683710e+04  1.386556e-06
1.710940e+04  1.305684e-06
1.738610e+04  1.229529e-06
1.766740e+04  1.157799e-06
1.795310e+04  1.090273e-06
1.824350e+04  1.026677e-06
1.853860e+04  9.667923e-07
1.883840e+04  9.104079e-07
1.914310e+04  8.573069e-07
1.945270e+04  8.073071e-07
1.969310e+04  7.710086e-07
1.969330e+04  1.093640e-06
1.976740e+04  1.079564e-06
2.008710e+04  1.021392e-06
2.041200e+04  9.663536e-07
2.047200e+04  9.566094e-07
2.047220e+04  1.100047e-06
2.074210e+04  1.050559e-06
2.107760e+04  9.929669e-07
2.141850e+04  9.384246e-07
2.176500e+04  8.867813e-07
2.211700e+04  8.379086e-07
2.247470e+04  7.916496e-07
2.283820e+04  7.478720e-07
2.320760e+04  7.064502e-07
2.358300e+04  6.672617e-07
2.396440e+04  6.301989e-07
2.435200e+04  5.951431e-07
2.474590e+04  5.619927e-07
2.514620e+04  5.306466e-07
2.555290e+04  5.010151e-07
2.596620e+04  4.730038e-07
2.638610e+04  4.465305e-07
2.681290e+04  4.215078e-07
2.724660e+04  3.978616e-07
2.768730e+04  3.755193e-07
2.813510e+04  3.544115e-07
2.859020e+04  3.344692e-07
2.905260e+04  3.156332e-07
2.952250e+04  2.978415e-07
3.000000e+04  2.810382e-07
-1  -1
