  -1
3.019890e+01  1.215870e-01
3.068740e+01  1.111453e-01
3.118370e+01  1.010597e-01
3.168810e+01  9.093303e-02
3.202890e+01  8.318296e-02
3.245660e+01  1.045470e-01
3.289000e+01  1.330350e-01
3.331750e+01  1.660600e-01
3.385640e+01  1.867435e-01
3.440400e+01  2.033538e-01
3.496040e+01  2.006357e-01
3.552590e+01  1.981254e-01
3.610050e+01  2.099247e-01
3.668440e+01  2.237114e-01
3.727770e+01  2.386139e-01
3.788070e+01  2.636708e-01
3.849340e+01  2.939658e-01
3.911600e+01  3.223617e-01
3.974860e+01  3.525714e-01
4.039150e+01  3.873294e-01
4.104480e+01  4.447339e-01
4.170870e+01  4.941338e-01
4.238330e+01  5.351775e-01
4.306880e+01  5.639172e-01
4.376540e+01  6.012925e-01
4.447330e+01  6.347537e-01
4.519260e+01  6.648344e-01
4.592360e+01  6.948016e-01
4.666640e+01  7.306706e-01
4.742110e+01  7.614017e-01
4.818810e+01  7.893538e-01
4.896750e+01  8.259477e-01
4.975960e+01  8.499255e-01
5.056440e+01  8.528828e-01
5.138220e+01  8.366867e-01
5.221330e+01  7.863312e-01
5.305780e+01  7.139037e-01
5.391600e+01  6.358928e-01
5.478800e+01  5.479085e-01
5.567420e+01  4.676709e-01
5.657460e+01  3.952441e-01
5.748970e+01  3.148523e-01
5.841950e+01  2.460944e-01
5.936440e+01  2.116786e-01
6.032460e+01  1.856728e-01
6.130030e+01  1.636980e-01
6.229180e+01  1.448733e-01
6.329930e+01  1.247372e-01
6.432310e+01  1.074629e-01
6.536350e+01  9.577301e-02
6.642070e+01  8.593328e-02
6.749500e+01  7.719080e-02
6.858670e+01  7.131505e-02
6.969600e+01  6.632702e-02
7.082330e+01  6.182720e-02
7.196880e+01  5.767190e-02
7.313280e+01  5.384487e-02
7.431570e+01  5.112412e-02
7.551770e+01  4.891224e-02
7.673910e+01  4.684711e-02
7.798030e+01  4.490329e-02
7.924160e+01  4.306387e-02
8.052330e+01  4.139093e-02
8.182570e+01  4.020923e-02
8.314910e+01  3.908444e-02
8.449400e+01  3.801631e-02
8.586060e+01  3.699577e-02
8.724930e+01  3.601824e-02
8.866050e+01  3.508125e-02
9.009450e+01  3.418445e-02
9.155170e+01  3.308340e-02
9.303250e+01  3.201793e-02
9.453720e+01  3.099311e-02
9.606630e+01  3.000605e-02
9.762010e+01  2.905613e-02
9.919900e+01  2.814156e-02
1.008030e+02  2.726086e-02
1.024340e+02  2.641162e-02
1.040910e+02  2.559339e-02
1.057740e+02  2.478716e-02
1.074850e+02  2.400671e-02
1.092240e+02  2.325346e-02
1.109900e+02  2.252717e-02
1.127850e+02  2.182592e-02
1.146100e+02  2.114851e-02
1.164630e+02  2.049483e-02
1.183470e+02  1.986288e-02
1.202610e+02  1.925218e-02
1.222060e+02  1.866097e-02
1.241830e+02  1.818219e-02
1.261910e+02  1.772264e-02
1.282320e+02  1.727655e-02
1.303070e+02  1.684324e-02
1.324140e+02  1.642296e-02
1.345560e+02  1.601449e-02
1.367320e+02  1.561798e-02
1.389440e+02  1.518590e-02
1.411910e+02  1.472268e-02
1.434750e+02  1.427394e-02
1.457950e+02  1.383967e-02
1.481530e+02  1.341927e-02
1.505500e+02  1.301211e-02
1.529850e+02  1.261809e-02
1.554590e+02  1.223669e-02
1.579730e+02  1.186751e-02
1.605290e+02  1.151014e-02
1.631250e+02  1.116426e-02
1.657630e+02  1.077002e-02
1.684440e+02  1.037579e-02
1.711690e+02  9.995954e-03
1.739370e+02  9.630359e-03
1.767510e+02  9.278268e-03
1.796090e+02  8.939439e-03
1.825150e+02  8.614776e-03
1.854670e+02  8.310224e-03
1.884660e+02  8.016810e-03
1.915150e+02  7.733988e-03
1.946120e+02  7.461535e-03
1.977600e+02  7.198853e-03
2.009590e+02  6.911895e-03
2.042090e+02  6.620705e-03
2.075120e+02  6.341799e-03
2.108680e+02  6.074753e-03
2.142790e+02  5.819069e-03
2.177450e+02  5.574282e-03
2.212660e+02  5.317570e-03
2.248450e+02  5.072354e-03
2.284820e+02  4.838441e-03
2.321770e+02  4.615378e-03
2.359330e+02  4.402639e-03
2.397490e+02  4.217089e-03
2.436260e+02  4.041848e-03
2.475670e+02  3.873944e-03
2.515710e+02  3.713123e-03
2.556400e+02  3.559057e-03
2.597750e+02  3.405341e-03
2.639770e+02  3.253950e-03
2.682460e+02  3.109349e-03
2.725850e+02  2.971194e-03
2.769940e+02  2.839225e-03
2.814740e+02  2.712295e-03
2.860260e+02  2.590950e-03
2.906530e+02  2.475038e-03
2.953540e+02  2.364359e-03
3.001310e+02  2.258665e-03
3.049850e+02  2.157712e-03
3.099180e+02  2.061115e-03
3.149310e+02  1.968241e-03
3.200250e+02  1.879568e-03
3.252010e+02  1.794911e-03
3.304610e+02  1.714085e-03
3.358050e+02  1.636925e-03
3.412370e+02  1.563235e-03
3.467560e+02  1.492885e-03
3.523650e+02  1.425702e-03
3.580640e+02  1.353785e-03
3.638550e+02  1.282509e-03
3.697400e+02  1.214985e-03
3.757200e+02  1.151009e-03
3.817970e+02  1.090393e-03
3.879730e+02  1.034885e-03
3.942480e+02  9.887007e-04
4.006250e+02  9.432642e-04
4.071040e+02  8.994219e-04
4.136890e+02  8.575892e-04
4.203800e+02  8.176522e-04
4.271790e+02  7.795069e-04
4.340890e+02  7.430218e-04
4.411100e+02  7.080305e-04
4.482440e+02  6.740738e-04
4.537000e+02  6.440673e-04
4.539000e+02  5.916885e-03
4.554940e+02  5.894338e-03
4.628610e+02  5.627509e-03
4.703480e+02  5.357390e-03
4.779550e+02  5.097033e-03
4.856860e+02  4.847832e-03
4.935410e+02  4.610020e-03
5.015240e+02  4.383399e-03
5.096360e+02  4.167562e-03
5.178790e+02  3.962032e-03
5.262550e+02  3.766375e-03
5.347670e+02  3.580336e-03
5.434160e+02  3.403440e-03
5.522060e+02  3.234816e-03
5.611370e+02  3.174850e-03
5.702130e+02  3.162482e-03
5.794360e+02  3.150800e-03
5.888080e+02  3.048350e-03
5.983310e+02  2.895738e-03
6.080090e+02  2.750508e-03
6.178430e+02  2.612543e-03
6.278360e+02  2.481320e-03
6.379900e+02  2.355122e-03
6.483090e+02  2.233192e-03
6.587950e+02  2.116234e-03
6.694510e+02  2.005277e-03
6.802790e+02  1.904429e-03
6.912820e+02  1.811719e-03
7.024630e+02  1.724010e-03
7.138240e+02  1.636519e-03
7.253700e+02  1.550873e-03
7.371020e+02  1.469718e-03
7.490240e+02  1.392793e-03
7.611390e+02  1.319875e-03
7.734500e+02  1.250676e-03
7.859600e+02  1.184759e-03
7.986720e+02  1.122052e-03
8.115900e+02  1.062666e-03
8.247170e+02  1.006419e-03
8.380560e+02  9.531512e-04
8.516110e+02  9.026243e-04
8.653850e+02  8.546968e-04
8.793820e+02  8.092496e-04
8.936050e+02  7.662132e-04
9.080580e+02  7.254686e-04
9.227460e+02  6.868944e-04
9.376700e+02  6.499150e-04
9.528360e+02  6.148208e-04
9.682480e+02  5.815341e-04
9.839080e+02  5.500525e-04
9.998220e+02  5.202870e-04
1.015990e+03  4.921473e-04
1.032430e+03  4.656099e-04
1.049130e+03  4.403517e-04
1.066090e+03  4.163122e-04
1.083340e+03  3.935760e-04
1.100860e+03  3.720890e-04
1.118660e+03  3.517792e-04
1.136760e+03  3.325677e-04
1.155140e+03  3.144148e-04
1.173830e+03  2.972486e-04
1.192810e+03  2.810227e-04
1.212110e+03  2.656778e-04
1.231710e+03  2.511769e-04
1.251630e+03  2.374067e-04
1.271880e+03  2.243294e-04
1.292450e+03  2.119075e-04
1.313350e+03  2.001747e-04
1.334600e+03  1.890867e-04
1.356180e+03  1.786153e-04
1.378120e+03  1.687228e-04
1.400410e+03  1.593794e-04
1.423060e+03  1.505526e-04
1.446070e+03  1.422185e-04
1.469460e+03  1.343283e-04
1.493230e+03  1.268516e-04
1.517380e+03  1.196917e-04
1.541930e+03  1.129230e-04
1.566860e+03  1.065407e-04
1.592210e+03  1.005167e-04
1.617960e+03  9.483429e-05
1.644130e+03  8.947252e-05
1.670720e+03  8.441666e-05
1.697740e+03  7.964580e-05
1.725200e+03  7.514152e-05
1.753110e+03  7.086919e-05
1.781460e+03  6.683403e-05
1.810280e+03  6.302423e-05
1.839560e+03  5.943158e-05
1.869310e+03  5.604348e-05
1.899540e+03  5.284783e-05
1.930270e+03  4.983403e-05
1.961490e+03  4.699253e-05
1.993210e+03  4.431363e-05
2.000000e+03  4.376580e-05
2.026000e+03  4.175951e-05
2.052000e+03  3.985017e-05
2.079000e+03  3.798290e-05
2.106000e+03  3.622437e-05
2.134000e+03  3.450808e-05
2.161000e+03  3.294890e-05
2.190000e+03  3.137265e-05
2.218000e+03  2.993948e-05
2.247000e+03  2.854187e-05
2.277000e+03  2.718129e-05
2.306000e+03  2.594328e-05
2.337000e+03  2.469747e-05
2.367000e+03  2.356320e-05
2.398000e+03  2.245917e-05
2.429000e+03  2.141991e-05
2.461000e+03  2.041016e-05
2.493000e+03  1.945946e-05
2.526000e+03  1.853727e-05
2.559000e+03  1.766973e-05
2.592000e+03  1.685263e-05
2.626000e+03  1.606027e-05
2.660000e+03  1.531469e-05
2.695000e+03  1.459187e-05
2.730000e+03  1.391196e-05
2.766000e+03  1.325385e-05
2.802000e+03  1.263439e-05
2.839000e+03  1.203558e-05
2.876000e+03  1.147245e-05
2.914000e+03  1.092785e-05
2.952000e+03  1.041581e-05
2.990000e+03  9.933874e-06
3.029000e+03  9.467990e-06
3.069000e+03  9.018650e-06
3.109000e+03  8.595921e-06
3.150000e+03  8.188095e-06
3.191000e+03  7.804527e-06
3.232000e+03  7.443466e-06
3.275000e+03  7.087111e-06
3.317000e+03  6.759860e-06
3.361000e+03  6.436967e-06
3.405000e+03  6.133478e-06
3.449000e+03  5.847866e-06
3.494000e+03  5.572730e-06
3.540000e+03  5.308414e-06
3.586000e+03  5.059625e-06
3.633000e+03  4.820503e-06
3.680000e+03  4.595285e-06
3.729000e+03  4.374600e-06
3.777000e+03  4.171422e-06
3.827000e+03  3.971970e-06
3.877000e+03  3.784599e-06
3.927000e+03  3.608385e-06
3.979000e+03  3.435782e-06
4.031000e+03  3.273412e-06
4.083000e+03  3.120661e-06
4.137000e+03  2.971622e-06
4.191000e+03  2.831125e-06
4.245000e+03  2.699057e-06
4.301000e+03  2.570366e-06
4.357000e+03  2.449097e-06
4.414000e+03  2.333013e-06
4.472000e+03  2.222003e-06
4.530000e+03  2.117593e-06
4.589000e+03  2.017528e-06
4.649000e+03  1.921812e-06
4.710000e+03  1.830314e-06
4.771000e+03  1.744238e-06
4.834000e+03  1.660627e-06
4.897000e+03  1.581983e-06
4.961000e+03  1.506811e-06
4.966300e+03  1.500757e-06
4.966500e+03  1.288777e-05
5.026000e+03  1.236996e-05
5.091000e+03  1.183419e-05
5.158000e+03  1.131116e-05
5.225000e+03  1.081595e-05
5.294000e+03  1.033327e-05
5.363000e+03  9.876701e-06
5.433000e+03  9.438558e-06
5.504000e+03  9.018095e-06
5.576000e+03  8.614814e-06
5.649000e+03  8.228294e-06
5.722000e+03  7.862731e-06
5.797000e+03  7.507842e-06
5.873000e+03  7.168108e-06
5.950000e+03  6.842832e-06
6.027000e+03  6.535528e-06
6.106000e+03  6.237746e-06
6.186000e+03  5.953001e-06
6.267000e+03  5.680885e-06
6.349000e+03  5.420818e-06
6.432000e+03  5.172266e-06
6.516000e+03  4.934954e-06
6.601000e+03  4.708390e-06
6.687000e+03  4.492131e-06
6.774000e+03  4.285635e-06
6.863000e+03  4.086321e-06
6.952000e+03  3.898416e-06
7.043000e+03  3.717266e-06
7.135000e+03  3.544523e-06
7.229000e+03  3.378199e-06
7.323000e+03  3.221410e-06
7.419000e+03  3.070437e-06
7.516000e+03  2.926735e-06
7.614000e+03  2.789872e-06
7.713000e+03  2.659624e-06
7.814000e+03  2.534427e-06
7.916000e+03  2.415297e-06
8.019000e+03  2.302046e-06
8.124000e+03  2.193208e-06
8.230000e+03  2.089736e-06
8.338000e+03  1.990465e-06
8.447000e+03  1.896144e-06
8.557000e+03  1.806542e-06
8.669000e+03  1.720674e-06
8.782000e+03  1.639055e-06
8.897000e+03  1.560968e-06
9.013000e+03  1.486704e-06
9.131000e+03  1.415681e-06
9.250000e+03  1.348266e-06
9.371000e+03  1.283815e-06
9.494000e+03  1.222070e-06
9.618000e+03  1.163559e-06
9.743000e+03  1.108082e-06
9.900580e+03  1.042725e-06
1.006070e+04  9.811558e-07
1.022340e+04  9.231525e-07
1.038880e+04  8.685011e-07
1.055680e+04  8.170433e-07
1.072760e+04  7.685663e-07
1.090110e+04  7.229285e-07
1.107740e+04  6.799529e-07
1.125660e+04  6.394871e-07
1.143860e+04  6.014021e-07
1.162360e+04  5.655423e-07
1.181170e+04  5.317788e-07
1.200270e+04  5.000123e-07
1.219680e+04  4.701146e-07
1.239410e+04  4.419749e-07
1.259460e+04  4.154948e-07
1.279830e+04  3.905823e-07
1.300530e+04  3.671425e-07
1.321560e+04  3.450934e-07
1.342940e+04  3.243461e-07
1.364660e+04  3.048330e-07
1.386730e+04  2.864796e-07
1.409160e+04  2.692162e-07
1.431950e+04  2.529817e-07
1.455110e+04  2.377140e-07
1.478650e+04  2.233552e-07
1.502560e+04  2.098567e-07
1.526870e+04  1.971615e-07
1.551560e+04  1.852286e-07
1.576660e+04  1.740081e-07
1.602160e+04  1.634608e-07
1.628070e+04  1.535467e-07
1.654410e+04  1.442257e-07
1.681160e+04  1.354675e-07
1.708360e+04  1.272328e-07
1.735990e+04  1.194954e-07
1.764060e+04  1.122246e-07
1.792600e+04  1.053900e-07
1.821590e+04  9.896906e-08
1.851050e+04  9.293551e-08
1.880990e+04  8.726592e-08
1.911420e+04  8.193864e-08
1.942330e+04  7.693466e-08
1.973750e+04  7.223279e-08
2.005670e+04  6.781634e-08
2.038110e+04  6.366723e-08
2.071080e+04  5.976952e-08
2.104570e+04  5.610910e-08
2.138610e+04  5.267062e-08
2.173200e+04  4.944108e-08
2.208350e+04  4.640803e-08
2.244070e+04  4.355940e-08
2.280370e+04  4.088417e-08
2.317250e+04  3.837212e-08
2.354730e+04  3.601306e-08
2.392820e+04  3.379792e-08
2.431520e+04  3.171810e-08
2.470850e+04  2.976513e-08
2.510810e+04  2.793162e-08
2.551420e+04  2.621016e-08
2.592690e+04  2.459400e-08
2.634620e+04  2.307683e-08
2.677240e+04  2.165241e-08
2.720540e+04  2.031541e-08
2.764540e+04  1.906033e-08
2.809260e+04  1.788212e-08
2.854690e+04  1.677638e-08
2.900870e+04  1.573839e-08
2.947790e+04  1.476426e-08
2.995460e+04  1.385009e-08
3.000000e+04  1.376672e-08
-1  -1
