  -1
3.025550e+01  3.462155e-01
3.074490e+01  3.503250e-01
3.124210e+01  3.546310e-01
3.174750e+01  3.591883e-01
3.226090e+01  3.643260e-01
3.278270e+01  3.692812e-01
3.331300e+01  3.732446e-01
3.385180e+01  3.770559e-01
3.439930e+01  3.808984e-01
3.495570e+01  3.848733e-01
3.552110e+01  3.890816e-01
3.609560e+01  3.938021e-01
3.667940e+01  3.981283e-01
3.727270e+01  4.009753e-01
3.787550e+01  4.031955e-01
3.848820e+01  4.052715e-01
3.911070e+01  4.072692e-01
3.974320e+01  4.092370e-01
4.038610e+01  4.116780e-01
4.103930e+01  4.128198e-01
4.170310e+01  4.134190e-01
4.237760e+01  4.138606e-01
4.306300e+01  4.141993e-01
4.375950e+01  4.145035e-01
4.446730e+01  4.148444e-01
4.518650e+01  4.154912e-01
4.591740e+01  4.151520e-01
4.666000e+01  4.139236e-01
4.741470e+01  4.123051e-01
4.818160e+01  4.105592e-01
4.896090e+01  4.087840e-01
4.975280e+01  4.072524e-01
5.055760e+01  4.045894e-01
5.137530e+01  4.007555e-01
5.220620e+01  3.964333e-01
5.305060e+01  3.919270e-01
5.390870e+01  3.873266e-01
5.478060e+01  3.828435e-01
5.566670e+01  3.773520e-01
5.656700e+01  3.713150e-01
5.748200e+01  3.650691e-01
5.841170e+01  3.587702e-01
5.935640e+01  3.524766e-01
6.031650e+01  3.462490e-01
6.129210e+01  3.401629e-01
6.228340e+01  3.342071e-01
6.329080e+01  3.297446e-01
6.431450e+01  3.196120e-01
6.535470e+01  3.076907e-01
6.641180e+01  2.955804e-01
6.748590e+01  2.835086e-01
6.857750e+01  2.716027e-01
6.968670e+01  2.599480e-01
7.081380e+01  2.486026e-01
7.195910e+01  2.376037e-01
7.312300e+01  2.269849e-01
7.430570e+01  2.167757e-01
7.550760e+01  2.070574e-01
7.672890e+01  1.967446e-01
7.796990e+01  1.859311e-01
7.923100e+01  1.754799e-01
8.051250e+01  1.655113e-01
8.181470e+01  1.560304e-01
8.313800e+01  1.470373e-01
8.448270e+01  1.387050e-01
8.584910e+01  1.308331e-01
8.723770e+01  1.233973e-01
8.864870e+01  1.163782e-01
9.008250e+01  1.097699e-01
9.153950e+01  1.033705e-01
9.302010e+01  9.705611e-02
9.452460e+01  9.110890e-02
9.605350e+01  8.552040e-02
9.760710e+01  8.027493e-02
9.918580e+01  7.535726e-02
1.007900e+02  7.076355e-02
1.024200e+02  6.588830e-02
1.040770e+02  6.128990e-02
1.057600e+02  5.700544e-02
1.074710e+02  5.301878e-02
1.092090e+02  4.931262e-02
1.109750e+02  4.586831e-02
1.127700e+02  4.267862e-02
1.145940e+02  3.935068e-02
1.164480e+02  3.616816e-02
1.183310e+02  3.324024e-02
1.202450e+02  3.054759e-02
1.221900e+02  2.807076e-02
1.241660e+02  2.600463e-02
1.261750e+02  2.435356e-02
1.282150e+02  2.281719e-02
1.302890e+02  2.138152e-02
1.323970e+02  2.003954e-02
1.345380e+02  1.878523e-02
1.367140e+02  1.757341e-02
1.389250e+02  1.641746e-02
1.411720e+02  1.533867e-02
1.434560e+02  1.433183e-02
1.457760e+02  1.339230e-02
1.481340e+02  1.252247e-02
1.505300e+02  1.171115e-02
1.529640e+02  1.095319e-02
1.554390e+02  1.024352e-02
1.579530e+02  9.723100e-03
1.605070e+02  9.254044e-03
1.631030e+02  8.808349e-03
1.657420e+02  8.383142e-03
1.684220e+02  8.204220e-03
1.711460e+02  8.055231e-03
1.739150e+02  7.909419e-03
1.767270e+02  7.863950e-03
1.795860e+02  7.864856e-03
1.824910e+02  7.866378e-03
1.854420e+02  7.946320e-03
1.884420e+02  8.112178e-03
1.914890e+02  8.283147e-03
1.945870e+02  8.419512e-03
1.977340e+02  8.536478e-03
2.009320e+02  8.655615e-03
2.041820e+02  8.777007e-03
2.074850e+02  8.902094e-03
2.108400e+02  9.031101e-03
2.142510e+02  9.162422e-03
2.177160e+02  9.296375e-03
2.212370e+02  9.432928e-03
2.248160e+02  9.563114e-03
2.284520e+02  9.681635e-03
2.321470e+02  9.802127e-03
2.359020e+02  9.924547e-03
2.397170e+02  1.004913e-02
2.435950e+02  1.017571e-02
2.475350e+02  1.030481e-02
2.515380e+02  1.038384e-02
2.556070e+02  1.046259e-02
2.597410e+02  1.054234e-02
2.639420e+02  1.062318e-02
2.682110e+02  1.070534e-02
2.725490e+02  1.075712e-02
2.769570e+02  1.074522e-02
2.814370e+02  1.073305e-02
2.859890e+02  1.072104e-02
2.906150e+02  1.070921e-02
2.953150e+02  1.069769e-02
3.000920e+02  1.068671e-02
3.049450e+02  1.062763e-02
3.098780e+02  1.056295e-02
3.148900e+02  1.049880e-02
3.199830e+02  1.043517e-02
3.251580e+02  1.037224e-02
3.304180e+02  1.030683e-02
3.357620e+02  1.016495e-02
3.411920e+02  1.002461e-02
3.467110e+02  9.886005e-03
3.523190e+02  9.749347e-03
3.580170e+02  9.614628e-03
3.638080e+02  9.481902e-03
3.696920e+02  9.328915e-03
3.756720e+02  9.165182e-03
3.817480e+02  9.004187e-03
3.879220e+02  8.846090e-03
3.941970e+02  8.690712e-03
4.005730e+02  8.538145e-03
4.070520e+02  8.388443e-03
4.136350e+02  8.224895e-03
4.203260e+02  8.018247e-03
4.271240e+02  7.816554e-03
4.340320e+02  7.619827e-03
4.410520e+02  7.427984e-03
4.481860e+02  7.240969e-03
4.554350e+02  7.055860e-03
4.628020e+02  6.859744e-03
4.702870e+02  6.666687e-03
4.778940e+02  6.478958e-03
4.856230e+02  6.296702e-03
4.934780e+02  6.119574e-03
5.014590e+02  5.947352e-03
5.095700e+02  5.779766e-03
5.178120e+02  5.614706e-03
5.261870e+02  5.446828e-03
5.346980e+02  5.268915e-03
5.433460e+02  5.089554e-03
5.521340e+02  4.916539e-03
5.610650e+02  4.747693e-03
5.701390e+02  4.583124e-03
5.793610e+02  4.419174e-03
5.887320e+02  4.259917e-03
5.982540e+02  4.105642e-03
6.079300e+02  3.956799e-03
6.177630e+02  3.813321e-03
6.277550e+02  3.677033e-03
6.379080e+02  3.570087e-03
6.482260e+02  3.497906e-03
6.587110e+02  3.448047e-03
6.693650e+02  3.399035e-03
6.801910e+02  3.327602e-03
6.911930e+02  3.238247e-03
7.023720e+02  3.132421e-03
7.137330e+02  3.015063e-03
7.252770e+02  2.892104e-03
7.370080e+02  2.774107e-03
7.489280e+02  2.660880e-03
7.610420e+02  2.552566e-03
7.733510e+02  2.451950e-03
7.858590e+02  2.365722e-03
7.985700e+02  2.290938e-03
8.114860e+02  2.218522e-03
8.246110e+02  2.148376e-03
8.379490e+02  2.080449e-03
8.515020e+02  2.007613e-03
8.652740e+02  1.928791e-03
8.792690e+02  1.845723e-03
8.934910e+02  1.766185e-03
9.079430e+02  1.690053e-03
9.226280e+02  1.617187e-03
9.375510e+02  1.548697e-03
9.527150e+02  1.483422e-03
9.681240e+02  1.421169e-03
9.837830e+02  1.361503e-03
9.996950e+02  1.303711e-03
1.015860e+03  1.247733e-03
1.032290e+03  1.188195e-03
1.048990e+03  1.131409e-03
1.065960e+03  1.077299e-03
1.083200e+03  1.025747e-03
1.100720e+03  9.766558e-04
1.118520e+03  9.299107e-04
1.136610e+03  8.853720e-04
1.155000e+03  8.429505e-04
1.173680e+03  8.025603e-04
1.192660e+03  7.640900e-04
1.211950e+03  7.274456e-04
1.231550e+03  6.925530e-04
1.251470e+03  6.593170e-04
1.271720e+03  6.276636e-04
1.292290e+03  5.975236e-04
1.313190e+03  5.688227e-04
1.334430e+03  5.414910e-04
1.356010e+03  5.154674e-04
1.377940e+03  4.906756e-04
1.400230e+03  4.670740e-04
1.422880e+03  4.446045e-04
1.445890e+03  4.231977e-04
1.469280e+03  4.027882e-04
1.493040e+03  3.833251e-04
1.517190e+03  3.646063e-04
1.541730e+03  3.467782e-04
1.566670e+03  3.298165e-04
1.592010e+03  3.136778e-04
1.617760e+03  2.983244e-04
1.643920e+03  2.837221e-04
1.670510e+03  2.698311e-04
1.697530e+03  2.566157e-04
1.724990e+03  2.440371e-04
1.752890e+03  2.318827e-04
1.781240e+03  2.202673e-04
1.810050e+03  2.091794e-04
1.839320e+03  1.986480e-04
1.869070e+03  1.886468e-04
1.899300e+03  1.791520e-04
1.930020e+03  1.701310e-04
1.961240e+03  1.615612e-04
1.992960e+03  1.534223e-04
2.025200e+03  1.457814e-04
2.057950e+03  1.383411e-04
2.091240e+03  1.312506e-04
2.125060e+03  1.245042e-04
2.159430e+03  1.180901e-04
2.194360e+03  1.119846e-04
2.229850e+03  1.061794e-04
2.265920e+03  1.006557e-04
2.302570e+03  9.540576e-05
2.339810e+03  9.041173e-05
2.377660e+03  8.566062e-05
2.389200e+03  8.425113e-05
2.389400e+03  2.284351e-04
2.416110e+03  2.197992e-04
2.455190e+03  2.078011e-04
2.485000e+03  1.991626e-04
2.485200e+03  2.913562e-04
2.494900e+03  2.875185e-04
2.535260e+03  2.720306e-04
2.576260e+03  2.573687e-04
2.617930e+03  2.434984e-04
2.660270e+03  2.303817e-04
2.703300e+03  2.179758e-04
2.747030e+03  2.062399e-04
2.791460e+03  1.951496e-04
2.836610e+03  1.846559e-04
2.882490e+03  1.747320e-04
2.929110e+03  1.653415e-04
2.956500e+03  1.601175e-04
2.956700e+03  1.854804e-04
2.976480e+03  1.813148e-04
3.024630e+03  1.716453e-04
3.073550e+03  1.624893e-04
3.123260e+03  1.538220e-04
3.173780e+03  1.456273e-04
3.225110e+03  1.378668e-04
3.277270e+03  1.305306e-04
3.330280e+03  1.235809e-04
3.384150e+03  1.170091e-04
3.415600e+03  1.133782e-04
3.415800e+03  1.198801e-04
3.438880e+03  1.171391e-04
3.494500e+03  1.108542e-04
3.551020e+03  1.049141e-04
3.608460e+03  9.929300e-05
3.666820e+03  9.397252e-05
3.704000e+03  9.077306e-05
3.704200e+03  9.408482e-05
3.726130e+03  9.225783e-05
3.786400e+03  8.746737e-05
3.847640e+03  8.290647e-05
3.909870e+03  7.857353e-05
3.973110e+03  7.445496e-05
4.037380e+03  7.053655e-05
4.102680e+03  6.681148e-05
4.169030e+03  6.327676e-05
4.236460e+03  5.992103e-05
4.304980e+03  5.673212e-05
4.374620e+03  5.370423e-05
4.445370e+03  5.083383e-05
4.517270e+03  4.810948e-05
4.590330e+03  4.552555e-05
4.664580e+03  4.307442e-05
4.740030e+03  4.075074e-05
4.816690e+03  3.854829e-05
4.894600e+03  3.646085e-05
4.973770e+03  3.448221e-05
5.054210e+03  3.260836e-05
5.135960e+03  3.083316e-05
5.219030e+03  2.915210e-05
5.303440e+03  2.756038e-05
5.389220e+03  2.605302e-05
5.476390e+03  2.462605e-05
5.564970e+03  2.327599e-05
5.654980e+03  2.199812e-05
5.746440e+03  2.078888e-05
5.839390e+03  1.964474e-05
5.933830e+03  1.856262e-05
6.029810e+03  1.753899e-05
6.127330e+03  1.657106e-05
6.226440e+03  1.565541e-05
6.327150e+03  1.478999e-05
6.429480e+03  1.397170e-05
6.533480e+03  1.319773e-05
6.639150e+03  1.246641e-05
6.746540e+03  1.177516e-05
6.855650e+03  1.112197e-05
6.966540e+03  1.050460e-05
7.079220e+03  9.920996e-06
7.193720e+03  9.369652e-06
7.310070e+03  8.848939e-06
7.428310e+03  8.356727e-06
7.548450e+03  7.891928e-06
7.670540e+03  7.452927e-06
7.794610e+03  7.038204e-06
7.920680e+03  6.646455e-06
8.048790e+03  6.276272e-06
8.178980e+03  5.926847e-06
8.311260e+03  5.596860e-06
8.445690e+03  5.285159e-06
8.582290e+03  4.990832e-06
8.721110e+03  4.712870e-06
8.862160e+03  4.450601e-06
9.005500e+03  4.202741e-06
9.151160e+03  3.968954e-06
9.299170e+03  3.748070e-06
9.449580e+03  3.539433e-06
9.602420e+03  3.342557e-06
9.757730e+03  3.156667e-06
9.915550e+03  2.981227e-06
1.007590e+04  2.812320e-06
1.023890e+04  2.653030e-06
1.040450e+04  2.502869e-06
1.057280e+04  2.361282e-06
1.074380e+04  2.227807e-06
1.091760e+04  2.101962e-06
1.109420e+04  1.983327e-06
1.127360e+04  1.871505e-06
1.145590e+04  1.766093e-06
1.164120e+04  1.666704e-06
1.182950e+04  1.573010e-06
1.202080e+04  1.484704e-06
1.221530e+04  1.401429e-06
1.241280e+04  1.322963e-06
1.261360e+04  1.248967e-06
1.265740e+04  1.233534e-06
1.265760e+04  3.069252e-06
1.281760e+04  2.927355e-06
1.302500e+04  2.755553e-06
1.323560e+04  2.593896e-06
1.344970e+04  2.441692e-06
1.366720e+04  2.298437e-06
1.388830e+04  2.163564e-06
1.411290e+04  2.036627e-06
1.434120e+04  1.917121e-06
1.457310e+04  1.804649e-06
1.469780e+04  1.747630e-06
1.469800e+04  2.445657e-06
1.480890e+04  2.383571e-06
1.504840e+04  2.256258e-06
1.529180e+04  2.135711e-06
1.534660e+04  2.109731e-06
1.534680e+04  2.409455e-06
1.553910e+04  2.307222e-06
1.579040e+04  2.181885e-06
1.604580e+04  2.063032e-06
1.630540e+04  1.950363e-06
1.656910e+04  1.843617e-06
1.683710e+04  1.742459e-06
1.710940e+04  1.646648e-06
1.738610e+04  1.555923e-06
1.766740e+04  1.469991e-06
1.795310e+04  1.388666e-06
1.824350e+04  1.311679e-06
1.853860e+04  1.238826e-06
1.883840e+04  1.169903e-06
1.914310e+04  1.104697e-06
1.945270e+04  1.043025e-06
1.976740e+04  9.846912e-07
2.008710e+04  9.295434e-07
2.041200e+04  8.774026e-07
2.074210e+04  8.281191e-07
2.107760e+04  7.815336e-07
2.141850e+04  7.375104e-07
2.176500e+04  6.959075e-07
2.211700e+04  6.566078e-07
2.247470e+04  6.194818e-07
2.283820e+04  5.844124e-07
2.320760e+04  5.512896e-07
2.358300e+04  5.200083e-07
2.396440e+04  4.904745e-07
2.435200e+04  4.625873e-07
2.474590e+04  4.362583e-07
2.514620e+04  4.114041e-07
2.555290e+04  3.879458e-07
2.596620e+04  3.658053e-07
2.638610e+04  3.449115e-07
2.681290e+04  3.251935e-07
2.724660e+04  3.065871e-07
2.768730e+04  2.890323e-07
2.813510e+04  2.724709e-07
2.859020e+04  2.568457e-07
2.905260e+04  2.421080e-07
2.952250e+04  2.282064e-07
3.000000e+04  2.150944e-07
-1  -1
