  -1
3.025550e+01  3.531650e-01
3.074490e+01  3.730596e-01
3.124210e+01  3.885445e-01
3.174750e+01  4.006623e-01
3.226090e+01  4.123194e-01
3.278270e+01  4.228214e-01
3.331300e+01  4.272634e-01
3.385180e+01  4.303735e-01
3.439930e+01  4.321193e-01
3.495570e+01  4.330603e-01
3.552110e+01  4.340602e-01
3.609560e+01  4.320317e-01
3.667940e+01  4.271894e-01
3.727270e+01  4.214650e-01
3.787550e+01  4.158881e-01
3.848820e+01  4.105956e-01
3.911070e+01  4.041793e-01
3.974320e+01  3.921379e-01
4.038610e+01  3.788882e-01
4.103930e+01  3.650919e-01
4.170310e+01  3.511340e-01
4.237760e+01  3.360903e-01
4.306300e+01  3.206443e-01
4.375950e+01  3.081278e-01
4.446730e+01  2.965522e-01
4.518650e+01  2.853644e-01
4.591740e+01  2.744349e-01
4.666000e+01  2.647587e-01
4.741470e+01  2.556696e-01
4.818160e+01  2.470270e-01
4.896090e+01  2.380655e-01
4.975280e+01  2.279014e-01
5.055760e+01  2.178986e-01
5.137530e+01  2.083024e-01
5.220620e+01  1.998133e-01
5.305060e+01  1.916919e-01
5.390870e+01  1.838981e-01
5.478060e+01  1.763547e-01
5.566670e+01  1.690472e-01
5.656700e+01  1.620181e-01
5.748200e+01  1.552543e-01
5.841170e+01  1.488417e-01
5.935640e+01  1.427145e-01
6.031650e+01  1.368127e-01
6.129210e+01  1.314423e-01
6.228340e+01  1.264463e-01
6.329080e+01  1.216477e-01
6.431450e+01  1.170450e-01
6.535470e+01  1.132498e-01
6.641180e+01  1.096253e-01
6.748590e+01  1.061457e-01
6.857750e+01  1.027971e-01
6.968670e+01  9.958348e-02
7.081380e+01  9.648182e-02
7.195910e+01  9.348441e-02
7.312300e+01  9.058068e-02
7.430570e+01  8.796279e-02
7.550760e+01  8.547558e-02
7.672890e+01  8.307337e-02
7.796990e+01  8.075041e-02
7.923100e+01  7.844733e-02
8.051250e+01  7.618094e-02
8.181470e+01  7.398187e-02
8.313800e+01  7.184690e-02
8.448270e+01  6.982465e-02
8.584910e+01  6.804097e-02
8.723770e+01  6.631414e-02
8.864870e+01  6.463723e-02
9.008250e+01  6.300340e-02
9.153950e+01  6.159539e-02
9.302010e+01  6.032600e-02
9.452460e+01  5.903821e-02
9.605350e+01  5.750188e-02
9.760710e+01  5.600170e-02
9.918580e+01  5.453996e-02
1.007900e+02  5.311760e-02
1.024200e+02  5.173288e-02
1.040770e+02  5.038485e-02
1.057600e+02  4.907264e-02
1.074710e+02  4.779376e-02
1.092090e+02  4.654614e-02
1.109750e+02  4.548318e-02
1.127700e+02  4.491738e-02
1.145940e+02  4.438699e-02
1.164480e+02  4.331850e-02
1.183310e+02  4.211006e-02
1.202450e+02  4.094740e-02
1.221900e+02  3.983708e-02
1.241660e+02  3.875682e-02
1.261750e+02  3.770405e-02
1.282150e+02  3.676023e-02
1.302890e+02  3.588822e-02
1.323970e+02  3.504495e-02
1.345380e+02  3.393785e-02
1.367140e+02  3.279353e-02
1.389250e+02  3.168176e-02
1.411720e+02  3.099476e-02
1.434560e+02  3.037938e-02
1.457760e+02  2.936499e-02
1.481340e+02  2.838377e-02
1.505300e+02  2.706508e-02
1.529640e+02  2.577464e-02
1.554390e+02  2.454934e-02
1.579530e+02  2.254628e-02
1.605070e+02  2.041760e-02
1.631030e+02  1.860282e-02
1.657420e+02  1.637592e-02
1.684220e+02  1.451819e-02
1.711460e+02  1.945050e-02
1.739150e+02  4.837839e-02
1.767270e+02  4.365268e-02
1.795860e+02  3.763459e-02
1.824910e+02  3.231553e-02
1.854420e+02  2.845322e-02
1.884420e+02  2.581511e-02
1.914890e+02  2.431622e-02
1.945870e+02  2.322117e-02
1.977340e+02  2.217778e-02
2.009320e+02  2.117844e-02
2.041820e+02  2.045867e-02
2.074850e+02  1.981868e-02
2.108400e+02  1.926020e-02
2.142510e+02  1.871929e-02
2.177160e+02  1.819585e-02
2.212370e+02  1.768917e-02
2.248160e+02  1.719743e-02
2.284520e+02  1.671984e-02
2.321470e+02  1.625567e-02
2.359020e+02  1.579702e-02
2.397170e+02  1.534267e-02
2.435950e+02  1.489026e-02
2.475350e+02  1.445138e-02
2.515380e+02  1.402569e-02
2.556070e+02  1.361270e-02
2.597410e+02  1.320600e-02
2.639420e+02  1.279477e-02
2.682110e+02  1.237766e-02
2.725490e+02  1.197434e-02
2.769570e+02  1.158410e-02
2.814370e+02  1.120654e-02
2.859890e+02  1.083603e-02
2.906150e+02  1.047602e-02
2.953150e+02  1.012623e-02
3.000920e+02  9.787619e-03
3.049450e+02  9.460498e-03
3.098780e+02  9.144558e-03
3.148900e+02  8.839165e-03
3.199830e+02  8.543919e-03
3.251580e+02  8.258531e-03
3.304180e+02  7.982343e-03
3.357620e+02  7.732302e-03
3.411920e+02  7.524599e-03
3.467110e+02  7.323132e-03
3.523190e+02  7.127229e-03
3.580170e+02  6.936581e-03
3.638080e+02  6.750905e-03
3.696920e+02  6.570126e-03
3.756720e+02  6.393795e-03
3.817480e+02  6.221677e-03
3.879220e+02  6.052977e-03
3.941970e+02  5.886270e-03
4.005730e+02  5.724272e-03
4.070520e+02  5.566813e-03
4.136350e+02  5.414031e-03
4.203260e+02  5.263907e-03
4.271240e+02  5.115728e-03
4.340320e+02  4.962088e-03
4.410520e+02  4.813092e-03
4.481860e+02  4.668633e-03
4.554350e+02  4.528670e-03
4.628020e+02  4.388176e-03
4.702870e+02  4.249102e-03
4.778940e+02  4.112010e-03
4.856230e+02  3.979388e-03
4.934780e+02  3.850652e-03
5.014590e+02  3.724552e-03
5.095700e+02  3.599558e-03
5.178120e+02  3.476085e-03
5.261870e+02  3.352286e-03
5.346980e+02  3.224651e-03
5.433460e+02  3.097911e-03
5.521340e+02  2.976174e-03
5.610650e+02  2.857379e-03
5.701390e+02  2.742430e-03
5.793610e+02  2.631476e-03
5.887320e+02  2.524928e-03
5.982540e+02  2.422630e-03
6.079300e+02  2.324487e-03
6.177630e+02  2.230331e-03
6.277550e+02  2.139842e-03
6.379080e+02  2.051378e-03
6.482260e+02  1.964190e-03
6.587110e+02  1.879214e-03
6.693650e+02  1.797903e-03
6.801910e+02  1.722949e-03
6.911930e+02  1.653212e-03
7.023720e+02  1.586585e-03
7.137330e+02  1.519721e-03
7.252770e+02  1.453729e-03
7.370080e+02  1.390573e-03
7.489280e+02  1.330164e-03
7.610420e+02  1.272353e-03
7.733510e+02  1.216817e-03
7.858590e+02  1.162923e-03
7.985700e+02  1.110805e-03
8.114860e+02  1.061022e-03
8.246110e+02  1.013457e-03
8.379490e+02  9.680258e-04
8.515020e+02  9.245362e-04
8.652740e+02  8.829255e-04
8.792690e+02  8.431202e-04
8.934910e+02  8.050958e-04
9.079430e+02  7.687759e-04
9.226280e+02  7.340981e-04
9.375510e+02  7.007528e-04
9.527150e+02  6.688714e-04
9.681240e+02  6.383967e-04
9.837830e+02  6.092815e-04
9.996950e+02  5.813902e-04
1.015860e+03  5.546828e-04
1.032290e+03  5.283481e-04
1.048990e+03  5.031675e-04
1.065960e+03  4.790971e-04
1.083200e+03  4.561764e-04
1.100720e+03  4.343401e-04
1.118520e+03  4.135423e-04
1.136610e+03  3.937210e-04
1.155000e+03  3.748423e-04
1.173680e+03  3.568761e-04
1.192660e+03  3.397506e-04
1.211950e+03  3.234438e-04
1.231550e+03  3.079147e-04
1.251470e+03  2.931164e-04
1.271720e+03  2.790222e-04
1.292290e+03  2.656025e-04
1.313190e+03  2.528219e-04
1.334430e+03  2.406514e-04
1.356010e+03  2.290622e-04
1.377940e+03  2.180160e-04
1.400230e+03  2.074949e-04
1.422880e+03  1.974741e-04
1.445890e+03  1.879167e-04
1.467600e+03  1.791624e-04
1.467800e+03  9.094291e-04
1.469280e+03  9.071017e-04
1.493040e+03  8.583211e-04
1.517190e+03  8.115397e-04
1.541730e+03  7.672307e-04
1.566670e+03  7.253042e-04
1.592010e+03  6.856449e-04
1.617760e+03  6.481347e-04
1.643920e+03  6.126663e-04
1.670510e+03  5.791194e-04
1.697530e+03  5.474043e-04
1.724990e+03  5.174199e-04
1.752890e+03  4.890732e-04
1.781240e+03  4.622801e-04
1.810050e+03  4.369535e-04
1.839320e+03  4.130152e-04
1.869070e+03  3.903758e-04
1.884400e+03  3.792790e-04
1.884600e+03  4.452393e-04
1.899300e+03  4.331993e-04
1.930020e+03  4.092358e-04
1.961240e+03  3.865907e-04
1.992960e+03  3.652001e-04
2.025200e+03  3.450752e-04
2.057950e+03  3.259905e-04
2.089700e+03  3.087463e-04
2.089900e+03  3.309056e-04
2.091240e+03  3.301721e-04
2.125060e+03  3.121084e-04
2.159430e+03  2.950286e-04
2.194360e+03  2.788858e-04
2.229850e+03  2.636398e-04
2.265920e+03  2.492247e-04
2.302570e+03  2.451406e-04
2.306700e+03  2.446889e-04
2.306900e+03  2.448533e-04
2.339810e+03  2.334053e-04
2.377660e+03  2.210813e-04
2.416110e+03  2.093969e-04
2.455190e+03  1.983169e-04
2.494900e+03  1.878041e-04
2.535260e+03  1.778429e-04
2.576260e+03  1.684028e-04
2.617930e+03  1.594510e-04
2.660270e+03  1.509718e-04
2.703300e+03  1.429276e-04
2.747030e+03  1.353124e-04
2.791460e+03  1.280976e-04
2.836610e+03  1.212622e-04
2.882490e+03  1.147861e-04
2.929110e+03  1.086507e-04
2.976480e+03  1.028379e-04
3.024630e+03  9.733267e-05
3.073550e+03  9.212223e-05
3.123260e+03  8.718624e-05
3.173780e+03  8.250722e-05
3.225110e+03  7.807907e-05
3.277270e+03  7.388722e-05
3.330280e+03  6.991552e-05
3.384150e+03  6.615576e-05
3.438880e+03  6.259368e-05
3.494500e+03  5.922464e-05
3.551020e+03  5.603362e-05
3.608460e+03  5.300958e-05
3.666820e+03  5.015096e-05
3.726130e+03  4.744168e-05
3.786400e+03  4.487750e-05
3.847640e+03  4.245071e-05
3.909870e+03  4.015345e-05
3.973110e+03  3.797895e-05
4.037380e+03  3.592076e-05
4.102680e+03  3.397285e-05
4.169030e+03  3.212913e-05
4.236460e+03  3.038475e-05
4.304980e+03  2.873337e-05
4.374620e+03  2.717118e-05
4.445370e+03  2.569243e-05
4.517270e+03  2.429318e-05
4.590330e+03  2.296978e-05
4.664580e+03  2.171746e-05
4.740030e+03  2.053236e-05
4.816690e+03  1.941130e-05
4.894600e+03  1.835073e-05
4.973770e+03  1.734729e-05
5.054210e+03  1.639813e-05
5.135960e+03  1.550018e-05
5.219030e+03  1.465068e-05
5.303440e+03  1.384752e-05
5.389220e+03  1.308745e-05
5.476390e+03  1.236877e-05
5.564970e+03  1.168899e-05
5.654980e+03  1.104602e-05
5.746440e+03  1.043813e-05
5.839390e+03  9.863051e-06
5.933830e+03  9.319318e-06
6.029810e+03  8.805035e-06
6.127330e+03  8.318663e-06
6.226440e+03  7.858867e-06
6.327150e+03  7.423969e-06
6.429480e+03  7.012892e-06
6.533480e+03  6.623909e-06
6.639150e+03  6.256403e-06
6.746540e+03  5.908837e-06
6.855650e+03  5.580251e-06
6.966540e+03  5.269580e-06
7.079220e+03  4.975936e-06
7.193720e+03  4.698367e-06
7.310070e+03  4.435883e-06
7.428310e+03  4.187782e-06
7.548450e+03  3.953250e-06
7.670540e+03  3.731568e-06
7.794610e+03  3.521999e-06
7.920680e+03  3.323931e-06
8.048790e+03  3.136720e-06
8.178980e+03  2.959814e-06
8.311260e+03  2.792729e-06
8.445690e+03  2.634844e-06
8.582290e+03  2.485471e-06
8.647900e+03  2.417540e-06
8.648100e+03  6.713187e-06
8.721110e+03  6.498630e-06
8.862160e+03  6.107900e-06
9.005500e+03  5.740602e-06
9.151160e+03  5.395304e-06
9.299170e+03  5.070838e-06
9.449580e+03  4.765947e-06
9.602420e+03  4.479341e-06
9.616800e+03  4.453491e-06
9.617000e+03  6.229589e-06
9.757730e+03  5.886411e-06
9.915550e+03  5.529305e-06
1.007590e+04  5.194995e-06
1.011560e+04  5.116228e-06
1.011580e+04  5.754416e-06
1.023890e+04  5.521962e-06
1.040450e+04  5.228015e-06
1.057280e+04  4.948704e-06
1.074380e+04  4.683428e-06
1.091760e+04  4.431443e-06
1.109420e+04  4.192313e-06
1.127360e+04  3.965385e-06
1.145590e+04  3.750110e-06
1.164120e+04  3.545899e-06
1.182950e+04  3.352252e-06
1.202080e+04  3.168732e-06
1.221530e+04  2.994749e-06
1.241280e+04  2.829975e-06
1.261360e+04  2.673848e-06
1.281760e+04  2.526011e-06
1.302500e+04  2.385995e-06
1.323560e+04  2.253505e-06
1.344970e+04  2.128082e-06
1.366720e+04  2.009415e-06
1.388830e+04  1.897126e-06
1.411290e+04  1.790930e-06
1.434120e+04  1.690479e-06
1.457310e+04  1.595514e-06
1.480890e+04  1.505701e-06
1.504840e+04  1.420826e-06
1.529180e+04  1.340603e-06
1.553910e+04  1.264799e-06
1.579040e+04  1.193172e-06
1.604580e+04  1.125501e-06
1.630540e+04  1.061568e-06
1.656910e+04  1.001198e-06
1.683710e+04  9.441821e-07
1.710940e+04  8.903502e-07
1.738610e+04  8.395242e-07
1.766740e+04  7.915331e-07
1.795310e+04  7.462450e-07
1.824350e+04  7.034951e-07
1.853860e+04  6.631516e-07
1.883840e+04  6.250856e-07
1.914310e+04  5.891667e-07
1.945270e+04  5.552810e-07
1.976740e+04  5.233088e-07
2.008710e+04  4.931554e-07
2.041200e+04  4.647132e-07
2.074210e+04  4.378910e-07
2.107760e+04  4.125929e-07
2.141850e+04  3.887405e-07
2.176500e+04  3.662453e-07
2.211700e+04  3.450414e-07
2.247470e+04  3.250497e-07
2.283820e+04  3.062037e-07
2.320760e+04  2.884377e-07
2.358300e+04  2.716914e-07
2.396440e+04  2.559097e-07
2.435200e+04  2.410355e-07
2.474590e+04  2.270171e-07
2.514620e+04  2.138063e-07
2.555290e+04  2.013597e-07
2.596620e+04  1.896312e-07
2.638610e+04  1.785813e-07
2.681290e+04  1.681694e-07
2.724660e+04  1.583605e-07
2.768730e+04  1.491195e-07
2.813510e+04  1.404152e-07
2.859020e+04  1.322150e-07
2.905260e+04  1.244909e-07
2.952250e+04  1.172158e-07
3.000000e+04  1.103640e-07
-1  -1
