  -1
3.025550e+01  1.656490e+00
3.074490e+01  1.673608e+00
3.124210e+01  1.684735e+00
3.174750e+01  1.690254e+00
3.226090e+01  1.690431e+00
3.278270e+01  1.685556e+00
3.331300e+01  1.675899e+00
3.385180e+01  1.661854e+00
3.439930e+01  1.643774e+00
3.495570e+01  1.622066e+00
3.552110e+01  1.597123e+00
3.609560e+01  1.569397e+00
3.667940e+01  1.539322e+00
3.727270e+01  1.507313e+00
3.787550e+01  1.473828e+00
3.848820e+01  1.439295e+00
3.911070e+01  1.404214e+00
3.974320e+01  1.369120e+00
4.038610e+01  1.334750e+00
4.103930e+01  1.303619e+00
4.170310e+01  1.271806e+00
4.237760e+01  1.228901e+00
4.306300e+01  1.181746e+00
4.375950e+01  1.132987e+00
4.446730e+01  1.083602e+00
4.518650e+01  1.034358e+00
4.591740e+01  9.858158e-01
4.666000e+01  9.386006e-01
4.741470e+01  8.934842e-01
4.818160e+01  8.471477e-01
4.896090e+01  8.003732e-01
4.975280e+01  7.548956e-01
5.055760e+01  7.111465e-01
5.137530e+01  6.693824e-01
5.220620e+01  6.297252e-01
5.305060e+01  5.922604e-01
5.390870e+01  5.570959e-01
5.478060e+01  5.246585e-01
5.566670e+01  4.901888e-01
5.656700e+01  4.552209e-01
5.748200e+01  4.219562e-01
5.841170e+01  3.907727e-01
5.935640e+01  3.616989e-01
6.031650e+01  3.346766e-01
6.129210e+01  3.096385e-01
6.228340e+01  2.864907e-01
6.329080e+01  2.651277e-01
6.431450e+01  2.454971e-01
6.535470e+01  2.269220e-01
6.641180e+01  2.075450e-01
6.748590e+01  1.896319e-01
6.857750e+01  1.732236e-01
6.968670e+01  1.582381e-01
7.081380e+01  1.445868e-01
7.195910e+01  1.322030e-01
7.312300e+01  1.197229e-01
7.430570e+01  1.081160e-01
7.550760e+01  9.763072e-02
7.672890e+01  8.818796e-02
7.796990e+01  7.973738e-02
7.923100e+01  6.978632e-02
8.051250e+01  5.888640e-02
8.181470e+01  4.959825e-02
8.313800e+01  4.109210e-02
8.448270e+01  3.391596e-02
8.584910e+01  2.822282e-02
8.723770e+01  2.451623e-02
8.864870e+01  2.129000e-02
9.008250e+01  1.900521e-02
9.153950e+01  1.740631e-02
9.302010e+01  1.632985e-02
9.452460e+01  1.626170e-02
9.605350e+01  2.465892e-02
9.760710e+01  5.212911e-02
9.918580e+01  1.129586e-01
1.007900e+02  1.633794e-01
1.024200e+02  1.226962e-01
1.040770e+02  8.703580e-02
1.057600e+02  7.589949e-02
1.074710e+02  6.789392e-02
1.092090e+02  6.253314e-02
1.109750e+02  5.650511e-02
1.127700e+02  2.548219e-01
1.145940e+02  3.426752e-01
1.164480e+02  4.303928e-01
1.183310e+02  4.614443e-01
1.202450e+02  4.168811e-01
1.221900e+02  3.777065e-01
1.241660e+02  3.372848e-01
1.261750e+02  2.921293e-01
1.282150e+02  2.495059e-01
1.302890e+02  2.111221e-01
1.323970e+02  1.773468e-01
1.345380e+02  1.515545e-01
1.367140e+02  1.373572e-01
1.389250e+02  1.249402e-01
1.411720e+02  1.138122e-01
1.434560e+02  1.037533e-01
1.457760e+02  9.463040e-02
1.481340e+02  8.633975e-02
1.505300e+02  7.880152e-02
1.529640e+02  7.180866e-02
1.554390e+02  6.505669e-02
1.579530e+02  5.893676e-02
1.605070e+02  5.339663e-02
1.631030e+02  4.838274e-02
1.657420e+02  4.384651e-02
1.684220e+02  3.974502e-02
1.711460e+02  3.603960e-02
1.739150e+02  3.236309e-02
1.767270e+02  2.896909e-02
1.795860e+02  2.593183e-02
1.824910e+02  2.321584e-02
1.854420e+02  2.078739e-02
1.884420e+02  1.861552e-02
1.914890e+02  1.667323e-02
1.945870e+02  1.493303e-02
1.977340e+02  1.371020e-02
2.009320e+02  1.265437e-02
2.041820e+02  1.168351e-02
2.074850e+02  1.078975e-02
2.108400e+02  9.966600e-03
2.142510e+02  9.207829e-03
2.177160e+02  8.508376e-03
2.212370e+02  7.863302e-03
2.248160e+02  7.268070e-03
2.284520e+02  6.730446e-03
2.321470e+02  6.235935e-03
2.359020e+02  5.778443e-03
2.397170e+02  5.355065e-03
2.435950e+02  5.005529e-03
2.475350e+02  4.697159e-03
2.515380e+02  4.408365e-03
2.556070e+02  4.137702e-03
2.597410e+02  3.883979e-03
2.639420e+02  3.672273e-03
2.682110e+02  3.501818e-03
2.725490e+02  3.339620e-03
2.769570e+02  3.185216e-03
2.814370e+02  3.038157e-03
2.859890e+02  2.898020e-03
2.906150e+02  2.805760e-03
2.953150e+02  2.722897e-03
3.000920e+02  2.642670e-03
3.049450e+02  2.564981e-03
3.098780e+02  2.489701e-03
3.148900e+02  2.416762e-03
3.199830e+02  2.354296e-03
3.251580e+02  2.308712e-03
3.304180e+02  2.264113e-03
3.357620e+02  2.220497e-03
3.411920e+02  2.177819e-03
3.467110e+02  2.136019e-03
3.523190e+02  2.095081e-03
3.580170e+02  2.074721e-03
3.638080e+02  2.073632e-03
3.696920e+02  2.072665e-03
3.756720e+02  2.071758e-03
3.817480e+02  2.070918e-03
3.879220e+02  2.070128e-03
3.941970e+02  2.086880e-03
4.005730e+02  2.122321e-03
4.070520e+02  2.158453e-03
4.136350e+02  2.195264e-03
4.203260e+02  2.232661e-03
4.271240e+02  2.321046e-03
4.340320e+02  2.424233e-03
4.410520e+02  2.532119e-03
4.481860e+02  2.644916e-03
4.554350e+02  2.761736e-03
4.628020e+02  2.882080e-03
4.702870e+02  3.007800e-03
4.778940e+02  3.132460e-03
4.856230e+02  3.253769e-03
4.934780e+02  3.379863e-03
5.014590e+02  3.511075e-03
5.095700e+02  3.610757e-03
5.178120e+02  3.700589e-03
5.261870e+02  3.792726e-03
5.346980e+02  3.887267e-03
5.433460e+02  3.977922e-03
5.521340e+02  4.053879e-03
5.610650e+02  4.131466e-03
5.701390e+02  4.178688e-03
5.793610e+02  4.190957e-03
5.887320e+02  4.199177e-03
5.982540e+02  4.088333e-03
6.079300e+02  3.980142e-03
6.177630e+02  3.864748e-03
6.277550e+02  3.707568e-03
6.379080e+02  3.581456e-03
6.482260e+02  3.490293e-03
6.587110e+02  3.423615e-03
6.693650e+02  3.377404e-03
6.801910e+02  3.331806e-03
6.911930e+02  3.322329e-03
7.023720e+02  3.349304e-03
7.137330e+02  3.376990e-03
7.252770e+02  3.410975e-03
7.370080e+02  3.445386e-03
7.489280e+02  3.479860e-03
7.610420e+02  3.507497e-03
7.733510e+02  3.535427e-03
7.858590e+02  3.563658e-03
7.985700e+02  3.582614e-03
8.114860e+02  3.591750e-03
8.246110e+02  3.600976e-03
8.379490e+02  3.610407e-03
8.515020e+02  3.554613e-03
8.652740e+02  3.493646e-03
8.792690e+02  3.433733e-03
8.934910e+02  3.350056e-03
9.079430e+02  3.243955e-03
9.226280e+02  3.141162e-03
9.375510e+02  3.030694e-03
9.527150e+02  2.921659e-03
9.681240e+02  2.828507e-03
9.837830e+02  2.756789e-03
9.996950e+02  2.687020e-03
1.015860e+03  2.619547e-03
1.032290e+03  2.249556e-03
1.048990e+03  2.163389e-03
1.065960e+03  2.091365e-03
1.083200e+03  2.008118e-03
1.100720e+03  1.927325e-03
1.118520e+03  1.849799e-03
1.136610e+03  1.775385e-03
1.155000e+03  1.703949e-03
1.173680e+03  1.635410e-03
1.192660e+03  1.569632e-03
1.211950e+03  1.506497e-03
1.231550e+03  1.445902e-03
1.251470e+03  1.387749e-03
1.271720e+03  1.331913e-03
1.292290e+03  1.278348e-03
1.313190e+03  1.226944e-03
1.334430e+03  1.171951e-03
1.356010e+03  1.118233e-03
1.377940e+03  1.066972e-03
1.400230e+03  1.018055e-03
1.422880e+03  9.713835e-04
1.445890e+03  9.268618e-04
1.469280e+03  8.843703e-04
1.493040e+03  8.438351e-04
1.517190e+03  8.051564e-04
1.541730e+03  7.682498e-04
1.566670e+03  7.330333e-04
1.592010e+03  6.994350e-04
1.617760e+03  6.673798e-04
1.643920e+03  6.367996e-04
1.670510e+03  6.054472e-04
1.697530e+03  5.748894e-04
1.724990e+03  5.458689e-04
1.752890e+03  5.183174e-04
1.781240e+03  4.921582e-04
1.810050e+03  4.673194e-04
1.839320e+03  4.437373e-04
1.869070e+03  4.213420e-04
1.899300e+03  4.000786e-04
1.930020e+03  3.798883e-04
1.961240e+03  3.607156e-04
1.992960e+03  3.425131e-04
2.025200e+03  3.252285e-04
2.057950e+03  3.088190e-04
2.091240e+03  2.932347e-04
2.125060e+03  2.784385e-04
2.159430e+03  2.643908e-04
2.194360e+03  2.510489e-04
2.229850e+03  2.383836e-04
2.265920e+03  2.263551e-04
2.302570e+03  2.147588e-04
2.339810e+03  2.035941e-04
2.377660e+03  1.930085e-04
2.416110e+03  1.829749e-04
2.455190e+03  1.734630e-04
2.494900e+03  1.644456e-04
2.535260e+03  1.558953e-04
2.576260e+03  1.477917e-04
2.617930e+03  1.401087e-04
2.660270e+03  1.328260e-04
2.703300e+03  1.259213e-04
2.747030e+03  1.193754e-04
2.791460e+03  1.131701e-04
2.836610e+03  1.072871e-04
2.882490e+03  1.017108e-04
2.929110e+03  9.642400e-05
2.976480e+03  9.141265e-05
3.024630e+03  8.670850e-05
3.073550e+03  8.226416e-05
3.123260e+03  7.804679e-05
3.173780e+03  7.404575e-05
3.225110e+03  7.007501e-05
3.277270e+03  6.601089e-05
3.330280e+03  6.218228e-05
3.384150e+03  5.857577e-05
3.438880e+03  5.517876e-05
3.494500e+03  5.197782e-05
3.551020e+03  4.895621e-05
3.551600e+03  4.892302e-05
3.551800e+03  1.253606e-04
3.608460e+03  1.160598e-04
3.666820e+03  1.073112e-04
3.726130e+03  1.006011e-04
3.727500e+03  1.004480e-04
3.727700e+03  1.344875e-04
3.786400e+03  1.284917e-04
3.847640e+03  1.226011e-04
3.909870e+03  1.169792e-04
3.973110e+03  1.120638e-04
4.037380e+03  1.077028e-04
4.102680e+03  1.034490e-04
4.169030e+03  9.872307e-05
4.236460e+03  9.421316e-05
4.303300e+03  9.000765e-05
4.303500e+03  1.041651e-04
4.304980e+03  1.040503e-04
4.374620e+03  9.875102e-05
4.445370e+03  9.372052e-05
4.517270e+03  8.894546e-05
4.590330e+03  8.431956e-05
4.664580e+03  7.982021e-05
4.740030e+03  7.568607e-05
4.816690e+03  7.212256e-05
4.894600e+03  6.872660e-05
4.973770e+03  6.549033e-05
5.054210e+03  6.240702e-05
5.135960e+03  5.946848e-05
5.182100e+03  5.789053e-05
5.182300e+03  6.060236e-05
5.219030e+03  5.927431e-05
5.303440e+03  5.636372e-05
5.389220e+03  5.359594e-05
5.476390e+03  5.096391e-05
5.564970e+03  4.846112e-05
5.654980e+03  4.608157e-05
5.746440e+03  4.370938e-05
5.839390e+03  4.142210e-05
5.933830e+03  3.925448e-05
6.029810e+03  3.720032e-05
6.127330e+03  3.525382e-05
6.226440e+03  3.340906e-05
6.327150e+03  3.166073e-05
6.429480e+03  3.008062e-05
6.533480e+03  2.861384e-05
6.639150e+03  2.721867e-05
6.746540e+03  2.589158e-05
6.855650e+03  2.462917e-05
6.966540e+03  2.342834e-05
7.079220e+03  2.228596e-05
7.193720e+03  2.119928e-05
7.310070e+03  2.016571e-05
7.428310e+03  1.918247e-05
7.548450e+03  1.816227e-05
7.670540e+03  1.711104e-05
7.794610e+03  1.612071e-05
7.920680e+03  1.518780e-05
8.048790e+03  1.430876e-05
8.178980e+03  1.348410e-05
8.311260e+03  1.277666e-05
8.445690e+03  1.210636e-05
8.582290e+03  1.147123e-05
8.721110e+03  1.086934e-05
8.862160e+03  1.026014e-05
9.005500e+03  9.643090e-06
9.151160e+03  9.063073e-06
9.299170e+03  8.560164e-06
9.449580e+03  8.140682e-06
9.602420e+03  8.291049e-06
9.757730e+03  7.913797e-06
9.915550e+03  7.473967e-06
1.007590e+04  7.056271e-06
1.023890e+04  6.661149e-06
1.040450e+04  6.287537e-06
1.057280e+04  5.934226e-06
1.074380e+04  5.600272e-06
1.091760e+04  5.284544e-06
1.109420e+04  4.986151e-06
1.127360e+04  4.704196e-06
1.145590e+04  4.437777e-06
1.164120e+04  4.186017e-06
1.182950e+04  3.948174e-06
1.202080e+04  3.723536e-06
1.221530e+04  3.511294e-06
1.241280e+04  3.310940e-06
1.261360e+04  3.121679e-06
1.281760e+04  2.943005e-06
1.302500e+04  2.774267e-06
1.323560e+04  2.615033e-06
1.344970e+04  2.464691e-06
1.366720e+04  2.322806e-06
1.388830e+04  2.188875e-06
1.411290e+04  2.062504e-06
1.434120e+04  1.943240e-06
1.457310e+04  1.830731e-06
1.480890e+04  1.724551e-06
1.504840e+04  1.624405e-06
1.529180e+04  1.529933e-06
1.553910e+04  1.440831e-06
1.579040e+04  1.356790e-06
1.604580e+04  1.277528e-06
1.630540e+04  1.202770e-06
1.656910e+04  1.132295e-06
1.683710e+04  1.065838e-06
1.710940e+04  1.003188e-06
1.716620e+04  9.907070e-07
1.716640e+04  2.398540e-06
1.738610e+04  2.288451e-06
1.766740e+04  2.156686e-06
1.795310e+04  2.032563e-06
1.824350e+04  1.915561e-06
1.853860e+04  1.805295e-06
1.883840e+04  1.701389e-06
1.914310e+04  1.603458e-06
1.945270e+04  1.511169e-06
1.976740e+04  1.424180e-06
2.008710e+04  1.342211e-06
2.041200e+04  1.264956e-06
2.074210e+04  1.192157e-06
2.094750e+04  1.149534e-06
2.094770e+04  1.629501e-06
2.107760e+04  1.594123e-06
2.141850e+04  1.505840e-06
2.175730e+04  1.424226e-06
2.175750e+04  1.617305e-06
2.176500e+04  1.615423e-06
2.211700e+04  1.529572e-06
2.247470e+04  1.448001e-06
2.283820e+04  1.370512e-06
2.320760e+04  1.296949e-06
2.358300e+04  1.227102e-06
2.396440e+04  1.160841e-06
2.435200e+04  1.097978e-06
2.474590e+04  1.038353e-06
2.514620e+04  9.818142e-07
2.555290e+04  9.282258e-07
2.596620e+04  8.774366e-07
2.638610e+04  8.293194e-07
2.681290e+04  7.837319e-07
2.724660e+04  7.405568e-07
2.768730e+04  6.996754e-07
2.813510e+04  6.609745e-07
2.859020e+04  6.243404e-07
2.905260e+04  5.896744e-07
2.952250e+04  5.568726e-07
3.000000e+04  5.258424e-07
-1  -1
