  -1
3.025540e+01  8.419675e-01
3.074480e+01  7.674834e-01
3.124210e+01  6.978440e-01
3.174740e+01  6.359855e-01
3.226090e+01  5.788742e-01
3.278270e+01  5.265528e-01
3.331290e+01  4.821586e-01
3.385170e+01  4.417919e-01
3.439920e+01  4.029016e-01
3.495560e+01  3.725442e-01
3.552100e+01  3.516434e-01
3.609550e+01  3.327624e-01
3.667930e+01  3.112303e-01
3.727260e+01  3.124967e-01
3.787540e+01  3.244471e-01
3.848800e+01  3.444833e-01
3.911060e+01  3.705223e-01
3.974310e+01  3.968617e-01
4.038600e+01  4.562075e-01
4.103920e+01  5.384585e-01
4.170290e+01  5.869297e-01
4.237740e+01  6.230141e-01
4.306290e+01  6.360906e-01
4.375940e+01  6.224069e-01
4.446710e+01  5.716655e-01
4.518640e+01  5.275884e-01
4.591720e+01  4.954802e-01
4.665990e+01  4.764694e-01
4.741460e+01  4.744310e-01
4.818150e+01  4.854594e-01
4.896080e+01  5.076118e-01
4.975270e+01  5.424313e-01
5.055740e+01  5.844825e-01
5.137510e+01  6.217021e-01
5.220610e+01  6.527477e-01
5.305050e+01  6.674496e-01
5.390850e+01  6.759344e-01
5.478040e+01  6.792771e-01
5.566650e+01  6.679413e-01
5.656680e+01  6.471787e-01
5.748170e+01  6.226490e-01
5.841150e+01  5.955002e-01
5.935620e+01  5.667917e-01
6.031630e+01  5.373141e-01
6.129180e+01  5.076894e-01
6.228320e+01  4.783868e-01
6.329060e+01  4.497737e-01
6.431420e+01  4.223902e-01
6.535450e+01  3.950445e-01
6.641150e+01  3.671434e-01
6.748570e+01  3.404237e-01
6.857720e+01  3.151670e-01
6.968640e+01  2.914590e-01
7.081350e+01  2.693583e-01
7.195880e+01  2.487943e-01
7.312270e+01  2.282046e-01
7.430540e+01  2.090031e-01
7.550720e+01  1.912712e-01
7.672850e+01  1.749500e-01
7.796950e+01  1.599553e-01
7.923060e+01  1.461904e-01
8.051210e+01  1.334623e-01
8.181430e+01  1.235897e-01
8.313760e+01  1.149280e-01
8.448230e+01  1.069105e-01
8.584870e+01  9.939617e-02
8.723730e+01  9.392733e-02
8.864830e+01  8.952160e-02
9.008210e+01  8.538213e-02
9.153910e+01  8.142273e-02
9.301970e+01  7.924616e-02
9.452420e+01  7.736514e-02
9.605300e+01  7.558715e-02
9.760660e+01  7.388987e-02
9.918530e+01  7.245899e-02
1.007900e+02  7.115432e-02
1.024200e+02  6.990791e-02
1.040760e+02  6.871282e-02
1.057600e+02  6.756120e-02
1.074700e+02  6.645196e-02
1.092080e+02  6.537712e-02
1.109750e+02  6.444552e-02
1.127700e+02  6.361823e-02
1.145940e+02  6.282177e-02
1.164470e+02  6.205270e-02
1.183310e+02  6.130682e-02
1.202450e+02  6.058447e-02
1.221890e+02  5.988450e-02
1.241660e+02  5.920316e-02
1.261740e+02  5.854207e-02
1.282150e+02  5.789985e-02
1.302880e+02  5.723009e-02
1.323960e+02  5.651413e-02
1.345370e+02  5.581361e-02
1.367130e+02  5.512782e-02
1.389240e+02  5.445672e-02
1.411710e+02  5.380048e-02
1.434550e+02  5.315735e-02
1.457750e+02  5.252871e-02
1.481330e+02  5.191351e-02
1.505290e+02  5.131229e-02
1.529630e+02  5.067234e-02
1.554380e+02  4.998194e-02
1.579520e+02  4.930401e-02
1.605060e+02  4.863939e-02
1.631020e+02  4.798919e-02
1.657400e+02  4.724592e-02
1.684210e+02  4.649875e-02
1.711450e+02  4.576572e-02
1.739130e+02  4.504887e-02
1.767260e+02  4.422229e-02
1.795850e+02  4.339255e-02
1.824890e+02  4.257870e-02
1.854410e+02  4.177905e-02
1.884400e+02  4.103736e-02
1.914880e+02  4.032960e-02
1.945850e+02  3.963574e-02
1.977330e+02  3.895493e-02
2.009310e+02  3.828776e-02
2.041810e+02  3.763400e-02
2.074830e+02  3.695817e-02
2.108390e+02  3.628750e-02
2.142490e+02  3.562964e-02
2.177140e+02  3.498453e-02
2.212360e+02  3.435165e-02
2.248140e+02  3.373132e-02
2.284500e+02  3.312286e-02
2.321450e+02  3.252629e-02
2.359000e+02  3.194144e-02
2.397160e+02  3.136765e-02
2.435930e+02  3.080542e-02
2.475330e+02  3.025403e-02
2.515360e+02  2.971381e-02
2.556050e+02  2.918411e-02
2.597390e+02  2.866546e-02
2.639400e+02  2.815828e-02
2.682090e+02  2.766381e-02
2.725470e+02  2.692262e-02
2.769550e+02  2.618514e-02
2.814350e+02  2.546605e-02
2.859870e+02  2.476589e-02
2.906120e+02  2.408455e-02
2.953130e+02  2.342135e-02
3.000890e+02  2.277665e-02
3.049430e+02  2.213885e-02
3.098750e+02  2.150136e-02
3.148870e+02  2.088180e-02
3.199800e+02  2.027997e-02
3.251560e+02  1.969527e-02
3.304150e+02  1.912760e-02
3.357590e+02  1.857619e-02
3.411900e+02  1.803521e-02
3.467080e+02  1.750582e-02
3.523160e+02  1.699183e-02
3.580140e+02  1.649289e-02
3.638050e+02  1.600839e-02
3.696890e+02  1.554105e-02
3.756690e+02  1.512985e-02
3.817450e+02  1.473012e-02
3.879190e+02  1.434125e-02
3.941930e+02  1.396285e-02
4.005690e+02  1.359464e-02
4.070480e+02  1.323630e-02
4.136320e+02  1.288745e-02
4.203220e+02  1.255659e-02
4.271200e+02  1.223558e-02
4.340290e+02  1.192292e-02
4.410490e+02  1.161867e-02
4.481820e+02  1.132266e-02
4.554310e+02  1.098901e-02
4.627970e+02  1.063246e-02
4.702830e+02  1.027120e-02
4.778890e+02  9.921793e-03
4.856190e+02  9.584068e-03
4.934730e+02  9.257945e-03
5.014550e+02  8.943229e-03
5.095650e+02  8.638967e-03
5.178070e+02  8.342915e-03
5.261820e+02  8.049831e-03
5.346930e+02  7.753523e-03
5.433410e+02  7.461601e-03
5.521290e+02  7.181113e-03
5.610600e+02  6.907350e-03
5.701340e+02  6.646400e-03
5.793560e+02  6.424335e-03
5.887260e+02  6.217336e-03
5.982480e+02  6.021824e-03
6.079250e+02  5.832549e-03
6.177570e+02  5.649309e-03
6.277490e+02  5.470493e-03
6.379020e+02  5.280020e-03
6.482200e+02  5.071407e-03
6.587040e+02  4.855091e-03
6.693580e+02  4.647896e-03
6.801850e+02  4.456517e-03
6.911860e+02  4.278302e-03
7.023660e+02  4.107930e-03
7.137260e+02  3.937354e-03
7.252700e+02  3.769130e-03
7.370000e+02  3.608119e-03
7.489210e+02  3.453943e-03
7.610340e+02  3.306281e-03
7.733430e+02  3.164193e-03
7.858510e+02  3.025751e-03
7.985620e+02  2.891393e-03
8.114780e+02  2.762985e-03
8.246030e+02  2.640270e-03
8.379400e+02  2.523002e-03
8.514930e+02  2.410471e-03
8.652650e+02  2.302475e-03
8.792600e+02  2.198915e-03
8.934820e+02  2.100003e-03
9.079330e+02  2.005523e-03
9.226180e+02  1.915276e-03
9.375410e+02  1.828196e-03
9.527050e+02  1.744840e-03
9.681140e+02  1.665075e-03
9.837720e+02  1.588949e-03
9.996840e+02  1.516178e-03
1.015850e+03  1.446612e-03
1.032280e+03  1.379004e-03
1.048980e+03  1.314225e-03
1.065950e+03  1.252181e-03
1.083190e+03  1.193051e-03
1.100710e+03  1.136703e-03
1.118510e+03  1.083013e-03
1.136600e+03  1.031831e-03
1.154980e+03  9.830695e-04
1.173670e+03  9.365880e-04
1.192650e+03  8.923162e-04
1.211940e+03  8.501357e-04
1.231540e+03  8.099407e-04
1.251460e+03  7.712545e-04
1.271700e+03  7.340122e-04
1.292270e+03  6.980770e-04
1.313170e+03  6.639204e-04
1.334410e+03  6.314240e-04
1.355990e+03  6.004965e-04
1.377930e+03  5.710716e-04
1.400210e+03  5.430913e-04
1.422860e+03  5.164774e-04
1.445870e+03  4.911691e-04
1.469260e+03  4.670634e-04
1.493020e+03  4.440919e-04
1.517170e+03  4.221044e-04
1.541710e+03  4.011826e-04
1.566650e+03  3.812967e-04
1.591990e+03  3.623868e-04
1.617740e+03  3.444053e-04
1.643900e+03  3.273208e-04
1.670490e+03  3.110600e-04
1.697510e+03  2.956043e-04
1.724970e+03  2.809160e-04
1.752870e+03  2.668350e-04
1.781220e+03  2.534179e-04
1.809100e+03  2.407938e-04
1.809300e+03  7.296101e-04
1.810030e+03  7.290950e-04
1.839300e+03  6.956581e-04
1.869050e+03  6.631038e-04
1.871500e+03  6.602158e-04
1.871700e+03  9.782668e-04
1.899280e+03  9.312544e-04
1.930000e+03  8.815220e-04
1.961220e+03  8.343810e-04
1.992940e+03  7.897329e-04
2.000000e+03  7.802126e-04
2.026000e+03  7.465888e-04
2.052000e+03  7.146168e-04
2.079000e+03  6.832697e-04
2.106000e+03  6.536689e-04
2.134000e+03  6.247111e-04
2.161000e+03  5.983099e-04
2.190000e+03  5.715457e-04
2.218000e+03  5.471513e-04
2.247000e+03  5.232735e-04
2.277000e+03  4.999319e-04
2.280900e+03  4.969298e-04
2.281100e+03  5.790220e-04
2.306000e+03  5.570541e-04
2.337000e+03  5.310456e-04
2.367000e+03  5.073179e-04
2.398000e+03  4.842258e-04
2.429000e+03  4.624458e-04
2.461000e+03  4.412587e-04
2.493000e+03  4.213181e-04
2.526000e+03  4.019261e-04
2.559000e+03  3.836730e-04
2.574800e+03  3.752883e-04
2.575000e+03  4.008291e-04
2.592000e+03  3.917072e-04
2.626000e+03  3.742077e-04
2.660000e+03  3.577108e-04
2.695000e+03  3.417049e-04
2.730000e+03  3.265981e-04
2.766000e+03  3.119454e-04
2.802000e+03  2.981290e-04
2.819500e+03  2.916875e-04
2.819700e+03  3.046912e-04
2.839000e+03  2.977673e-04
2.876000e+03  2.850397e-04
2.914000e+03  2.726643e-04
2.952000e+03  2.609686e-04
2.990000e+03  2.498861e-04
3.029000e+03  2.391333e-04
3.069000e+03  2.286960e-04
3.109000e+03  2.188189e-04
3.150000e+03  2.092507e-04
3.191000e+03  2.002112e-04
3.232000e+03  1.916473e-04
3.275000e+03  1.831677e-04
3.317000e+03  1.753344e-04
3.361000e+03  1.675786e-04
3.405000e+03  1.602539e-04
3.449000e+03  1.533239e-04
3.494000e+03  1.466348e-04
3.540000e+03  1.401634e-04
3.586000e+03  1.340552e-04
3.633000e+03  1.281602e-04
3.680000e+03  1.225885e-04
3.729000e+03  1.171065e-04
3.777000e+03  1.120309e-04
3.827000e+03  1.070388e-04
3.877000e+03  1.023281e-04
3.927000e+03  9.787779e-05
3.979000e+03  9.350417e-05
4.031000e+03  8.937651e-05
4.083000e+03  8.547882e-05
4.137000e+03  8.165596e-05
4.191000e+03  7.804873e-05
4.245000e+03  7.464253e-05
4.301000e+03  7.130600e-05
4.357000e+03  6.815712e-05
4.414000e+03  6.513164e-05
4.472000e+03  6.222653e-05
4.530000e+03  5.948406e-05
4.589000e+03  5.684968e-05
4.649000e+03  5.432145e-05
4.710000e+03  5.189572e-05
4.771000e+03  4.960619e-05
4.834000e+03  4.737467e-05
4.897000e+03  4.526887e-05
4.961000e+03  4.325015e-05
5.026000e+03  4.131632e-05
5.091000e+03  3.949078e-05
5.158000e+03  3.771532e-05
5.225000e+03  3.603942e-05
5.294000e+03  3.441162e-05
5.363000e+03  3.287608e-05
5.433000e+03  3.140634e-05
5.504000e+03  2.999975e-05
5.576000e+03  2.865456e-05
5.649000e+03  2.736712e-05
5.722000e+03  2.615312e-05
5.797000e+03  2.497601e-05
5.873000e+03  2.385089e-05
5.950000e+03  2.277618e-05
6.027000e+03  2.176206e-05
6.106000e+03  2.078096e-05
6.186000e+03  1.984336e-05
6.267000e+03  1.894862e-05
6.349000e+03  1.809386e-05
6.432000e+03  1.727848e-05
6.516000e+03  1.649968e-05
6.601000e+03  1.575699e-05
6.687000e+03  1.504822e-05
6.774000e+03  1.437142e-05
6.863000e+03  1.371885e-05
6.952000e+03  1.310326e-05
7.043000e+03  1.250996e-05
7.135000e+03  1.194439e-05
7.229000e+03  1.139954e-05
7.323000e+03  1.088550e-05
7.419000e+03  1.039095e-05
7.516000e+03  9.919306e-06
7.614000e+03  9.470807e-06
7.713000e+03  9.042815e-06
7.814000e+03  8.631364e-06
7.916000e+03  8.239916e-06
8.019000e+03  7.866843e-06
8.124000e+03  7.508145e-06
8.230000e+03  7.166953e-06
8.338000e+03  6.839279e-06
8.447000e+03  6.527389e-06
8.557000e+03  6.230760e-06
8.669000e+03  5.946105e-06
8.782000e+03  5.675525e-06
8.897000e+03  5.415861e-06
9.013000e+03  5.168691e-06
9.131000e+03  4.931894e-06
9.250000e+03  4.706474e-06
9.371000e+03  4.490823e-06
9.494000e+03  4.283983e-06
9.618000e+03  4.087638e-06
9.743000e+03  3.901132e-06
9.900580e+03  3.684526e-06
1.006070e+04  3.480213e-06
1.020670e+04  3.306370e-06
1.020690e+04  8.523483e-06
1.022340e+04  8.471157e-06
1.038880e+04  7.967872e-06
1.055680e+04  7.494581e-06
1.072760e+04  7.049288e-06
1.090110e+04  6.630528e-06
1.107740e+04  6.236656e-06
1.125660e+04  5.866128e-06
1.143860e+04  5.517709e-06
1.154390e+04  5.328048e-06
1.154410e+04  7.460365e-06
1.162360e+04  7.274114e-06
1.181170e+04  6.856565e-06
1.200270e+04  6.463070e-06
1.209970e+04  6.274208e-06
1.209990e+04  7.196946e-06
1.219680e+04  6.997736e-06
1.239410e+04  6.613493e-06
1.259460e+04  6.249664e-06
1.279830e+04  5.905134e-06
1.300530e+04  5.578963e-06
1.321560e+04  5.270237e-06
1.342940e+04  4.978030e-06
1.364660e+04  4.701546e-06
1.386730e+04  4.439981e-06
1.409160e+04  4.192551e-06
1.431950e+04  3.958556e-06
1.455110e+04  3.737272e-06
1.478650e+04  3.528025e-06
1.502560e+04  3.330258e-06
1.526870e+04  3.143262e-06
1.551560e+04  2.966583e-06
1.576660e+04  2.799583e-06
1.602160e+04  2.641802e-06
1.628070e+04  2.492746e-06
1.654410e+04  2.351902e-06
1.681160e+04  2.218913e-06
1.708360e+04  2.093259e-06
1.735990e+04  1.974624e-06
1.764060e+04  1.862613e-06
1.792600e+04  1.756819e-06
1.821590e+04  1.656960e-06
1.851050e+04  1.562692e-06
1.880990e+04  1.473701e-06
1.911420e+04  1.389698e-06
1.942330e+04  1.310434e-06
1.973750e+04  1.235619e-06
2.005670e+04  1.165031e-06
2.038110e+04  1.098421e-06
2.071080e+04  1.035570e-06
2.104570e+04  9.762877e-07
2.138610e+04  9.203512e-07
2.173200e+04  8.675892e-07
2.208350e+04  8.178189e-07
2.244070e+04  7.708745e-07
2.280370e+04  7.265963e-07
2.317250e+04  6.848438e-07
2.354730e+04  6.454672e-07
2.392820e+04  6.083327e-07
2.431520e+04  5.733188e-07
2.470850e+04  5.403034e-07
2.510810e+04  5.091760e-07
2.551420e+04  4.798279e-07
2.592690e+04  4.521577e-07
2.634620e+04  4.260745e-07
2.677240e+04  4.014820e-07
2.720540e+04  3.783022e-07
2.764540e+04  3.564519e-07
2.809260e+04  3.358541e-07
2.854690e+04  3.164424e-07
2.900870e+04  2.981433e-07
2.947790e+04  2.808975e-07
2.995460e+04  2.646454e-07
3.000000e+04  2.631612e-07
-1  -1
