  -1
3.025550e+01  1.104070e-01
3.074490e+01  1.000963e-01
3.124210e+01  9.079749e-02
3.174750e+01  8.240729e-02
3.226090e+01  7.464319e-02
3.278270e+01  6.680476e-02
3.331300e+01  5.977340e-02
3.385180e+01  5.349559e-02
3.439930e+01  4.789210e-02
3.495570e+01  4.289030e-02
3.552110e+01  3.842450e-02
3.609560e+01  3.443624e-02
3.667940e+01  3.086674e-02
3.727270e+01  2.800224e-02
3.787550e+01  2.549632e-02
3.848820e+01  2.322518e-02
3.911070e+01  2.115989e-02
3.974320e+01  1.963132e-02
4.038610e+01  1.835486e-02
4.103930e+01  1.716997e-02
4.170310e+01  1.606737e-02
4.237760e+01  1.505021e-02
4.306300e+01  1.420999e-02
4.375950e+01  1.342096e-02
4.446730e+01  1.267906e-02
4.518650e+01  1.198096e-02
4.591740e+01  1.132250e-02
4.666000e+01  1.082757e-02
4.741470e+01  1.037004e-02
4.818160e+01  9.933649e-03
4.896090e+01  9.526869e-03
4.975280e+01  9.263662e-03
5.055760e+01  9.009537e-03
5.137530e+01  8.763329e-03
5.220620e+01  8.558705e-03
5.305060e+01  8.398838e-03
5.390870e+01  8.242583e-03
5.478060e+01  8.089193e-03
5.566670e+01  7.963291e-03
5.656700e+01  7.865799e-03
5.748200e+01  7.768589e-03
5.841170e+01  7.670862e-03
5.935640e+01  7.570220e-03
6.031650e+01  7.699672e-03
6.129210e+01  7.907203e-03
6.228340e+01  8.635748e-03
6.329080e+01  1.388706e-02
6.431450e+01  2.237635e-02
6.535470e+01  3.673145e-02
6.641180e+01  3.601923e-02
6.748590e+01  3.029206e-02
6.857750e+01  2.529497e-02
6.968670e+01  2.331592e-02
7.081380e+01  2.607253e-02
7.195910e+01  2.925482e-02
7.312300e+01  3.285467e-02
7.430570e+01  3.692727e-02
7.550760e+01  4.155138e-02
7.672890e+01  4.631727e-02
7.796990e+01  5.079381e-02
7.923100e+01  5.578620e-02
8.051250e+01  5.984721e-02
8.181470e+01  6.389258e-02
8.313800e+01  6.824704e-02
8.448270e+01  7.275109e-02
8.584910e+01  7.557077e-02
8.723770e+01  7.843340e-02
8.864870e+01  8.143332e-02
9.008250e+01  8.470702e-02
9.153950e+01  8.642853e-02
9.302010e+01  8.787046e-02
9.452460e+01  8.936125e-02
9.605350e+01  9.030678e-02
9.760710e+01  8.948760e-02
9.918580e+01  8.855099e-02
1.007900e+02  8.761725e-02
1.024200e+02  8.625124e-02
1.040770e+02  8.376132e-02
1.057600e+02  8.126415e-02
1.074710e+02  7.888120e-02
1.092090e+02  7.495535e-02
1.109750e+02  7.091010e-02
1.127700e+02  6.715346e-02
1.145940e+02  6.090748e-02
1.164480e+02  5.505699e-02
1.183310e+02  4.971848e-02
1.202450e+02  4.488301e-02
1.221900e+02  4.004202e-02
1.241660e+02  3.440302e-02
1.261750e+02  2.951842e-02
1.282150e+02  2.531371e-02
1.302890e+02  2.170105e-02
1.323970e+02  1.860153e-02
1.345380e+02  1.594429e-02
1.367140e+02  1.366709e-02
1.389250e+02  1.171579e-02
1.411720e+02  1.006612e-02
1.434560e+02  8.652397e-03
1.457760e+02  7.438412e-03
1.481340e+02  6.395572e-03
1.505300e+02  5.499686e-03
1.529640e+02  4.726097e-03
1.554390e+02  4.033792e-03
1.579530e+02  3.443225e-03
1.605070e+02  2.965621e-03
1.631030e+02  2.604695e-03
1.657420e+02  2.287989e-03
1.684220e+02  2.029207e-03
1.711460e+02  1.895132e-03
1.739150e+02  1.770160e-03
1.767270e+02  1.675368e-03
1.795860e+02  1.647053e-03
1.824910e+02  1.619426e-03
1.854420e+02  1.602627e-03
1.884420e+02  1.588762e-03
1.914890e+02  1.575132e-03
1.945870e+02  1.582390e-03
1.977340e+02  1.605384e-03
2.009320e+02  1.628819e-03
2.041820e+02  1.652680e-03
2.074850e+02  1.677524e-03
2.108400e+02  1.703180e-03
2.142510e+02  1.729269e-03
2.177160e+02  1.755845e-03
2.212370e+02  1.782900e-03
2.248160e+02  1.806764e-03
2.284520e+02  1.830715e-03
2.321470e+02  1.855040e-03
2.359020e+02  1.879735e-03
2.397170e+02  1.904829e-03
2.435950e+02  1.930312e-03
2.475350e+02  1.942691e-03
2.515380e+02  1.944784e-03
2.556070e+02  1.946884e-03
2.597410e+02  1.949031e-03
2.639420e+02  1.951213e-03
2.682110e+02  1.953453e-03
2.725490e+02  1.940873e-03
2.769570e+02  1.915844e-03
2.814370e+02  1.891133e-03
2.859890e+02  1.866765e-03
2.906150e+02  1.842722e-03
2.953150e+02  1.819022e-03
3.000920e+02  1.795658e-03
3.049450e+02  1.750048e-03
3.098780e+02  1.702991e-03
3.148900e+02  1.657207e-03
3.199830e+02  1.612655e-03
3.251580e+02  1.569310e-03
3.304180e+02  1.527126e-03
3.357620e+02  1.486088e-03
3.411920e+02  1.446165e-03
3.467110e+02  1.407311e-03
3.523190e+02  1.369507e-03
3.580170e+02  1.332731e-03
3.638080e+02  1.296945e-03
3.696920e+02  1.262127e-03
3.756720e+02  1.228249e-03
3.817480e+02  1.190848e-03
3.879220e+02  1.153602e-03
3.941970e+02  1.117516e-03
4.005730e+02  1.082564e-03
4.070520e+02  1.048709e-03
4.136350e+02  1.015919e-03
4.203260e+02  9.841490e-04
4.271240e+02  9.533834e-04
4.340320e+02  9.235796e-04
4.410520e+02  8.947102e-04
4.481860e+02  8.667463e-04
4.554350e+02  8.384571e-04
4.628020e+02  8.047852e-04
4.702870e+02  7.724695e-04
4.778940e+02  7.414472e-04
4.856230e+02  7.116744e-04
4.934780e+02  6.830947e-04
5.014590e+02  6.556652e-04
5.095700e+02  6.293360e-04
5.178120e+02  6.040651e-04
5.261870e+02  5.798089e-04
5.346980e+02  5.565250e-04
5.433460e+02  5.341776e-04
5.521340e+02  5.133462e-04
5.610650e+02  4.936141e-04
5.701390e+02  4.746421e-04
5.793610e+02  4.563962e-04
5.887320e+02  4.388505e-04
5.982540e+02  4.219776e-04
6.079300e+02  4.053503e-04
6.177630e+02  3.887006e-04
6.277550e+02  3.727275e-04
6.379080e+02  3.574015e-04
6.482260e+02  3.426865e-04
6.587110e+02  3.285432e-04
6.693650e+02  3.148802e-04
6.763000e+02  3.055387e-04
6.765000e+02  1.940394e-03
6.801910e+02  1.909175e-03
6.911930e+02  1.806581e-03
7.023720e+02  1.708367e-03
7.137330e+02  1.615191e-03
7.252770e+02  1.526968e-03
7.370080e+02  1.443490e-03
7.489280e+02  1.364524e-03
7.610420e+02  1.289841e-03
7.733510e+02  1.219221e-03
7.858590e+02  1.153260e-03
7.985700e+02  1.092296e-03
8.114860e+02  1.034549e-03
8.246110e+02  9.798435e-04
8.379490e+02  9.280228e-04
8.515020e+02  8.789398e-04
8.652740e+02  8.324463e-04
8.792690e+02  7.884044e-04
8.934910e+02  7.466804e-04
9.079430e+02  7.332948e-04
9.226280e+02  7.322163e-04
9.375510e+02  7.311551e-04
9.527150e+02  7.301051e-04
9.681240e+02  7.237399e-04
9.837830e+02  6.908050e-04
9.996950e+02  6.593545e-04
1.015860e+03  6.293385e-04
1.032290e+03  6.006818e-04
1.048990e+03  5.733513e-04
1.065960e+03  5.473947e-04
1.083200e+03  5.226161e-04
1.100720e+03  4.989583e-04
1.118520e+03  4.763707e-04
1.136610e+03  4.548070e-04
1.155000e+03  4.342115e-04
1.173680e+03  4.145513e-04
1.192660e+03  3.957892e-04
1.211950e+03  3.778713e-04
1.231550e+03  3.607653e-04
1.251470e+03  3.438580e-04
1.271720e+03  3.270997e-04
1.292290e+03  3.104097e-04
1.313190e+03  2.945703e-04
1.334430e+03  2.795399e-04
1.356010e+03  2.652793e-04
1.377940e+03  2.517438e-04
1.400230e+03  2.388958e-04
1.422880e+03  2.267045e-04
1.445890e+03  2.151365e-04
1.469280e+03  2.041588e-04
1.493040e+03  1.937453e-04
1.517190e+03  1.838718e-04
1.541730e+03  1.745030e-04
1.566670e+03  1.656130e-04
1.592010e+03  1.571737e-04
1.617760e+03  1.491654e-04
1.643920e+03  1.415676e-04
1.670510e+03  1.343526e-04
1.697530e+03  1.275063e-04
1.724990e+03  1.210091e-04
1.752890e+03  1.147843e-04
1.781240e+03  1.088602e-04
1.810050e+03  1.032270e-04
1.839320e+03  9.788392e-05
1.869070e+03  9.281747e-05
1.899300e+03  8.801621e-05
1.930020e+03  8.346028e-05
1.961240e+03  7.914006e-05
1.992960e+03  7.504412e-05
2.025200e+03  7.119269e-05
2.057950e+03  6.748422e-05
2.091240e+03  6.395977e-05
2.125060e+03  6.061533e-05
2.159430e+03  5.744161e-05
2.194360e+03  5.442947e-05
2.229850e+03  5.157251e-05
2.265920e+03  4.886101e-05
2.302570e+03  4.628716e-05
2.339810e+03  4.384721e-05
2.377660e+03  4.153072e-05
2.416110e+03  3.933365e-05
2.455190e+03  3.725069e-05
2.494900e+03  3.527238e-05
2.535260e+03  3.339915e-05
2.576260e+03  3.162111e-05
2.617930e+03  2.993488e-05
2.660270e+03  2.833722e-05
2.703300e+03  2.682082e-05
2.747030e+03  2.538403e-05
2.791460e+03  2.402111e-05
2.836610e+03  2.272960e-05
2.882490e+03  2.150526e-05
2.929110e+03  2.034467e-05
2.976480e+03  1.924490e-05
3.024630e+03  1.820249e-05
3.073550e+03  1.721471e-05
3.123260e+03  1.627844e-05
3.173780e+03  1.539133e-05
3.225110e+03  1.455101e-05
3.277270e+03  1.375470e-05
3.330280e+03  1.300029e-05
3.384150e+03  1.228563e-05
3.438880e+03  1.160882e-05
3.494500e+03  1.096784e-05
3.551020e+03  1.036064e-05
3.608460e+03  9.785470e-06
3.666820e+03  9.240952e-06
3.726130e+03  8.725595e-06
3.786400e+03  8.237299e-06
3.847640e+03  7.775195e-06
3.909870e+03  7.337737e-06
3.973110e+03  6.923613e-06
4.037380e+03  6.531625e-06
4.102680e+03  6.160697e-06
4.169030e+03  5.809789e-06
4.236460e+03  5.477747e-06
4.304980e+03  5.163481e-06
4.374620e+03  4.866065e-06
4.445370e+03  4.584879e-06
4.517270e+03  4.318977e-06
4.590330e+03  4.067384e-06
4.664580e+03  3.829508e-06
4.740030e+03  3.604609e-06
4.787100e+03  3.472650e-06
4.787300e+03  1.090889e-05
4.816690e+03  1.066622e-05
4.894600e+03  1.005487e-05
4.973770e+03  9.478670e-06
5.054210e+03  8.935396e-06
5.107100e+03  8.599603e-06
5.107300e+03  1.172675e-05
5.135960e+03  1.149303e-05
5.219030e+03  1.084793e-05
5.303440e+03  1.023916e-05
5.389220e+03  9.664520e-06
5.452700e+03  9.265539e-06
5.452900e+03  1.068650e-05
5.476390e+03  1.052698e-05
5.564970e+03  9.952471e-06
5.654980e+03  9.408279e-06
5.746440e+03  8.892527e-06
5.839390e+03  8.403918e-06
5.933830e+03  7.941068e-06
6.029810e+03  7.502773e-06
6.127330e+03  7.087770e-06
6.226440e+03  6.694914e-06
6.327150e+03  6.323090e-06
6.429480e+03  5.971323e-06
6.533480e+03  5.638257e-06
6.639150e+03  5.323374e-06
6.746540e+03  5.025577e-06
6.855650e+03  4.743958e-06
6.966540e+03  4.477684e-06
7.079220e+03  4.225906e-06
7.193720e+03  3.987947e-06
7.310070e+03  3.763035e-06
7.428310e+03  3.550598e-06
7.548450e+03  3.349818e-06
7.670540e+03  3.160118e-06
7.794610e+03  2.980931e-06
7.920680e+03  2.811771e-06
8.048790e+03  2.651936e-06
8.178980e+03  2.501026e-06
8.311260e+03  2.358536e-06
8.445690e+03  2.224041e-06
8.582290e+03  2.097105e-06
8.721110e+03  1.977260e-06
8.862160e+03  1.864151e-06
9.005500e+03  1.757387e-06
9.151160e+03  1.656682e-06
9.299170e+03  1.561654e-06
9.449580e+03  1.471982e-06
9.602420e+03  1.387408e-06
9.757730e+03  1.307641e-06
9.915550e+03  1.232410e-06
1.007590e+04  1.161437e-06
1.023890e+04  1.094492e-06
1.040450e+04  1.031370e-06
1.057280e+04  9.718399e-07
1.074380e+04  9.157163e-07
1.091760e+04  8.627923e-07
1.109420e+04  8.128984e-07
1.127360e+04  7.658708e-07
1.145590e+04  7.215386e-07
1.164120e+04  6.797423e-07
1.182950e+04  6.403449e-07
1.202080e+04  6.032187e-07
1.221530e+04  5.682154e-07
1.241280e+04  5.352404e-07
1.261360e+04  5.041574e-07
1.281760e+04  4.748679e-07
1.302500e+04  4.472625e-07
1.323560e+04  4.212601e-07
1.344970e+04  3.967545e-07
1.366720e+04  3.736686e-07
1.388830e+04  3.519132e-07
1.411290e+04  3.314201e-07
1.434120e+04  3.121119e-07
1.457310e+04  2.939251e-07
1.480890e+04  2.767872e-07
1.504840e+04  2.606473e-07
1.529180e+04  2.454421e-07
1.553910e+04  2.311220e-07
1.579040e+04  2.176329e-07
1.604580e+04  2.049260e-07
1.630540e+04  1.929562e-07
1.656910e+04  1.816856e-07
1.683710e+04  1.710694e-07
1.710940e+04  1.610710e-07
1.738610e+04  1.516558e-07
1.766740e+04  1.427860e-07
1.795310e+04  1.344353e-07
1.824350e+04  1.265701e-07
1.853860e+04  1.191635e-07
1.883840e+04  1.121896e-07
1.914310e+04  1.056219e-07
1.945270e+04  9.943735e-08
1.976740e+04  9.361299e-08
2.008710e+04  8.812934e-08
2.041200e+04  8.296576e-08
2.074210e+04  7.810396e-08
2.107760e+04  7.352517e-08
2.141850e+04  6.921465e-08
2.176500e+04  6.515516e-08
2.211700e+04  6.133372e-08
2.247470e+04  5.773577e-08
2.283820e+04  5.434779e-08
2.320760e+04  5.115787e-08
2.358300e+04  4.815435e-08
2.396440e+04  4.532701e-08
2.435200e+04  4.266464e-08
2.474590e+04  4.015820e-08
2.514620e+04  3.779807e-08
2.555290e+04  3.557650e-08
2.596620e+04  3.348489e-08
2.638610e+04  3.151585e-08
2.681290e+04  2.966186e-08
2.724660e+04  2.791641e-08
2.768730e+04  2.627325e-08
2.813510e+04  2.472631e-08
2.859020e+04  2.326995e-08
2.905260e+04  2.189897e-08
2.952250e+04  2.060827e-08
3.000000e+04  1.939322e-08
-1  -1
