  -1
3.025540e+01  4.765446e-01
3.074480e+01  5.287283e-01
3.124210e+01  5.711404e-01
3.174740e+01  6.101944e-01
3.226090e+01  6.528052e-01
3.278270e+01  6.919741e-01
3.331290e+01  7.254658e-01
3.385170e+01  7.573744e-01
3.439920e+01  8.023734e-01
3.495560e+01  8.053767e-01
3.552100e+01  7.869972e-01
3.609550e+01  7.644691e-01
3.667930e+01  7.375198e-01
3.727260e+01  7.054011e-01
3.787540e+01  6.700234e-01
3.848800e+01  6.328461e-01
3.911060e+01  5.951705e-01
3.974310e+01  5.590532e-01
4.038600e+01  5.163729e-01
4.103920e+01  4.716522e-01
4.170290e+01  4.281243e-01
4.237740e+01  3.869248e-01
4.306290e+01  3.487379e-01
4.375940e+01  3.136725e-01
4.446710e+01  2.820402e-01
4.518640e+01  2.531472e-01
4.591720e+01  2.241222e-01
4.665990e+01  1.980055e-01
4.741460e+01  1.747425e-01
4.818150e+01  1.541395e-01
4.896080e+01  1.358266e-01
4.975270e+01  1.197222e-01
5.055740e+01  1.080143e-01
5.137510e+01  9.762551e-02
5.220610e+01  8.833390e-02
5.305050e+01  7.999267e-02
5.390850e+01  7.248731e-02
5.478040e+01  6.572524e-02
5.566650e+01  5.975782e-02
5.656680e+01  5.448389e-02
5.748170e+01  4.970500e-02
5.841150e+01  4.536873e-02
5.935620e+01  4.142687e-02
6.031630e+01  3.790628e-02
6.129180e+01  3.481969e-02
6.228320e+01  3.199957e-02
6.329060e+01  2.941978e-02
6.431420e+01  2.705731e-02
6.535450e+01  2.491623e-02
6.641150e+01  2.308683e-02
6.748570e+01  2.140061e-02
6.857720e+01  1.984248e-02
6.968640e+01  1.840234e-02
7.081350e+01  1.733627e-02
7.195880e+01  1.644011e-02
7.312270e+01  1.559611e-02
7.430540e+01  1.479995e-02
7.550720e+01  1.404811e-02
7.672850e+01  1.333756e-02
7.796950e+01  1.266561e-02
7.923060e+01  1.202916e-02
8.051210e+01  1.147390e-02
8.181430e+01  1.101565e-02
8.313760e+01  1.057800e-02
8.448230e+01  1.015951e-02
8.584870e+01  9.777099e-03
8.723730e+01  9.430517e-03
8.864830e+01  9.097579e-03
9.008210e+01  8.778943e-03
9.153910e+01  8.494844e-03
9.301970e+01  8.221086e-03
9.452420e+01  7.957357e-03
9.605300e+01  7.660140e-03
9.760660e+01  7.341488e-03
9.918530e+01  7.036378e-03
1.007900e+02  6.754540e-03
1.024200e+02  6.494799e-03
1.040760e+02  6.245637e-03
1.057600e+02  6.006289e-03
1.074700e+02  5.776595e-03
1.092080e+02  5.555916e-03
1.109750e+02  5.379862e-03
1.127700e+02  5.238554e-03
1.145940e+02  5.101521e-03
1.164470e+02  4.968468e-03
1.183310e+02  4.839159e-03
1.202450e+02  4.707509e-03
1.221890e+02  4.538970e-03
1.241660e+02  4.376505e-03
1.261740e+02  4.219970e-03
1.282150e+02  4.069100e-03
1.302880e+02  3.928442e-03
1.323960e+02  3.820856e-03
1.345370e+02  3.716446e-03
1.367130e+02  3.614997e-03
1.389240e+02  3.516395e-03
1.411710e+02  3.424685e-03
1.434550e+02  3.339119e-03
1.457750e+02  3.255770e-03
1.481330e+02  3.174387e-03
1.500000e+02  3.112195e-03
1.505000e+02  3.288516e-03
1.510000e+02  3.090703e-03
1.515000e+02  3.145160e-03
1.520000e+02  2.977788e-03
1.525000e+02  3.064789e-03
1.530000e+02  3.047843e-03
1.535000e+02  3.044894e-03
1.540000e+02  2.948926e-03
1.545000e+02  2.989659e-03
1.550000e+02  3.503061e-03
1.555000e+02  3.494854e-03
1.560000e+02  3.541594e-03
1.565000e+02  3.301688e-03
1.570000e+02  3.635954e-03
1.575000e+02  3.487670e-03
1.580000e+02  3.659631e-03
1.585000e+02  3.353854e-03
1.590000e+02  3.501691e-03
1.595000e+02  3.431860e-03
1.600000e+02  3.335861e-03
1.605000e+02  3.450437e-03
1.610000e+02  3.459848e-03
1.615000e+02  3.592606e-03
1.620000e+02  3.678800e-03
1.625000e+02  3.828959e-03
1.630000e+02  3.816507e-03
1.640000e+02  3.982527e-03
1.645000e+02  4.150412e-03
1.650000e+02  4.125527e-03
1.655000e+02  4.248749e-03
1.665000e+02  4.458378e-03
1.670000e+02  4.550097e-03
1.675000e+02  4.480988e-03
1.680000e+02  4.514332e-03
1.685000e+02  4.613866e-03
1.690000e+02  4.576794e-03
1.695000e+02  4.654004e-03
1.700000e+02  4.600958e-03
1.705000e+02  4.583936e-03
1.710000e+02  4.725227e-03
1.715000e+02  4.695261e-03
1.720000e+02  4.842736e-03
1.725000e+02  4.760849e-03
1.730000e+02  4.972575e-03
1.735000e+02  5.013342e-03
1.740000e+02  5.169850e-03
1.750000e+02  5.350094e-03
1.765000e+02  5.787915e-03
1.770000e+02  5.896333e-03
1.775000e+02  6.099244e-03
1.780000e+02  6.369093e-03
1.785000e+02  6.701513e-03
1.789800e+02  7.264797e-03
1.800000e+02  7.676494e-03
1.810100e+02  8.226985e-03
1.820100e+02  8.714480e-03
1.849540e+02  9.181490e-03
1.860000e+02  9.351131e-03
1.870000e+02  9.172060e-03
1.880000e+02  9.309669e-03
1.890000e+02  9.190519e-03
1.910000e+02  9.252310e-03
1.920000e+02  9.218914e-03
1.930000e+02  9.279477e-03
1.940000e+02  9.263376e-03
1.970000e+02  9.583843e-03
1.990000e+02  9.886095e-03
2.000000e+02  1.011530e-02
2.010000e+02  1.043355e-02
2.030000e+02  1.079801e-02
2.040000e+02  1.101874e-02
2.060000e+02  1.132123e-02
2.070000e+02  1.140923e-02
2.090000e+02  1.136508e-02
2.100000e+02  1.158438e-02
2.110000e+02  1.155396e-02
2.144130e+02  1.161085e-02
2.150100e+02  1.162113e-02
2.160000e+02  1.165162e-02
2.170000e+02  1.162570e-02
2.180000e+02  1.167509e-02
2.190000e+02  1.158826e-02
2.200000e+02  1.167207e-02
2.210000e+02  1.158925e-02
2.220000e+02  1.164861e-02
2.230000e+02  1.153059e-02
2.240000e+02  1.156792e-02
2.250100e+02  1.167596e-02
2.270100e+02  1.167254e-02
2.306820e+02  1.165026e-02
2.344130e+02  1.147134e-02
2.382040e+02  1.129906e-02
2.400000e+02  1.122644e-02
2.420000e+02  1.111859e-02
2.430000e+02  1.101292e-02
2.440000e+02  1.106411e-02
2.470000e+02  1.092562e-02
2.500100e+02  1.086987e-02
2.510100e+02  1.080422e-02
2.520000e+02  1.079423e-02
2.550100e+02  1.059461e-02
2.560000e+02  1.058120e-02
2.600100e+02  1.042698e-02
2.630000e+02  1.026887e-02
2.640000e+02  1.025787e-02
2.680100e+02  1.006064e-02
2.700100e+02  9.907977e-03
2.710100e+02  9.874729e-03
2.730000e+02  9.754339e-03
2.740000e+02  9.650702e-03
2.750000e+02  9.659031e-03
2.760000e+02  9.565080e-03
2.780000e+02  9.500348e-03
2.790100e+02  9.541908e-03
2.800000e+02  9.502964e-03
2.810100e+02  9.522004e-03
2.830100e+02  9.017962e-03
2.840100e+02  9.187469e-03
2.850000e+02  9.140375e-03
2.860000e+02  9.026507e-03
2.870100e+02  9.048637e-03
2.880000e+02  8.891296e-03
2.890000e+02  8.694212e-03
2.910000e+02  8.763360e-03
2.920000e+02  8.757289e-03
2.930100e+02  8.834752e-03
2.940000e+02  8.853005e-03
2.950000e+02  8.978872e-03
2.960000e+02  9.286471e-03
2.970000e+02  9.887703e-03
2.980000e+02  1.022014e-02
2.990000e+02  1.027481e-02
3.000000e+02  1.018994e-02
3.010000e+02  1.003026e-02
3.020000e+02  9.696141e-03
3.030000e+02  9.472377e-03
3.040000e+02  9.316239e-03
3.060000e+02  9.142126e-03
3.070000e+02  9.109191e-03
3.080100e+02  9.146418e-03
3.090100e+02  9.343809e-03
3.100100e+02  9.407719e-03
3.110000e+02  9.363847e-03
3.130000e+02  9.144380e-03
3.140100e+02  8.955347e-03
3.160100e+02  8.736572e-03
3.210100e+02  8.382151e-03
3.230000e+02  8.300862e-03
3.250000e+02  8.195227e-03
3.290100e+02  8.072316e-03
3.300000e+02  8.006796e-03
3.309900e+02  7.983688e-03
3.330000e+02  7.880735e-03
3.340000e+02  7.855986e-03
3.390000e+02  7.624203e-03
3.409900e+02  7.515351e-03
3.420000e+02  7.477236e-03
3.440000e+02  7.362234e-03
3.470100e+02  7.247103e-03
3.480000e+02  7.169878e-03
3.490000e+02  7.155482e-03
3.500000e+02  7.099436e-03
3.556610e+02  6.879911e-03
3.614140e+02  6.667597e-03
3.672590e+02  6.461843e-03
3.731990e+02  6.262376e-03
3.792350e+02  6.069073e-03
3.853690e+02  5.881684e-03
3.916020e+02  5.700116e-03
3.979360e+02  5.524157e-03
4.043720e+02  5.338205e-03
4.109130e+02  5.151305e-03
4.175590e+02  4.970928e-03
4.243130e+02  4.796801e-03
4.311760e+02  4.628804e-03
4.381500e+02  4.466692e-03
4.452360e+02  4.310332e-03
4.524380e+02  4.145955e-03
4.597550e+02  3.962476e-03
4.671920e+02  3.786994e-03
4.747480e+02  3.619265e-03
4.824270e+02  3.458922e-03
4.902300e+02  3.305669e-03
4.981590e+02  3.159207e-03
5.062160e+02  3.019228e-03
5.144040e+02  2.885428e-03
5.227240e+02  2.757556e-03
5.311780e+02  2.635373e-03
5.397700e+02  2.518586e-03
5.485000e+02  2.406970e-03
5.573720e+02  2.300084e-03
5.663870e+02  2.197314e-03
5.755470e+02  2.099135e-03
5.848560e+02  2.005350e-03
5.943160e+02  1.915745e-03
6.039290e+02  1.830155e-03
6.136970e+02  1.748395e-03
6.236230e+02  1.670284e-03
6.337090e+02  1.595667e-03
6.439590e+02  1.524397e-03
6.543750e+02  1.455577e-03
6.649590e+02  1.386008e-03
6.757140e+02  1.319769e-03
6.866430e+02  1.256693e-03
6.977490e+02  1.196626e-03
7.090340e+02  1.139441e-03
7.205020e+02  1.084994e-03
7.321560e+02  1.033143e-03
7.439980e+02  9.837711e-04
7.560320e+02  9.367633e-04
7.682600e+02  8.918495e-04
7.806860e+02  8.463828e-04
7.933130e+02  8.032271e-04
8.061440e+02  7.622794e-04
8.191830e+02  7.234192e-04
8.324320e+02  6.865423e-04
8.458960e+02  6.515445e-04
8.595780e+02  6.183304e-04
8.734810e+02  5.868091e-04
8.876090e+02  5.568985e-04
9.019650e+02  5.285163e-04
9.165540e+02  5.015772e-04
9.313780e+02  4.760141e-04
9.464430e+02  4.517536e-04
9.617500e+02  4.287324e-04
9.773060e+02  4.068832e-04
9.931130e+02  3.861489e-04
1.009180e+03  3.664688e-04
1.025500e+03  3.477965e-04
1.042090e+03  3.300727e-04
1.058940e+03  3.132579e-04
1.076070e+03  2.972954e-04
1.093470e+03  2.821509e-04
1.111160e+03  2.677737e-04
1.129130e+03  2.538562e-04
1.147390e+03  2.405479e-04
1.165950e+03  2.279356e-04
1.184810e+03  2.159852e-04
1.203970e+03  2.046630e-04
1.223450e+03  1.939314e-04
1.243230e+03  1.837674e-04
1.263340e+03  1.741337e-04
1.283780e+03  1.650036e-04
1.304540e+03  1.563553e-04
1.325640e+03  1.481594e-04
1.347080e+03  1.403933e-04
1.368870e+03  1.330340e-04
1.391010e+03  1.260611e-04
1.413510e+03  1.194533e-04
1.436370e+03  1.131927e-04
1.459600e+03  1.072604e-04
1.483210e+03  1.016383e-04
1.507200e+03  9.631132e-05
1.531580e+03  9.126323e-05
1.556350e+03  8.648052e-05
1.581520e+03  8.194851e-05
1.607100e+03  7.765371e-05
1.633100e+03  7.358358e-05
1.659510e+03  6.972750e-05
1.686350e+03  6.607347e-05
1.713630e+03  6.261052e-05
1.741340e+03  5.932993e-05
1.769510e+03  5.622035e-05
1.798130e+03  5.327426e-05
1.827210e+03  5.048268e-05
1.856770e+03  4.783685e-05
1.886800e+03  4.533005e-05
1.917310e+03  4.295494e-05
1.948330e+03  4.070353e-05
1.979840e+03  3.857046e-05
2.011860e+03  3.654907e-05
2.044400e+03  3.463324e-05
2.077470e+03  3.281538e-05
2.079900e+03  3.268324e-05
2.080100e+03  1.073235e-04
2.111070e+03  1.008859e-04
2.124000e+03  9.833256e-05
2.141000e+03  9.509511e-05
2.155400e+03  9.244919e-05
2.155600e+03  1.260493e-04
2.175630e+03  1.227432e-04
2.210820e+03  1.171960e-04
2.246580e+03  1.118985e-04
2.282910e+03  1.067494e-04
2.319840e+03  1.008271e-04
2.357360e+03  9.523328e-05
2.372400e+03  9.310042e-05
2.372600e+03  1.046865e-04
2.395490e+03  1.015244e-04
2.434230e+03  9.644714e-05
2.473600e+03  9.162283e-05
2.513610e+03  8.703975e-05
2.554270e+03  8.268589e-05
2.595580e+03  7.855043e-05
2.637560e+03  7.462118e-05
2.680220e+03  7.088845e-05
2.723570e+03  6.734296e-05
2.767630e+03  6.397375e-05
2.812390e+03  6.077400e-05
2.857880e+03  5.736520e-05
2.904100e+03  5.412618e-05
2.951070e+03  5.107039e-05
2.998800e+03  4.818660e-05
3.047310e+03  4.546571e-05
3.096590e+03  4.289888e-05
3.146680e+03  4.047662e-05
3.197570e+03  3.819134e-05
3.249290e+03  3.603484e-05
3.301850e+03  3.400014e-05
3.355250e+03  3.208608e-05
3.409520e+03  3.030196e-05
3.464670e+03  2.861701e-05
3.520710e+03  2.702572e-05
3.577650e+03  2.552307e-05
3.635520e+03  2.410387e-05
3.694320e+03  2.276364e-05
3.754070e+03  2.149794e-05
3.814790e+03  2.030253e-05
3.876490e+03  1.914657e-05
3.939190e+03  1.805633e-05
4.002900e+03  1.702820e-05
4.067650e+03  1.605852e-05
4.133440e+03  1.514415e-05
4.200290e+03  1.429979e-05
4.268230e+03  1.352193e-05
4.337260e+03  1.278645e-05
4.407420e+03  1.209090e-05
4.478700e+03  1.143327e-05
4.551140e+03  1.081135e-05
4.624750e+03  1.022329e-05
4.699550e+03  9.667211e-06
4.775570e+03  9.141347e-06
4.852810e+03  8.644128e-06
4.931300e+03  8.171806e-06
5.011060e+03  7.705401e-06
5.092110e+03  7.265636e-06
5.174470e+03  6.850970e-06
5.258160e+03  6.459982e-06
5.343210e+03  6.091287e-06
5.429630e+03  5.743641e-06
5.517450e+03  5.415837e-06
5.606690e+03  5.106742e-06
5.697370e+03  4.815299e-06
5.789520e+03  4.540491e-06
5.883160e+03  4.281351e-06
5.978320e+03  4.036998e-06
6.075010e+03  3.806604e-06
6.173270e+03  3.589357e-06
6.273120e+03  3.384507e-06
6.374580e+03  3.191353e-06
6.477690e+03  3.009214e-06
6.582460e+03  2.837465e-06
6.688920e+03  2.675535e-06
6.797110e+03  2.522831e-06
6.907050e+03  2.378854e-06
7.018770e+03  2.243089e-06
7.132290e+03  2.115074e-06
7.247650e+03  1.994360e-06
7.364870e+03  1.880541e-06
7.483990e+03  1.773217e-06
7.605040e+03  1.672022e-06
7.728050e+03  1.576595e-06
7.853040e+03  1.486615e-06
7.980060e+03  1.401772e-06
8.109130e+03  1.321771e-06
8.240290e+03  1.241632e-06
8.373570e+03  1.166101e-06
8.509000e+03  1.095169e-06
8.646630e+03  1.028546e-06
8.786480e+03  9.659815e-07
8.928600e+03  9.072206e-07
9.073010e+03  8.520359e-07
9.219760e+03  8.002070e-07
9.368880e+03  7.515302e-07
9.520410e+03  7.058116e-07
9.674400e+03  6.628766e-07
9.830880e+03  6.225543e-07
9.989880e+03  5.874106e-07
1.015150e+04  5.529532e-07
1.031570e+04  5.205137e-07
1.048250e+04  4.899834e-07
1.065200e+04  4.612370e-07
1.082430e+04  4.341689e-07
1.099940e+04  4.086877e-07
1.117730e+04  3.846993e-07
1.135810e+04  3.621146e-07
1.154180e+04  3.408594e-07
1.172850e+04  3.208449e-07
1.191820e+04  3.020055e-07
1.211100e+04  2.842698e-07
1.230680e+04  2.675797e-07
1.250590e+04  2.518628e-07
1.270820e+04  2.370691e-07
1.291370e+04  2.231458e-07
1.312260e+04  2.100370e-07
1.333480e+04  1.976999e-07
1.355050e+04  1.860849e-07
1.376970e+04  1.751514e-07
1.399240e+04  1.648607e-07
1.421870e+04  1.551743e-07
1.444870e+04  1.460557e-07
1.468240e+04  1.374729e-07
1.491980e+04  1.293955e-07
1.516120e+04  1.217895e-07
1.540640e+04  1.146320e-07
1.565560e+04  1.078940e-07
1.590880e+04  1.015523e-07
1.616610e+04  9.558281e-08
1.642760e+04  8.996352e-08
1.669330e+04  8.467439e-08
1.696330e+04  7.969586e-08
1.703650e+04  7.840994e-08
1.703670e+04  5.386515e-07
1.723760e+04  5.169519e-07
1.751640e+04  4.886635e-07
1.779980e+04  4.618313e-07
1.808770e+04  4.363970e-07
1.838020e+04  4.122927e-07
1.867750e+04  3.894497e-07
1.897960e+04  3.678113e-07
1.928660e+04  3.473179e-07
1.959850e+04  3.279173e-07
1.991550e+04  3.095517e-07
2.023760e+04  2.921727e-07
2.056490e+04  2.757290e-07
2.089760e+04  2.601722e-07
2.123560e+04  2.454610e-07
2.157900e+04  2.315528e-07
2.192810e+04  2.184019e-07
2.228270e+04  2.059746e-07
2.264310e+04  1.942296e-07
2.300940e+04  1.831310e-07
2.338150e+04  1.726493e-07
2.375970e+04  1.627471e-07
2.414400e+04  1.533972e-07
2.453450e+04  1.445686e-07
2.493130e+04  1.362341e-07
2.533460e+04  1.283663e-07
2.574430e+04  1.209419e-07
2.616070e+04  1.139358e-07
2.658390e+04  1.073243e-07
2.701380e+04  1.010888e-07
2.745080e+04  9.520556e-08
2.789480e+04  8.965738e-08
2.834590e+04  8.442594e-08
2.880440e+04  7.949225e-08
2.927030e+04  7.484111e-08
2.974370e+04  7.045654e-08
3.000000e+04  6.821618e-08
-1  -1
