  -1
3.025550e+01  3.191964e-01
3.074490e+01  3.187587e-01
3.124210e+01  3.183719e-01
3.174750e+01  3.180388e-01
3.226090e+01  3.177758e-01
3.278270e+01  3.176031e-01
3.331300e+01  3.175839e-01
3.385180e+01  3.173576e-01
3.439930e+01  3.162719e-01
3.495570e+01  3.150509e-01
3.552110e+01  3.137612e-01
3.609560e+01  3.124308e-01
3.667940e+01  3.110755e-01
3.727270e+01  3.097047e-01
3.787550e+01  3.083288e-01
3.848820e+01  3.069535e-01
3.911070e+01  3.055884e-01
3.974320e+01  3.042420e-01
4.038610e+01  3.029191e-01
4.103930e+01  3.016349e-01
4.170310e+01  3.004024e-01
4.237760e+01  2.992447e-01
4.306300e+01  2.981950e-01
4.375950e+01  2.974054e-01
4.446730e+01  2.964340e-01
4.518650e+01  2.930742e-01
4.591740e+01  2.892871e-01
4.666000e+01  2.853237e-01
4.741470e+01  2.812480e-01
4.818160e+01  2.771007e-01
4.896090e+01  2.729061e-01
4.975280e+01  2.686833e-01
5.055760e+01  2.644462e-01
5.137530e+01  2.602085e-01
5.220620e+01  2.559786e-01
5.305060e+01  2.517642e-01
5.390870e+01  2.475737e-01
5.478060e+01  2.434145e-01
5.566670e+01  2.392920e-01
5.656700e+01  2.352160e-01
5.748200e+01  2.311938e-01
5.841170e+01  2.272585e-01
5.935640e+01  2.231654e-01
6.031650e+01  2.185793e-01
6.129210e+01  2.139819e-01
6.228340e+01  2.094213e-01
6.329080e+01  2.049076e-01
6.431450e+01  2.004498e-01
6.535470e+01  1.960536e-01
6.641180e+01  1.917216e-01
6.748590e+01  1.874587e-01
6.857750e+01  1.832658e-01
6.968670e+01  1.791453e-01
7.081380e+01  1.750991e-01
7.195910e+01  1.711290e-01
7.312300e+01  1.672375e-01
7.430570e+01  1.634344e-01
7.550760e+01  1.595153e-01
7.672890e+01  1.556583e-01
7.796990e+01  1.518727e-01
7.923100e+01  1.481608e-01
8.051250e+01  1.445228e-01
8.181470e+01  1.409577e-01
8.313800e+01  1.374607e-01
8.448270e+01  1.340192e-01
8.584910e+01  1.310046e-01
8.723770e+01  1.280784e-01
8.864870e+01  1.252266e-01
9.008250e+01  1.224408e-01
9.153950e+01  1.197201e-01
9.302010e+01  1.170608e-01
9.452460e+01  1.144613e-01
9.605350e+01  1.119199e-01
9.760710e+01  1.094365e-01
9.918580e+01  1.070098e-01
1.007900e+02  1.046380e-01
1.024200e+02  1.023223e-01
1.040770e+02  1.000591e-01
1.057600e+02  9.785387e-02
1.074710e+02  9.565392e-02
1.092090e+02  9.327626e-02
1.109750e+02  9.094698e-02
1.127700e+02  8.866808e-02
1.145940e+02  8.644313e-02
1.164480e+02  8.427080e-02
1.183310e+02  8.215480e-02
1.202450e+02  8.009156e-02
1.221900e+02  7.808384e-02
1.241660e+02  7.613961e-02
1.261750e+02  7.393603e-02
1.282150e+02  7.141602e-02
1.302890e+02  6.895476e-02
1.323970e+02  6.655824e-02
1.345380e+02  6.422248e-02
1.367140e+02  6.191029e-02
1.389250e+02  6.107752e-02
1.411720e+02  6.073533e-02
1.434560e+02  6.045048e-02
1.457760e+02  5.993946e-02
1.481340e+02  5.815359e-02
1.505300e+02  5.638041e-02
1.529640e+02  5.464913e-02
1.554390e+02  5.296237e-02
1.579530e+02  5.132353e-02
1.605070e+02  4.973288e-02
1.631030e+02  4.818877e-02
1.657420e+02  4.669043e-02
1.684220e+02  4.523825e-02
1.711460e+02  4.383098e-02
1.739150e+02  4.246657e-02
1.767270e+02  4.114599e-02
1.795860e+02  3.986771e-02
1.824910e+02  3.854523e-02
1.854420e+02  3.715369e-02
1.884420e+02  3.580757e-02
1.914890e+02  3.450963e-02
1.945870e+02  3.325746e-02
1.977340e+02  3.205065e-02
2.009320e+02  3.088744e-02
2.041820e+02  2.976663e-02
2.074850e+02  2.868714e-02
2.108400e+02  2.764996e-02
2.142510e+02  2.647300e-02
2.177160e+02  2.526505e-02
2.212370e+02  2.410902e-02
2.248160e+02  2.300426e-02
2.284520e+02  2.194865e-02
2.321470e+02  2.100245e-02
2.359020e+02  2.009849e-02
2.397170e+02  1.923356e-02
2.435950e+02  1.840594e-02
2.475350e+02  1.761419e-02
2.515380e+02  1.685678e-02
2.556070e+02  1.613184e-02
2.597410e+02  1.543842e-02
2.639420e+02  1.477491e-02
2.682110e+02  1.414006e-02
2.725490e+02  1.353280e-02
2.769570e+02  1.295170e-02
2.814370e+02  1.239569e-02
2.859890e+02  1.186382e-02
2.906150e+02  1.135498e-02
2.953150e+02  1.086808e-02
3.000920e+02  1.040229e-02
3.049450e+02  9.945031e-03
3.098780e+02  9.499093e-03
3.148900e+02  9.073223e-03
3.199830e+02  8.666551e-03
3.251580e+02  8.278237e-03
3.304180e+02  7.907353e-03
3.357620e+02  7.553242e-03
3.411920e+02  7.215111e-03
3.467110e+02  6.892171e-03
3.523190e+02  6.583797e-03
3.580170e+02  6.289345e-03
3.638080e+02  6.008125e-03
3.696920e+02  5.739599e-03
3.756720e+02  5.483163e-03
3.817480e+02  5.228217e-03
3.879220e+02  4.964417e-03
3.941970e+02  4.713860e-03
4.005730e+02  4.475987e-03
4.070520e+02  4.250158e-03
4.136350e+02  4.035776e-03
4.203260e+02  3.832214e-03
4.271240e+02  3.638987e-03
4.340320e+02  3.455531e-03
4.410520e+02  3.281364e-03
4.481860e+02  3.116007e-03
4.554350e+02  2.959025e-03
4.628020e+02  2.805352e-03
4.702870e+02  2.651579e-03
4.778940e+02  2.506223e-03
4.856230e+02  2.368868e-03
4.934780e+02  2.239044e-03
5.014590e+02  2.116368e-03
5.095700e+02  2.000419e-03
5.178120e+02  1.890846e-03
5.261870e+02  1.787287e-03
5.346980e+02  1.689412e-03
5.433460e+02  1.596913e-03
5.521340e+02  1.509486e-03
5.610650e+02  1.432404e-03
5.701390e+02  1.359056e-03
5.793610e+02  1.290526e-03
5.887320e+02  1.225782e-03
5.982540e+02  1.164490e-03
6.079300e+02  1.106256e-03
6.177630e+02  1.050951e-03
6.277550e+02  9.983656e-04
6.379080e+02  9.477288e-04
6.482260e+02  8.987040e-04
6.587110e+02  8.516164e-04
6.693650e+02  8.069946e-04
6.801910e+02  7.666114e-04
6.911930e+02  7.296719e-04
7.023720e+02  6.949603e-04
7.137330e+02  6.612053e-04
7.252770e+02  6.286335e-04
7.370080e+02  5.976658e-04
7.489280e+02  5.682348e-04
7.610420e+02  5.402316e-04
7.733510e+02  5.133417e-04
7.858590e+02  4.869097e-04
7.985700e+02  4.611425e-04
8.114860e+02  4.367390e-04
8.246110e+02  4.136256e-04
8.379490e+02  3.917337e-04
8.515020e+02  3.710190e-04
8.652740e+02  3.514071e-04
8.792690e+02  3.328388e-04
8.934910e+02  3.152592e-04
9.079430e+02  2.986048e-04
9.226280e+02  2.828265e-04
9.375510e+02  2.686535e-04
9.527150e+02  2.553770e-04
9.681240e+02  2.429121e-04
9.837830e+02  2.310434e-04
9.996950e+02  2.197522e-04
1.015860e+03  2.089395e-04
1.021700e+03  2.047552e-04
1.021900e+03  1.491963e-03
1.032290e+03  1.455307e-03
1.048990e+03  1.393428e-03
1.065960e+03  1.333782e-03
1.083200e+03  1.276483e-03
1.100720e+03  1.221596e-03
1.118520e+03  1.169056e-03
1.136610e+03  1.118740e-03
1.155000e+03  1.070554e-03
1.173680e+03  1.024449e-03
1.192660e+03  9.803297e-04
1.211950e+03  9.380944e-04
1.231550e+03  8.976748e-04
1.251470e+03  8.562697e-04
1.271720e+03  8.138946e-04
1.292290e+03  7.702531e-04
1.313190e+03  7.289558e-04
1.334430e+03  6.898670e-04
1.356010e+03  6.528829e-04
1.377940e+03  6.178753e-04
1.400230e+03  5.847380e-04
1.422880e+03  5.533742e-04
1.445890e+03  5.237043e-04
1.469280e+03  4.955914e-04
1.493040e+03  4.689618e-04
1.517190e+03  4.436511e-04
1.541730e+03  4.196902e-04
1.566670e+03  3.970212e-04
1.592010e+03  3.755757e-04
1.617760e+03  3.552905e-04
1.643920e+03  3.361034e-04
1.670510e+03  3.179500e-04
1.697530e+03  3.007772e-04
1.724990e+03  2.845309e-04
1.752890e+03  2.689486e-04
1.781240e+03  2.541526e-04
1.810050e+03  2.401253e-04
1.839320e+03  2.268710e-04
1.869070e+03  2.143455e-04
1.899300e+03  2.025110e-04
1.930020e+03  1.913313e-04
1.961240e+03  1.807704e-04
1.992960e+03  1.707957e-04
2.025200e+03  1.614402e-04
2.057950e+03  1.524607e-04
2.091240e+03  1.439589e-04
2.125060e+03  1.359234e-04
2.159430e+03  1.283274e-04
2.194360e+03  1.211481e-04
2.229850e+03  1.143559e-04
2.265920e+03  1.079413e-04
2.302570e+03  1.018806e-04
2.339810e+03  9.614724e-05
2.377660e+03  9.073510e-05
2.416110e+03  8.562058e-05
2.455190e+03  8.078946e-05
2.494900e+03  7.622745e-05
2.535260e+03  7.191796e-05
2.576260e+03  6.784861e-05
2.617930e+03  6.400491e-05
2.660270e+03  6.037925e-05
2.703300e+03  5.695248e-05
2.747030e+03  5.371813e-05
2.791460e+03  5.066571e-05
2.836610e+03  4.778486e-05
2.882490e+03  4.506517e-05
2.929110e+03  4.249836e-05
2.976480e+03  4.007619e-05
3.024630e+03  3.779028e-05
3.073550e+03  3.563321e-05
3.123260e+03  3.359790e-05
3.173780e+03  3.167738e-05
3.225110e+03  2.986592e-05
3.277270e+03  2.815679e-05
3.330280e+03  2.654438e-05
3.384150e+03  2.502361e-05
3.438880e+03  2.358931e-05
3.494500e+03  2.223625e-05
3.551020e+03  2.096017e-05
3.608460e+03  1.975645e-05
3.666820e+03  1.862158e-05
3.726130e+03  1.755124e-05
3.786400e+03  1.654175e-05
3.847640e+03  1.558991e-05
3.909870e+03  1.469248e-05
3.973110e+03  1.384599e-05
4.037380e+03  1.304823e-05
4.102680e+03  1.229584e-05
4.169030e+03  1.158665e-05
4.236460e+03  1.091799e-05
4.304980e+03  1.028774e-05
4.374620e+03  9.693225e-06
4.445370e+03  9.133094e-06
4.517270e+03  8.605094e-06
4.590330e+03  8.107155e-06
4.664580e+03  7.638057e-06
4.740030e+03  7.195672e-06
4.816690e+03  6.778878e-06
4.894600e+03  6.385974e-06
4.973770e+03  6.015707e-06
5.054210e+03  5.666811e-06
5.135960e+03  5.337783e-06
5.219030e+03  5.027750e-06
5.303440e+03  4.735560e-06
5.389220e+03  4.460236e-06
5.476390e+03  4.200657e-06
5.564970e+03  3.956217e-06
5.654980e+03  3.725921e-06
5.746440e+03  3.508786e-06
5.839390e+03  3.304108e-06
5.933830e+03  3.111345e-06
6.029810e+03  2.929718e-06
6.127330e+03  2.758595e-06
6.226440e+03  2.597241e-06
6.327150e+03  2.445323e-06
6.429480e+03  2.302257e-06
6.533480e+03  2.167308e-06
6.639150e+03  2.040239e-06
6.746540e+03  1.920513e-06
6.855650e+03  1.807739e-06
6.966540e+03  1.701479e-06
7.079220e+03  1.601384e-06
7.193720e+03  1.507084e-06
7.310070e+03  1.418261e-06
7.428310e+03  1.334584e-06
7.548450e+03  1.255766e-06
7.670540e+03  1.181535e-06
7.794610e+03  1.111613e-06
7.920680e+03  1.045747e-06
8.048790e+03  9.837049e-07
8.178980e+03  9.252799e-07
8.311260e+03  8.702535e-07
8.445690e+03  8.184395e-07
8.582290e+03  7.696326e-07
8.721110e+03  7.236681e-07
8.862160e+03  6.803931e-07
9.005500e+03  6.396491e-07
9.151160e+03  6.012736e-07
9.299170e+03  5.651373e-07
9.449580e+03  5.311152e-07
9.602420e+03  4.990879e-07
9.658500e+03  4.879432e-07
9.658700e+03  3.779461e-06
9.757730e+03  3.646787e-06
9.915550e+03  3.447385e-06
1.007590e+04  3.258666e-06
1.023890e+04  3.079662e-06
1.040450e+04  2.909991e-06
1.057280e+04  2.749170e-06
1.074380e+04  2.596808e-06
1.091760e+04  2.452460e-06
1.109420e+04  2.315778e-06
1.127360e+04  2.186389e-06
1.145590e+04  2.063919e-06
1.164120e+04  1.948008e-06
1.182950e+04  1.838337e-06
1.202080e+04  1.734616e-06
1.221530e+04  1.636495e-06
1.241280e+04  1.543761e-06
1.261360e+04  1.456075e-06
1.281760e+04  1.373203e-06
1.302500e+04  1.294873e-06
1.323560e+04  1.220896e-06
1.344970e+04  1.150993e-06
1.366720e+04  1.084983e-06
1.388830e+04  1.022638e-06
1.411290e+04  9.637793e-07
1.434120e+04  9.082082e-07
1.457310e+04  8.557644e-07
1.480890e+04  8.062558e-07
1.504840e+04  7.595490e-07
1.529180e+04  7.154776e-07
1.553910e+04  6.739045e-07
1.579040e+04  6.346903e-07
1.604580e+04  5.977038e-07
1.630540e+04  5.628178e-07
1.656910e+04  5.299318e-07
1.683710e+04  4.989238e-07
1.710940e+04  4.696974e-07
1.738610e+04  4.421462e-07
1.766740e+04  4.161742e-07
1.795310e+04  3.917064e-07
1.824350e+04  3.686460e-07
1.853860e+04  3.469177e-07
1.883840e+04  3.264519e-07
1.914310e+04  3.071684e-07
1.945270e+04  2.890080e-07
1.976740e+04  2.718989e-07
2.008710e+04  2.557912e-07
2.041200e+04  2.406204e-07
2.074210e+04  2.263370e-07
2.107760e+04  2.128858e-07
2.141850e+04  2.002249e-07
2.176500e+04  1.883039e-07
2.211700e+04  1.770845e-07
2.247470e+04  1.665242e-07
2.283820e+04  1.565847e-07
2.320760e+04  1.472304e-07
2.358300e+04  1.384275e-07
2.396440e+04  1.301449e-07
2.435200e+04  1.223515e-07
2.474590e+04  1.150188e-07
2.514620e+04  1.081201e-07
2.555290e+04  1.016309e-07
2.596620e+04  9.552649e-08
2.638610e+04  8.978520e-08
2.681290e+04  8.438438e-08
2.724660e+04  7.930497e-08
2.768730e+04  7.452826e-08
2.813510e+04  7.003620e-08
2.859020e+04  6.581191e-08
2.905260e+04  6.184011e-08
2.952250e+04  5.810553e-08
3.000000e+04  5.459428e-08
-1  -1
