  -1
3.016900e+01  3.610668e-01
3.061730e+01  3.683560e-01
3.107220e+01  3.733332e-01
3.153380e+01  3.788657e-01
3.200230e+01  3.939447e-01
3.247780e+01  4.141249e-01
3.296030e+01  4.379994e-01
3.345000e+01  4.665627e-01
3.394700e+01  5.014880e-01
3.445140e+01  5.488175e-01
3.496320e+01  6.086447e-01
3.548270e+01  6.564268e-01
3.600990e+01  6.912157e-01
3.654490e+01  7.292247e-01
3.708790e+01  7.633917e-01
3.763890e+01  7.894604e-01
3.819810e+01  8.128516e-01
3.876560e+01  8.363553e-01
3.934160e+01  8.571800e-01
3.992610e+01  8.702946e-01
4.051930e+01  8.783280e-01
4.112130e+01  8.848548e-01
4.173230e+01  8.912581e-01
4.235230e+01  8.851316e-01
4.298160e+01  8.676368e-01
4.362020e+01  8.462906e-01
4.426820e+01  8.279106e-01
4.492590e+01  7.964876e-01
4.559340e+01  7.422436e-01
4.627080e+01  6.818001e-01
4.695830e+01  6.205143e-01
4.765600e+01  5.609111e-01
4.836400e+01  5.044853e-01
4.908260e+01  4.520168e-01
4.981180e+01  4.038966e-01
5.055190e+01  3.601792e-01
5.130300e+01  3.207635e-01
5.206520e+01  2.854189e-01
5.283880e+01  2.538630e-01
5.362380e+01  2.257980e-01
5.442050e+01  2.003941e-01
5.522910e+01  1.769098e-01
5.604960e+01  1.560952e-01
5.688240e+01  1.377583e-01
5.772750e+01  1.216221e-01
5.858520e+01  1.074271e-01
5.945560e+01  9.494257e-02
6.033900e+01  8.395935e-02
6.123540e+01  7.429453e-02
6.214520e+01  6.578388e-02
6.306860e+01  5.828597e-02
6.400560e+01  5.167551e-02
6.495660e+01  4.584299e-02
6.592160e+01  4.069313e-02
6.690110e+01  3.614183e-02
6.789500e+01  3.211660e-02
6.890380e+01  2.854355e-02
6.992750e+01  2.605084e-02
7.096650e+01  2.389545e-02
7.202080e+01  2.193233e-02
7.309090e+01  2.014175e-02
7.417680e+01  1.850631e-02
7.527890e+01  1.701082e-02
7.639730e+01  1.564124e-02
7.753240e+01  1.457707e-02
7.868430e+01  1.370754e-02
7.985340e+01  1.289565e-02
8.103980e+01  1.213558e-02
8.224380e+01  1.162311e-02
8.346580e+01  1.114154e-02
8.470580e+01  1.068355e-02
8.596440e+01  1.024746e-02
8.724160e+01  9.831719e-03
8.853770e+01  9.433416e-03
8.985320e+01  9.053272e-03
9.118820e+01  8.690205e-03
9.254300e+01  8.343224e-03
9.391790e+01  8.011482e-03
9.531330e+01  7.704732e-03
9.672940e+01  7.519638e-03
9.816660e+01  7.340902e-03
9.962510e+01  7.167615e-03
1.011050e+02  6.999445e-03
1.026070e+02  6.848096e-03
1.041320e+02  6.767014e-03
1.056790e+02  6.688237e-03
1.072490e+02  6.611376e-03
1.088430e+02  6.536215e-03
1.104600e+02  6.462856e-03
1.121010e+02  6.385493e-03
1.137660e+02  6.287569e-03
1.154570e+02  6.191562e-03
1.171720e+02  6.097822e-03
1.189130e+02  5.975755e-03
1.206800e+02  5.849514e-03
1.224730e+02  5.726322e-03
1.242920e+02  5.606206e-03
1.261390e+02  5.488872e-03
1.280130e+02  5.374361e-03
1.299150e+02  5.262564e-03
1.318450e+02  5.153420e-03
1.338040e+02  5.047697e-03
1.357920e+02  4.947087e-03
1.378100e+02  4.848689e-03
1.398570e+02  4.752560e-03
1.419350e+02  4.658513e-03
1.440440e+02  4.566512e-03
1.461840e+02  4.476549e-03
1.483560e+02  4.388496e-03
1.505600e+02  4.302348e-03
1.527970e+02  4.218051e-03
1.550670e+02  4.130457e-03
1.573710e+02  4.040720e-03
1.597090e+02  3.952999e-03
1.620820e+02  3.867204e-03
1.644900e+02  3.783317e-03
1.669340e+02  3.701214e-03
1.694140e+02  3.620878e-03
1.719310e+02  3.542131e-03
1.744860e+02  3.464803e-03
1.762930e+02  3.410863e-03
1.787760e+02  4.049402e-03
1.814320e+02  3.983646e-03
1.841280e+02  3.916999e-03
1.868630e+02  4.269950e-03
1.896400e+02  4.731120e-03
1.924570e+02  5.169692e-03
1.953170e+02  5.421326e-03
1.982190e+02  5.680810e-03
2.011640e+02  6.707072e-03
2.041520e+02  8.047362e-03
2.071860e+02  9.663412e-03
2.102640e+02  1.083945e-02
2.133880e+02  1.159188e-02
2.165580e+02  1.178077e-02
2.197760e+02  1.196821e-02
2.230410e+02  1.215623e-02
2.263550e+02  1.244559e-02
2.297180e+02  1.281557e-02
2.331310e+02  1.319728e-02
2.365950e+02  1.369289e-02
2.401100e+02  1.425000e-02
2.436770e+02  1.439411e-02
2.472980e+02  1.425264e-02
2.509720e+02  1.410764e-02
2.547010e+02  1.402110e-02
2.584850e+02  1.394332e-02
2.623250e+02  1.386594e-02
2.662230e+02  1.378380e-02
2.701780e+02  1.356313e-02
2.741920e+02  1.334411e-02
2.782660e+02  1.312872e-02
2.824000e+02  1.283273e-02
2.865960e+02  1.252761e-02
2.908540e+02  1.222856e-02
2.951750e+02  1.194255e-02
2.995610e+02  1.181447e-02
3.040120e+02  1.168899e-02
3.085290e+02  1.156603e-02
3.131120e+02  1.134154e-02
3.177640e+02  1.109771e-02
3.224860e+02  1.085743e-02
3.272770e+02  1.084853e-02
3.321390e+02  1.091792e-02
3.370740e+02  1.098994e-02
3.420820e+02  1.106555e-02
3.471650e+02  1.076855e-02
3.523230e+02  1.038207e-02
3.575570e+02  1.000771e-02
3.628700e+02  9.646000e-03
3.682610e+02  9.296810e-03
3.737320e+02  8.959559e-03
3.792850e+02  8.706500e-03
3.849200e+02  8.487822e-03
3.906390e+02  8.274870e-03
3.964430e+02  8.067341e-03
4.023330e+02  7.865208e-03
4.083110e+02  7.642917e-03
4.143770e+02  7.416893e-03
4.205340e+02  7.197482e-03
4.267820e+02  6.984518e-03
4.331230e+02  6.777873e-03
4.395580e+02  6.577545e-03
4.460880e+02  6.343932e-03
4.527160e+02  6.105726e-03
4.594420e+02  5.876331e-03
4.662680e+02  5.655497e-03
4.731960e+02  5.445273e-03
4.802260e+02  5.248075e-03
4.873610e+02  5.057987e-03
4.946020e+02  4.874787e-03
5.019510e+02  4.698198e-03
5.094090e+02  4.528044e-03
5.169770e+02  4.364041e-03
5.246580e+02  4.205971e-03
5.324530e+02  4.053664e-03
5.403640e+02  3.903406e-03
5.483920e+02  3.732964e-03
5.565400e+02  3.569846e-03
5.648090e+02  3.413839e-03
5.732000e+02  3.264658e-03
5.817170e+02  3.121961e-03
5.903590e+02  2.985528e-03
5.991310e+02  2.855031e-03
6.080320e+02  2.730235e-03
6.170660e+02  2.610899e-03
6.262340e+02  2.496786e-03
6.355380e+02  2.387662e-03
6.449810e+02  2.284226e-03
6.545640e+02  2.185512e-03
6.642890e+02  2.091083e-03
6.741580e+02  2.000745e-03
6.841740e+02  1.914297e-03
6.943400e+02  1.831598e-03
7.046560e+02  1.752465e-03
7.151250e+02  1.676770e-03
7.257500e+02  1.604342e-03
7.365330e+02  1.535047e-03
7.474760e+02  1.468744e-03
7.585810e+02  1.405321e-03
7.698520e+02  1.343407e-03
7.812900e+02  1.282909e-03
7.928980e+02  1.225139e-03
8.046780e+02  1.169974e-03
8.166340e+02  1.117297e-03
8.287670e+02  1.066996e-03
8.410800e+02  1.018961e-03
8.535760e+02  9.730120e-04
8.662580e+02  9.249320e-04
8.791290e+02  8.792341e-04
8.921900e+02  8.357841e-04
9.054460e+02  7.944896e-04
9.188980e+02  7.552333e-04
9.325510e+02  7.179179e-04
9.464060e+02  6.838572e-04
9.604670e+02  6.516895e-04
9.747370e+02  6.210410e-04
9.892190e+02  5.918329e-04
1.003920e+03  5.639944e-04
1.018830e+03  5.374774e-04
1.033970e+03  5.118116e-04
1.049330e+03  4.858005e-04
1.064920e+03  4.611099e-04
1.080740e+03  4.376757e-04
1.096800e+03  4.166563e-04
1.113100e+03  3.973276e-04
1.129630e+03  3.789052e-04
1.146420e+03  3.613288e-04
1.163450e+03  3.439949e-04
1.180740e+03  3.273829e-04
1.198280e+03  3.115777e-04
1.216080e+03  2.957188e-04
1.234150e+03  2.799463e-04
1.252490e+03  2.650144e-04
1.271100e+03  2.507423e-04
1.289980e+03  2.367115e-04
1.309150e+03  2.234628e-04
1.328600e+03  2.111749e-04
1.348340e+03  2.009153e-04
1.368370e+03  1.911541e-04
1.388700e+03  1.818656e-04
1.409330e+03  1.730272e-04
1.430270e+03  1.646182e-04
1.451520e+03  1.566224e-04
1.473090e+03  1.490061e-04
1.494970e+03  1.417573e-04
1.517180e+03  1.348323e-04
1.539730e+03  1.282421e-04
1.562600e+03  1.219743e-04
1.585820e+03  1.160113e-04
1.609380e+03  1.103405e-04
1.633290e+03  1.049514e-04
1.657560e+03  9.982298e-05
1.682180e+03  9.494381e-05
1.707180e+03  9.030491e-05
1.732540e+03  8.589197e-05
1.758280e+03  8.167102e-05
1.784410e+03  7.765234e-05
1.810920e+03  7.382731e-05
1.837820e+03  7.019052e-05
1.865130e+03  6.673211e-05
1.892840e+03  6.344556e-05
1.920960e+03  6.032087e-05
1.949500e+03  5.734990e-05
1.978470e+03  5.452464e-05
2.000000e+03  5.254040e-05
2.026000e+03  5.028658e-05
2.052000e+03  4.812690e-05
2.079000e+03  4.600717e-05
2.106000e+03  4.400407e-05
2.134000e+03  4.204202e-05
2.161000e+03  4.025405e-05
2.190000e+03  3.843828e-05
2.218000e+03  3.678034e-05
2.222200e+03  3.653349e-05
2.222400e+03  1.378668e-04
2.247000e+03  1.323654e-04
2.277000e+03  1.259929e-04
2.306000e+03  1.201883e-04
2.306600e+03  1.200673e-04
2.306800e+03  1.653156e-04
2.337000e+03  1.582306e-04
2.367000e+03  1.515612e-04
2.398000e+03  1.450496e-04
2.429000e+03  1.388936e-04
2.461000e+03  1.328913e-04
2.493000e+03  1.272177e-04
2.526000e+03  1.216940e-04
2.531500e+03  1.207993e-04
2.531700e+03  1.379519e-04
2.559000e+03  1.330197e-04
2.592000e+03  1.273528e-04
2.626000e+03  1.218200e-04
2.660000e+03  1.165775e-04
2.695000e+03  1.114698e-04
2.730000e+03  1.066341e-04
2.766000e+03  1.019252e-04
2.802000e+03  9.747059e-05
2.839000e+03  9.314136e-05
2.876000e+03  8.904851e-05
2.914000e+03  8.507032e-05
2.952000e+03  8.131171e-05
2.990000e+03  7.776056e-05
3.029000e+03  7.430799e-05
3.069000e+03  7.096665e-05
3.109000e+03  6.780591e-05
3.150000e+03  6.474969e-05
3.191000e+03  6.186034e-05
3.232000e+03  5.912817e-05
3.275000e+03  5.642597e-05
3.317000e+03  5.392996e-05
3.361000e+03  5.146221e-05
3.405000e+03  4.913734e-05
3.449000e+03  4.693882e-05
3.494000e+03  4.481229e-05
3.540000e+03  4.276770e-05
3.586000e+03  4.083289e-05
3.633000e+03  3.897175e-05
3.680000e+03  3.721401e-05
3.729000e+03  3.548498e-05
3.777000e+03  3.388801e-05
3.827000e+03  3.231893e-05
3.877000e+03  3.083970e-05
3.927000e+03  2.944426e-05
3.979000e+03  2.807592e-05
4.031000e+03  2.678625e-05
4.083000e+03  2.556970e-05
4.137000e+03  2.437907e-05
4.191000e+03  2.325715e-05
4.245000e+03  2.219889e-05
4.301000e+03  2.116455e-05
4.357000e+03  2.019007e-05
4.414000e+03  1.925523e-05
4.472000e+03  1.835902e-05
4.530000e+03  1.751473e-05
4.589000e+03  1.670520e-05
4.649000e+03  1.592967e-05
4.710000e+03  1.518678e-05
4.771000e+03  1.448707e-05
4.834000e+03  1.380626e-05
4.897000e+03  1.316527e-05
4.961000e+03  1.255199e-05
5.026000e+03  1.196551e-05
5.091000e+03  1.141295e-05
5.158000e+03  1.087655e-05
5.225000e+03  1.037137e-05
5.294000e+03  9.881801e-06
5.363000e+03  9.420876e-06
5.433000e+03  8.980643e-06
5.504000e+03  8.560088e-06
5.576000e+03  8.158697e-06
5.649000e+03  7.775711e-06
5.722000e+03  7.414827e-06
5.797000e+03  7.065938e-06
5.873000e+03  6.733329e-06
5.950000e+03  6.416125e-06
6.027000e+03  6.117477e-06
6.106000e+03  5.829087e-06
6.186000e+03  5.554208e-06
6.267000e+03  5.292495e-06
6.349000e+03  5.042921e-06
6.432000e+03  4.805358e-06
6.516000e+03  4.579251e-06
6.601000e+03  4.363702e-06
6.687000e+03  4.158573e-06
6.774000e+03  3.963376e-06
6.863000e+03  3.775397e-06
6.952000e+03  3.598502e-06
7.043000e+03  3.428404e-06
7.135000e+03  3.266507e-06
7.229000e+03  3.111057e-06
7.323000e+03  2.964693e-06
7.419000e+03  2.824223e-06
7.516000e+03  2.690565e-06
7.614000e+03  2.563516e-06
7.713000e+03  2.442885e-06
7.814000e+03  2.327014e-06
7.916000e+03  2.217063e-06
8.019000e+03  2.112525e-06
8.124000e+03  2.012208e-06
8.230000e+03  1.917022e-06
8.338000e+03  1.825819e-06
8.447000e+03  1.739325e-06
8.557000e+03  1.657097e-06
8.669000e+03  1.578366e-06
8.782000e+03  1.503675e-06
8.897000e+03  1.432222e-06
9.013000e+03  1.364418e-06
9.131000e+03  1.299539e-06
9.250000e+03  1.238013e-06
9.371000e+03  1.179164e-06
9.494000e+03  1.122926e-06
9.618000e+03  1.069612e-06
9.743000e+03  1.019071e-06
9.887760e+03  9.642439e-07
1.003470e+04  9.123439e-07
1.018380e+04  8.632332e-07
1.033510e+04  8.167581e-07
1.048860e+04  7.727792e-07
1.064440e+04  7.311604e-07
1.080260e+04  6.917586e-07
1.096310e+04  6.544797e-07
1.112600e+04  6.192027e-07
1.129130e+04  5.858206e-07
1.145900e+04  5.542357e-07
1.162930e+04  5.243365e-07
1.180210e+04  4.960460e-07
1.197740e+04  4.692803e-07
1.215540e+04  4.439489e-07
1.233600e+04  4.199770e-07
1.251920e+04  3.973048e-07
1.270520e+04  3.758403e-07
1.289400e+04  3.555323e-07
1.308560e+04  3.363154e-07
1.328000e+04  3.181341e-07
1.347730e+04  3.009301e-07
1.367750e+04  2.846532e-07
1.388080e+04  2.692470e-07
1.408700e+04  2.546745e-07
1.429630e+04  2.408849e-07
1.450870e+04  2.278377e-07
1.472430e+04  2.154917e-07
1.494300e+04  2.038132e-07
1.516500e+04  1.927623e-07
1.539030e+04  1.823066e-07
1.561900e+04  1.724126e-07
1.585110e+04  1.630518e-07
1.608660e+04  1.541964e-07
1.632560e+04  1.458179e-07
1.656810e+04  1.378918e-07
1.681430e+04  1.303914e-07
1.706410e+04  1.232964e-07
1.731760e+04  1.165840e-07
1.757490e+04  1.102329e-07
1.783610e+04  1.042236e-07
1.799580e+04  1.007515e-07
1.799600e+04  6.874214e-07
1.810110e+04  6.733920e-07
1.837000e+04  6.391194e-07
1.864290e+04  6.065048e-07
1.891990e+04  5.754732e-07
1.920100e+04  5.459574e-07
1.948630e+04  5.178883e-07
1.977580e+04  4.912021e-07
2.006960e+04  4.658326e-07
2.036780e+04  4.417198e-07
2.067040e+04  4.188077e-07
2.097750e+04  3.970385e-07
2.128920e+04  3.763586e-07
2.160550e+04  3.567179e-07
2.192650e+04  3.380672e-07
2.225230e+04  3.203574e-07
2.258290e+04  3.035461e-07
2.291840e+04  2.875893e-07
2.325890e+04  2.724455e-07
2.360450e+04  2.580743e-07
2.395520e+04  2.444402e-07
2.431110e+04  2.315060e-07
2.467230e+04  2.192367e-07
2.503890e+04  2.075997e-07
2.541090e+04  1.965656e-07
2.578840e+04  1.861031e-07
2.617160e+04  1.761826e-07
2.656040e+04  1.667785e-07
2.695500e+04  1.578657e-07
2.735550e+04  1.494167e-07
2.776190e+04  1.414112e-07
2.817440e+04  1.338242e-07
2.859300e+04  1.266358e-07
2.901780e+04  1.198262e-07
2.944890e+04  1.133752e-07
2.988650e+04  1.072642e-07
3.000000e+04  1.057461e-07
-1  -1
